0.490941 	0.890557 	0.0060572 	3.00263 	0
0.561075 	0.890557 	0.0060572 	3.00263 	0
0.63121 	0.890557 	0.0060572 	3.00263 	0
0.701344 	0.890557 	0.0060572 	3.00263 	0
0.771478 	0.890557 	0.0060572 	3.00263 	0
0.841613 	0.890557 	0.0060572 	3.00263 	0
0.911747 	0.890557 	0.0060572 	3.00263 	0
0.981881 	0.890557 	0.0060572 	3.00263 	0
1.05202 	0.890557 	0.0060572 	3.00263 	0
1.12215 	0.890557 	0.0060572 	3.00263 	0
1.19228 	0.890557 	0.0060572 	3.00263 	0
1.26242 	0.864822 	0.0113436 	3.00788 	0
1.33255 	0.864822 	0.0113436 	3.00788 	0
1.40269 	0.864822 	0.0113436 	3.00788 	0
1.47282 	0.864822 	0.0113436 	3.00788 	0
1.54296 	0.864822 	0.0113436 	3.00788 	0
1.61309 	0.864822 	0.0113436 	3.00788 	0
1.68323 	0.864822 	0.0113436 	3.00788 	0
1.75336 	0.864822 	0.0113436 	3.00788 	0
1.82349 	0.81907 	0.0138961 	3.02471 	2.97648e-19
1.89363 	0.81907 	0.0138961 	3.02471 	2.97648e-19
1.96376 	0.81907 	0.0138961 	3.02471 	2.97648e-19
2.0339 	0.81907 	0.0138961 	3.02471 	2.97648e-19
2.10403 	0.81907 	0.0138961 	3.02471 	2.97648e-19
2.17417 	0.81907 	0.0138961 	3.02471 	2.97648e-19
2.2443 	0.81907 	0.0138961 	3.02471 	2.97648e-19
2.31443 	0.81907 	0.0138961 	3.02471 	2.97648e-19
2.38457 	0.81907 	0.0138961 	3.02471 	2.97648e-19
2.4547 	0.81907 	0.0138961 	3.02471 	2.97648e-19
2.52484 	0.81907 	0.0138961 	3.02471 	2.97648e-19
2.59497 	0.777292 	0.00733254 	3.03281 	-4.62967e-19
2.66511 	0.777292 	0.00733254 	3.03281 	-4.62967e-19
2.73524 	0.777292 	0.00733254 	3.03281 	-4.62967e-19
2.80538 	0.777292 	0.00733254 	3.03281 	-4.62967e-19
2.87551 	0.777292 	0.00733254 	3.03281 	-4.62967e-19
2.94564 	0.777292 	0.00733254 	3.03281 	-4.62967e-19
3.01578 	0.777292 	0.00733254 	3.03281 	-4.62967e-19
3.08591 	0.777292 	0.00733254 	3.03281 	-4.62967e-19
3.15605 	0.777292 	0.00733254 	3.03281 	-4.62967e-19
3.22618 	0.777292 	0.00733254 	3.03281 	-4.62967e-19
3.29632 	0.741614 	0.0184156 	3.04445 	4.87128e-19
3.36645 	0.741614 	0.0184156 	3.04445 	4.87128e-19
3.43659 	0.741614 	0.0184156 	3.04445 	4.87128e-19
3.50672 	0.741614 	0.0184156 	3.04445 	4.87128e-19
3.57685 	0.741614 	0.0184156 	3.04445 	4.87128e-19
3.64699 	0.741614 	0.0184156 	3.04445 	4.87128e-19
3.71712 	0.741614 	0.0184156 	3.04445 	4.87128e-19
3.78726 	0.741614 	0.0184156 	3.04445 	4.87128e-19
3.85739 	0.741614 	0.0184156 	3.04445 	4.87128e-19
3.92753 	0.741614 	0.0184156 	3.04445 	4.87128e-19
3.99766 	0.741614 	0.0184156 	3.04445 	4.87128e-19
4.06779 	0.726108 	0.0074772 	3.04649 	-1.31672e-20
4.13793 	0.726108 	0.0074772 	3.04649 	-1.31672e-20
4.20806 	0.726108 	0.0074772 	3.04649 	-1.31672e-20
4.2782 	0.726108 	0.0074772 	3.04649 	-1.31672e-20
4.34833 	0.726108 	0.0074772 	3.04649 	-1.31672e-20
4.41847 	0.726108 	0.0074772 	3.04649 	-1.31672e-20
4.4886 	0.695535 	0.0187326 	3.05869 	0
4.55874 	0.695535 	0.0187326 	3.05869 	0
4.62887 	0.695535 	0.0187326 	3.05869 	0
4.699 	0.695535 	0.0187326 	3.05869 	0
4.76914 	0.695535 	0.0187326 	3.05869 	0
4.83927 	0.695535 	0.0187326 	3.05869 	0
4.90941 	0.695535 	0.0187326 	3.05869 	0
4.97954 	0.695535 	0.0187326 	3.05869 	0
5.04968 	0.695535 	0.0187326 	3.05869 	0
5.11981 	0.695535 	0.0187326 	3.05869 	0
5.18994 	0.671792 	0.00543672 	3.06499 	-6.28556e-21
5.26008 	0.671792 	0.00543672 	3.06499 	-6.28556e-21
5.33021 	0.671792 	0.00543672 	3.06499 	-6.28556e-21
5.40035 	0.671792 	0.00543672 	3.06499 	-6.28556e-21
5.47048 	0.671792 	0.00543672 	3.06499 	-6.28556e-21
5.54062 	0.671792 	0.00543672 	3.06499 	-6.28556e-21
5.61075 	0.671792 	0.00543672 	3.06499 	-6.28556e-21
5.68089 	0.650931 	0.0131095 	3.07154 	0
5.75102 	0.650931 	0.0131095 	3.07154 	0
5.82115 	0.650931 	0.0131095 	3.07154 	0
5.89129 	0.650931 	0.0131095 	3.07154 	0
5.96142 	0.650931 	0.0131095 	3.07154 	0
6.03156 	0.650931 	0.0131095 	3.07154 	0
6.10169 	0.650931 	0.0131095 	3.07154 	0
6.17183 	0.650931 	0.0131095 	3.07154 	0
6.24196 	0.650931 	0.0131095 	3.07154 	0
6.3121 	0.618042 	0.00922907 	3.07807 	0
6.38223 	0.618042 	0.00922907 	3.07807 	0
6.45236 	0.618042 	0.00922907 	3.07807 	0
6.5225 	0.618042 	0.00922907 	3.07807 	0
6.59263 	0.618042 	0.00922907 	3.07807 	0
6.66277 	0.618042 	0.00922907 	3.07807 	0
6.7329 	0.618042 	0.00922907 	3.07807 	0
6.80304 	0.618042 	0.00922907 	3.07807 	0
6.87317 	0.597431 	0.0112457 	3.08876 	2.0292e-19
6.9433 	0.597431 	0.0112457 	3.08876 	2.0292e-19
7.01344 	0.597431 	0.0112457 	3.08876 	2.0292e-19
7.08357 	0.597431 	0.0112457 	3.08876 	2.0292e-19
7.15371 	0.597431 	0.0112457 	3.08876 	2.0292e-19
7.22384 	0.597431 	0.0112457 	3.08876 	2.0292e-19
7.29398 	0.597431 	0.0112457 	3.08876 	2.0292e-19
7.36411 	0.597431 	0.0112457 	3.08876 	2.0292e-19
7.43425 	0.597431 	0.0112457 	3.08876 	2.0292e-19
7.50438 	0.562206 	0.0197505 	3.0952 	-1.49644e-18
7.57451 	0.562206 	0.0197505 	3.0952 	-1.49644e-18
7.64465 	0.562206 	0.0197505 	3.0952 	-1.49644e-18
7.71478 	0.562206 	0.0197505 	3.0952 	-1.49644e-18
7.78492 	0.562206 	0.0197505 	3.0952 	-1.49644e-18
7.85505 	0.562206 	0.0197505 	3.0952 	-1.49644e-18
7.92519 	0.562206 	0.0197505 	3.0952 	-1.49644e-18
7.99532 	0.562206 	0.0197505 	3.0952 	-1.49644e-18
8.06545 	0.551865 	0.019529 	3.09666 	1.5276e-18
8.13559 	0.551865 	0.019529 	3.09666 	1.5276e-18
8.20572 	0.551865 	0.019529 	3.09666 	1.5276e-18
8.27586 	0.551865 	0.019529 	3.09666 	1.5276e-18
8.34599 	0.551865 	0.019529 	3.09666 	1.5276e-18
8.41613 	0.551865 	0.019529 	3.09666 	1.5276e-18
8.48626 	0.551865 	0.019529 	3.09666 	1.5276e-18
8.5564 	0.551865 	0.019529 	3.09666 	1.5276e-18
8.62653 	0.551865 	0.019529 	3.09666 	1.5276e-18
8.69666 	0.52098 	0.0252536 	3.10658 	1.2313e-18
8.7668 	0.52098 	0.0252536 	3.10658 	1.2313e-18
8.83693 	0.52098 	0.0252536 	3.10658 	1.2313e-18
8.90707 	0.52098 	0.0252536 	3.10658 	1.2313e-18
8.9772 	0.52098 	0.0252536 	3.10658 	1.2313e-18
9.04734 	0.52098 	0.0252536 	3.10658 	1.2313e-18
9.11747 	0.52098 	0.0252536 	3.10658 	1.2313e-18
9.18761 	0.52098 	0.0252536 	3.10658 	1.2313e-18
9.25774 	0.503627 	0.0197067 	3.09907 	-1.11132e-18
9.32787 	0.503627 	0.0197067 	3.09907 	-1.11132e-18
9.39801 	0.503627 	0.0197067 	3.09907 	-1.11132e-18
9.46814 	0.503627 	0.0197067 	3.09907 	-1.11132e-18
9.53828 	0.503627 	0.0197067 	3.09907 	-1.11132e-18
9.60841 	0.503627 	0.0197067 	3.09907 	-1.11132e-18
9.67855 	0.503627 	0.0197067 	3.09907 	-1.11132e-18
9.74868 	0.503627 	0.0197067 	3.09907 	-1.11132e-18
9.81881 	0.468075 	0.0313019 	3.12088 	-3.57139e-19
9.88895 	0.468075 	0.0313019 	3.12088 	-3.57139e-19
9.95908 	0.468075 	0.0313019 	3.12088 	-3.57139e-19
10.0292 	0.468075 	0.0313019 	3.12088 	-3.57139e-19
10.0994 	0.468075 	0.0313019 	3.12088 	-3.57139e-19
10.1695 	0.468075 	0.0313019 	3.12088 	-3.57139e-19
10.2396 	0.468075 	0.0313019 	3.12088 	-3.57139e-19
10.3098 	0.468075 	0.0313019 	3.12088 	-3.57139e-19
10.3799 	0.468075 	0.0313019 	3.12088 	-3.57139e-19
10.45 	0.468075 	0.0313019 	3.12088 	-3.57139e-19
10.5202 	0.468075 	0.0313019 	3.12088 	-3.57139e-19
10.5903 	0.468075 	0.0313019 	3.12088 	-3.57139e-19
10.6604 	0.46956 	0.0322424 	3.11013 	5.25745e-19
10.7306 	0.426997 	0.0534293 	3.13843 	0
10.8007 	0.426997 	0.0534293 	3.13843 	0
10.8708 	0.426997 	0.0534293 	3.13843 	0
10.941 	0.426997 	0.0534293 	3.13843 	0
11.0111 	0.426997 	0.0534293 	3.13843 	0
11.0812 	0.426997 	0.0534293 	3.13843 	0
11.1514 	0.426997 	0.0534293 	3.13843 	0
11.2215 	0.426997 	0.0534293 	3.13843 	0
11.2916 	0.426997 	0.0534293 	3.13843 	0
11.3618 	0.426997 	0.0534293 	3.13843 	0
11.4319 	0.426997 	0.0534293 	3.13843 	0
11.502 	0.426997 	0.0534293 	3.13843 	0
11.5722 	0.426997 	0.0534293 	3.13843 	0
11.6423 	0.426997 	0.0534293 	3.13843 	0
11.7124 	0.442065 	0.0645001 	3.10117 	0
11.7826 	0.344831 	0.113366 	3.17627 	5.25557e-19
11.8527 	0.344831 	0.113366 	3.17627 	5.25557e-19
11.9228 	0.344831 	0.113366 	3.17627 	5.25557e-19
11.993 	0.344831 	0.113366 	3.17627 	5.25557e-19
12.0631 	0.344831 	0.113366 	3.17627 	5.25557e-19
12.1332 	0.344831 	0.113366 	3.17627 	5.25557e-19
12.2034 	0.198729 	0.103685 	3.22187 	-1.9856e-19
12.2735 	0.198729 	0.103685 	3.22187 	-1.9856e-19
12.3437 	0.198729 	0.103685 	3.22187 	-1.9856e-19
12.4138 	0.198729 	0.103685 	3.22187 	-1.9856e-19
12.4839 	0.198729 	0.103685 	3.22187 	-1.9856e-19
12.5541 	0.198729 	0.103685 	3.22187 	-1.9856e-19
12.6242 	0.198729 	0.103685 	3.22187 	-1.9856e-19
12.6943 	0.198729 	0.103685 	3.22187 	-1.9856e-19
12.7645 	0.198729 	0.103685 	3.22187 	-1.9856e-19
12.8346 	0.0373738 	0.0667004 	3.22062 	8.14196e-21
12.9047 	-0.0174925 	0.165857 	3.28794 	7.24076e-20
12.9749 	-0.0174925 	0.165857 	3.28794 	7.24076e-20
13.045 	-0.0174925 	0.165857 	3.28794 	7.24076e-20
13.1151 	-0.0174925 	0.165857 	3.28794 	7.24076e-20
13.1853 	-0.0174925 	0.165857 	3.28794 	7.24076e-20
13.2554 	-0.0174925 	0.165857 	3.28794 	7.24076e-20
13.3255 	-0.0174925 	0.165857 	3.28794 	7.24076e-20
13.3957 	0.25526 	0.216354 	3.23949 	6.59877e-19
13.4658 	0.25526 	0.216354 	3.23949 	6.59877e-19
13.5359 	0.25526 	0.216354 	3.23949 	6.59877e-19
13.6061 	0.25526 	0.216354 	3.23949 	6.59877e-19
13.6762 	0.25526 	0.216354 	3.23949 	6.59877e-19
13.7463 	0.25526 	0.216354 	3.23949 	6.59877e-19
13.8165 	0.310876 	0.211762 	2.88801 	-6.45004e-19
13.8866 	0.216144 	0.280735 	3.07555 	-3.84612e-19
13.9567 	0.216144 	0.280735 	3.07555 	-3.84612e-19
14.0269 	-0.399542 	0.301662 	3.23545 	5.72628e-19
14.097 	-0.399542 	0.301662 	3.23545 	5.72628e-19
14.1671 	-0.399542 	0.301662 	3.23545 	5.72628e-19
14.2373 	-0.399542 	0.301662 	3.23545 	5.72628e-19
14.3074 	-0.399542 	0.301662 	3.23545 	5.72628e-19
14.3776 	-0.399542 	0.301662 	3.23545 	5.72628e-19
14.4477 	-0.399542 	0.301662 	3.23545 	5.72628e-19
14.5178 	-0.399542 	0.301662 	3.23545 	5.72628e-19
14.588 	-0.399542 	0.301662 	3.23545 	5.72628e-19
14.6581 	-0.399542 	0.301662 	3.23545 	5.72628e-19
14.7282 	-0.399542 	0.301662 	3.23545 	5.72628e-19
14.7984 	-0.399542 	0.301662 	3.23545 	5.72628e-19
14.8685 	-0.399542 	0.301662 	3.23545 	5.72628e-19
14.9386 	-0.682103 	0.368027 	3.36734 	0
15.0088 	-0.682103 	0.368027 	3.36734 	0
15.0789 	-0.682103 	0.368027 	3.36734 	0
15.149 	-0.682103 	0.368027 	3.36734 	0
15.2192 	-0.682103 	0.368027 	3.36734 	0
15.2893 	-0.976277 	0.236217 	3.49884 	-6.26946e-19
15.3594 	-0.976277 	0.236217 	3.49884 	-6.26946e-19
15.4296 	-0.976277 	0.236217 	3.49884 	-6.26946e-19
15.4997 	-0.976277 	0.236217 	3.49884 	-6.26946e-19
15.5698 	-0.976277 	0.236217 	3.49884 	-6.26946e-19
15.64 	-0.976277 	0.236217 	3.49884 	-6.26946e-19
15.7101 	-1.3692 	0.317191 	3.57374 	0
15.7802 	-1.3692 	0.317191 	3.57374 	0
15.8504 	-1.3284 	0.382831 	3.54383 	1.69651e-18
15.9205 	-1.3284 	0.382831 	3.54383 	1.69651e-18
15.9906 	-1.3284 	0.382831 	3.54383 	1.69651e-18
16.0608 	-1.3284 	0.382831 	3.54383 	1.69651e-18
16.1309 	-1.3284 	0.382831 	3.54383 	1.69651e-18
16.201 	-1.3284 	0.382831 	3.54383 	1.69651e-18
16.2712 	-1.3284 	0.382831 	3.54383 	1.69651e-18
16.3413 	-1.3284 	0.382831 	3.54383 	1.69651e-18
16.4114 	-1.3284 	0.382831 	3.54383 	1.69651e-18
16.4816 	-1.3284 	0.382831 	3.54383 	1.69651e-18
16.5517 	-1.3284 	0.382831 	3.54383 	1.69651e-18
16.6219 	-1.3284 	0.382831 	3.54383 	1.69651e-18
16.692 	-1.3284 	0.382831 	3.54383 	1.69651e-18
16.7621 	-1.3284 	0.382831 	3.54383 	1.69651e-18
16.8323 	-0.994387 	0.462747 	3.27894 	7.81276e-19
16.9024 	-0.994387 	0.462747 	3.27894 	7.81276e-19
16.9725 	-0.994387 	0.462747 	3.27894 	7.81276e-19
17.0427 	-0.994387 	0.462747 	3.27894 	7.81276e-19
17.1128 	-0.994387 	0.462747 	3.27894 	7.81276e-19
17.1829 	-0.994387 	0.462747 	3.27894 	7.81276e-19
17.2531 	-0.994387 	0.462747 	3.27894 	7.81276e-19
17.3232 	-0.994387 	0.462747 	3.27894 	7.81276e-19
17.3933 	-0.994387 	0.462747 	3.27894 	7.81276e-19
17.4635 	-0.994387 	0.462747 	3.27894 	7.81276e-19
17.5336 	-0.835415 	0.45224 	3.21006 	-7.49604e-19
17.6037 	-0.835415 	0.45224 	3.21006 	-7.49604e-19
17.6739 	-0.835415 	0.45224 	3.21006 	-7.49604e-19
17.744 	-0.816198 	0.492331 	3.13398 	6.01019e-19
17.8141 	-0.816198 	0.492331 	3.13398 	6.01019e-19
17.8843 	-0.816198 	0.492331 	3.13398 	6.01019e-19
17.9544 	-0.816198 	0.492331 	3.13398 	6.01019e-19
18.0245 	-0.816198 	0.492331 	3.13398 	6.01019e-19
18.0947 	-0.816198 	0.492331 	3.13398 	6.01019e-19
18.1648 	-0.816198 	0.492331 	3.13398 	6.01019e-19
18.2349 	-0.816198 	0.492331 	3.13398 	6.01019e-19
18.3051 	-0.816198 	0.492331 	3.13398 	6.01019e-19
18.3752 	-0.464854 	0.418285 	2.96656 	-4.70666e-19
18.4453 	-0.464854 	0.418285 	2.96656 	-4.70666e-19
18.5155 	-0.464854 	0.418285 	2.96656 	-4.70666e-19
18.5856 	-0.464854 	0.418285 	2.96656 	-4.70666e-19
18.6557 	-0.464854 	0.418285 	2.96656 	-4.70666e-19
18.7259 	-0.464854 	0.418285 	2.96656 	-4.70666e-19
18.796 	-0.464854 	0.418285 	2.96656 	-4.70666e-19
18.8662 	-0.264607 	0.435436 	2.74396 	2.22472e-19
18.9363 	-0.264607 	0.435436 	2.74396 	2.22472e-19
19.0064 	-0.264607 	0.435436 	2.74396 	2.22472e-19
19.0766 	-0.264607 	0.435436 	2.74396 	2.22472e-19
19.1467 	-0.264607 	0.435436 	2.74396 	2.22472e-19
19.2168 	-0.264607 	0.435436 	2.74396 	2.22472e-19
19.287 	-0.264607 	0.435436 	2.74396 	2.22472e-19
19.3571 	-0.264607 	0.435436 	2.74396 	2.22472e-19
19.4272 	-0.264607 	0.435436 	2.74396 	2.22472e-19
19.4974 	-0.264607 	0.435436 	2.74396 	2.22472e-19
19.5675 	-0.264607 	0.435436 	2.74396 	2.22472e-19
19.6376 	-0.264607 	0.435436 	2.74396 	2.22472e-19
19.7078 	-0.264607 	0.435436 	2.74396 	2.22472e-19
19.7779 	-0.023456 	0.350591 	2.64544 	-2.07934e-19
19.848 	-0.023456 	0.350591 	2.64544 	-2.07934e-19
19.9182 	-0.023456 	0.350591 	2.64544 	-2.07934e-19
19.9883 	-0.023456 	0.350591 	2.64544 	-2.07934e-19
20.0584 	-0.023456 	0.350591 	2.64544 	-2.07934e-19
20.1286 	-0.023456 	0.350591 	2.64544 	-2.07934e-19
20.1987 	-0.023456 	0.350591 	2.64544 	-2.07934e-19
20.2688 	0.157129 	0.398338 	2.29681 	1.26884e-19
20.339 	0.157129 	0.398338 	2.29681 	1.26884e-19
20.4091 	0.157129 	0.398338 	2.29681 	1.26884e-19
20.4792 	0.157129 	0.398338 	2.29681 	1.26884e-19
20.5494 	0.157129 	0.398338 	2.29681 	1.26884e-19
20.6195 	0.157129 	0.398338 	2.29681 	1.26884e-19
20.6896 	0.157129 	0.398338 	2.29681 	1.26884e-19
20.7598 	0.157129 	0.398338 	2.29681 	1.26884e-19
20.8299 	0.157129 	0.398338 	2.29681 	1.26884e-19
20.9 	0.157129 	0.398338 	2.29681 	1.26884e-19
20.9702 	0.157129 	0.398338 	2.29681 	1.26884e-19
21.0403 	0.157129 	0.398338 	2.29681 	1.26884e-19
21.1105 	0.157129 	0.398338 	2.29681 	1.26884e-19
21.1806 	0.157129 	0.398338 	2.29681 	1.26884e-19
21.2507 	0.157129 	0.398338 	2.29681 	1.26884e-19
21.3209 	0.157129 	0.398338 	2.29681 	1.26884e-19
21.391 	0.157129 	0.398338 	2.29681 	1.26884e-19
21.4611 	0.353543 	0.207579 	2.29285 	-4.55544e-19
21.5313 	0.353543 	0.207579 	2.29285 	-4.55544e-19
21.6014 	0.353543 	0.207579 	2.29285 	-4.55544e-19
21.6715 	0.483244 	0.352155 	2.10506 	-2.94011e-19
21.7417 	0.483244 	0.352155 	2.10506 	-2.94011e-19
21.8118 	0.483244 	0.352155 	2.10506 	-2.94011e-19
21.8819 	0.483244 	0.352155 	2.10506 	-2.94011e-19
21.9521 	0.483244 	0.352155 	2.10506 	-2.94011e-19
22.0222 	0.400996 	0.591888 	2.01624 	4.89208e-19
22.0923 	0.400996 	0.591888 	2.01624 	4.89208e-19
22.1625 	0.400996 	0.591888 	2.01624 	4.89208e-19
22.2326 	0.400996 	0.591888 	2.01624 	4.89208e-19
22.3027 	0.400996 	0.591888 	2.01624 	4.89208e-19
22.3729 	0.400996 	0.591888 	2.01624 	4.89208e-19
22.443 	0.400996 	0.591888 	2.01624 	4.89208e-19
22.5131 	0.400996 	0.591888 	2.01624 	4.89208e-19
22.5833 	0.400996 	0.591888 	2.01624 	4.89208e-19
22.6534 	0.400996 	0.591888 	2.01624 	4.89208e-19
22.7235 	0.400996 	0.591888 	2.01624 	4.89208e-19
22.7937 	0.400996 	0.591888 	2.01624 	4.89208e-19
22.8638 	0.400996 	0.591888 	2.01624 	4.89208e-19
22.9339 	0.400996 	0.591888 	2.01624 	4.89208e-19
23.0041 	0.400996 	0.591888 	2.01624 	4.89208e-19
23.0742 	0.400996 	0.591888 	2.01624 	4.89208e-19
23.1443 	0.400996 	0.591888 	2.01624 	4.89208e-19
23.2145 	0.400996 	0.591888 	2.01624 	4.89208e-19
23.2846 	0.400996 	0.591888 	2.01624 	4.89208e-19
23.3548 	0.400996 	0.591888 	2.01624 	4.89208e-19
23.4249 	0.400996 	0.591888 	2.01624 	4.89208e-19
23.495 	0.414585 	0.642556 	1.89284 	-1.46789e-19
23.5652 	0.414585 	0.642556 	1.89284 	-1.46789e-19
23.6353 	0.414585 	0.642556 	1.89284 	-1.46789e-19
23.7054 	0.414585 	0.642556 	1.89284 	-1.46789e-19
23.7756 	0.414585 	0.642556 	1.89284 	-1.46789e-19
23.8457 	0.414585 	0.642556 	1.89284 	-1.46789e-19
23.9158 	0.414585 	0.642556 	1.89284 	-1.46789e-19
23.986 	0.47067 	0.621693 	1.76475 	6.8501e-21
24.0561 	0.47067 	0.621693 	1.76475 	6.8501e-21
24.1262 	0.47067 	0.621693 	1.76475 	6.8501e-21
24.1964 	0.47067 	0.621693 	1.76475 	6.8501e-21
24.2665 	0.47067 	0.621693 	1.76475 	6.8501e-21
24.3366 	0.47067 	0.621693 	1.76475 	6.8501e-21
24.4068 	0.47067 	0.621693 	1.76475 	6.8501e-21
24.4769 	0.47067 	0.621693 	1.76475 	6.8501e-21
24.547 	0.47067 	0.621693 	1.76475 	6.8501e-21
24.6172 	0.47067 	0.621693 	1.76475 	6.8501e-21
24.6873 	0.47067 	0.621693 	1.76475 	6.8501e-21
24.7574 	0.47067 	0.621693 	1.76475 	6.8501e-21
24.8276 	0.47067 	0.621693 	1.76475 	6.8501e-21
24.8977 	0.47067 	0.621693 	1.76475 	6.8501e-21
24.9678 	0.47067 	0.621693 	1.76475 	6.8501e-21
25.038 	0.47067 	0.621693 	1.76475 	6.8501e-21
25.1081 	0.47067 	0.621693 	1.76475 	6.8501e-21
25.1782 	0.372401 	0.539989 	1.7096 	0
25.2484 	0.372401 	0.539989 	1.7096 	0
25.3185 	0.372401 	0.539989 	1.7096 	0
25.3886 	0.372401 	0.539989 	1.7096 	0
25.4588 	0.372401 	0.539989 	1.7096 	0
25.5289 	0.372401 	0.539989 	1.7096 	0
25.5991 	0.372401 	0.539989 	1.7096 	0
25.6692 	0.372401 	0.539989 	1.7096 	0
25.7393 	0.372401 	0.539989 	1.7096 	0
25.8095 	0.372401 	0.539989 	1.7096 	0
25.8796 	0.372401 	0.539989 	1.7096 	0
25.9497 	0.372401 	0.539989 	1.7096 	0
26.0199 	0.372401 	0.539989 	1.7096 	0
26.09 	0.372401 	0.539989 	1.7096 	0
26.1601 	0.372401 	0.539989 	1.7096 	0
26.2303 	0.317072 	0.502158 	1.65925 	-6.54129e-19
26.3004 	0.317072 	0.502158 	1.65925 	-6.54129e-19
26.3705 	0.317072 	0.502158 	1.65925 	-6.54129e-19
26.4407 	0.317072 	0.502158 	1.65925 	-6.54129e-19
26.5108 	0.317072 	0.502158 	1.65925 	-6.54129e-19
26.5809 	0.317072 	0.502158 	1.65925 	-6.54129e-19
26.6511 	0.317072 	0.502158 	1.65925 	-6.54129e-19
26.7212 	0.317072 	0.502158 	1.65925 	-6.54129e-19
26.7913 	0.317072 	0.502158 	1.65925 	-6.54129e-19
26.8615 	0.317072 	0.502158 	1.65925 	-6.54129e-19
26.9316 	0.317072 	0.502158 	1.65925 	-6.54129e-19
27.0017 	0.317072 	0.502158 	1.65925 	-6.54129e-19
27.0719 	0.317072 	0.502158 	1.65925 	-6.54129e-19
27.142 	0.317072 	0.502158 	1.65925 	-6.54129e-19
27.2121 	0.317072 	0.502158 	1.65925 	-6.54129e-19
27.2823 	0.317072 	0.502158 	1.65925 	-6.54129e-19
27.3524 	0.327457 	0.471237 	1.64343 	6.97912e-19
27.4225 	0.327457 	0.471237 	1.64343 	6.97912e-19
27.4927 	0.327457 	0.471237 	1.64343 	6.97912e-19
27.5628 	0.327457 	0.471237 	1.64343 	6.97912e-19
27.6329 	0.327457 	0.471237 	1.64343 	6.97912e-19
27.7031 	0.327457 	0.471237 	1.64343 	6.97912e-19
27.7732 	0.327457 	0.471237 	1.64343 	6.97912e-19
27.8434 	0.327457 	0.471237 	1.64343 	6.97912e-19
27.9135 	0.327457 	0.471237 	1.64343 	6.97912e-19
27.9836 	0.327457 	0.471237 	1.64343 	6.97912e-19
28.0538 	0.327457 	0.471237 	1.64343 	6.97912e-19
28.1239 	0.327457 	0.471237 	1.64343 	6.97912e-19
28.194 	0.327457 	0.471237 	1.64343 	6.97912e-19
28.2642 	0.327457 	0.471237 	1.64343 	6.97912e-19
28.3343 	0.327457 	0.471237 	1.64343 	6.97912e-19
28.4044 	0.327457 	0.471237 	1.64343 	6.97912e-19
28.4746 	0.327457 	0.471237 	1.64343 	6.97912e-19
28.5447 	0.327457 	0.471237 	1.64343 	6.97912e-19
28.6148 	0.327457 	0.471237 	1.64343 	6.97912e-19
28.685 	0.327457 	0.471237 	1.64343 	6.97912e-19
28.7551 	0.327457 	0.471237 	1.64343 	6.97912e-19
28.8252 	0.327457 	0.471237 	1.64343 	6.97912e-19
28.8954 	0.327457 	0.471237 	1.64343 	6.97912e-19
28.9655 	0.250967 	0.461092 	1.68099 	2.81629e-20
29.0356 	0.250967 	0.461092 	1.68099 	2.81629e-20
29.1058 	0.250967 	0.461092 	1.68099 	2.81629e-20
29.1759 	0.250967 	0.461092 	1.68099 	2.81629e-20
29.246 	0.250967 	0.461092 	1.68099 	2.81629e-20
29.3162 	0.250967 	0.461092 	1.68099 	2.81629e-20
29.3863 	0.250967 	0.461092 	1.68099 	2.81629e-20
29.4564 	0.250967 	0.461092 	1.68099 	2.81629e-20
29.5266 	0.250967 	0.461092 	1.68099 	2.81629e-20
29.5967 	0.250967 	0.461092 	1.68099 	2.81629e-20
29.6668 	0.250967 	0.461092 	1.68099 	2.81629e-20
29.737 	0.250967 	0.461092 	1.68099 	2.81629e-20
29.8071 	0.250967 	0.461092 	1.68099 	2.81629e-20
29.8773 	0.250967 	0.461092 	1.68099 	2.81629e-20
29.9474 	0.250967 	0.461092 	1.68099 	2.81629e-20
30.0175 	0.250967 	0.461092 	1.68099 	2.81629e-20
30.0877 	0.250967 	0.461092 	1.68099 	2.81629e-20
30.1578 	0.250967 	0.461092 	1.68099 	2.81629e-20
30.2279 	0.250967 	0.461092 	1.68099 	2.81629e-20
30.2981 	0.250967 	0.461092 	1.68099 	2.81629e-20
30.3682 	0.250967 	0.461092 	1.68099 	2.81629e-20
30.4383 	0.250967 	0.461092 	1.68099 	2.81629e-20
30.5085 	0.250967 	0.461092 	1.68099 	2.81629e-20
30.5786 	0.250967 	0.461092 	1.68099 	2.81629e-20
30.6487 	0.250967 	0.461092 	1.68099 	2.81629e-20
30.7189 	0.250967 	0.461092 	1.68099 	2.81629e-20
30.789 	0.166235 	0.331846 	1.7515 	-2.64806e-19
30.8591 	0.166235 	0.331846 	1.7515 	-2.64806e-19
30.9293 	0.166235 	0.331846 	1.7515 	-2.64806e-19
30.9994 	0.166235 	0.331846 	1.7515 	-2.64806e-19
31.0695 	0.166235 	0.331846 	1.7515 	-2.64806e-19
31.1397 	0.166235 	0.331846 	1.7515 	-2.64806e-19
31.2098 	0.166235 	0.331846 	1.7515 	-2.64806e-19
31.2799 	0.166235 	0.331846 	1.7515 	-2.64806e-19
31.3501 	0.166235 	0.331846 	1.7515 	-2.64806e-19
31.4202 	0.166235 	0.331846 	1.7515 	-2.64806e-19
31.4903 	0.166235 	0.331846 	1.7515 	-2.64806e-19
31.5605 	0.166235 	0.331846 	1.7515 	-2.64806e-19
31.6306 	0.166235 	0.331846 	1.7515 	-2.64806e-19
31.7007 	0.166235 	0.331846 	1.7515 	-2.64806e-19
31.7709 	0.166235 	0.331846 	1.7515 	-2.64806e-19
31.841 	0.166235 	0.331846 	1.7515 	-2.64806e-19
31.9111 	0.166235 	0.331846 	1.7515 	-2.64806e-19
31.9813 	0.166235 	0.331846 	1.7515 	-2.64806e-19
32.0514 	0.166235 	0.331846 	1.7515 	-2.64806e-19
32.1216 	0.166235 	0.331846 	1.7515 	-2.64806e-19
32.1917 	0.166235 	0.331846 	1.7515 	-2.64806e-19
32.2618 	0.166235 	0.331846 	1.7515 	-2.64806e-19
32.332 	0.166235 	0.331846 	1.7515 	-2.64806e-19
32.4021 	0.166235 	0.331846 	1.7515 	-2.64806e-19
32.4722 	0.166235 	0.331846 	1.7515 	-2.64806e-19
32.5424 	0.166235 	0.331846 	1.7515 	-2.64806e-19
32.6125 	0.166235 	0.331846 	1.7515 	-2.64806e-19
32.6826 	0.166235 	0.331846 	1.7515 	-2.64806e-19
32.7528 	0.166235 	0.331846 	1.7515 	-2.64806e-19
32.8229 	0.166235 	0.331846 	1.7515 	-2.64806e-19
32.893 	0.166235 	0.331846 	1.7515 	-2.64806e-19
32.9632 	0.166235 	0.331846 	1.7515 	-2.64806e-19
33.0333 	0.166235 	0.331846 	1.7515 	-2.64806e-19
33.1034 	0.166235 	0.331846 	1.7515 	-2.64806e-19
33.1736 	0.166235 	0.331846 	1.7515 	-2.64806e-19
33.2437 	0.166235 	0.331846 	1.7515 	-2.64806e-19
33.3138 	0.166235 	0.331846 	1.7515 	-2.64806e-19
33.384 	0.166235 	0.331846 	1.7515 	-2.64806e-19
33.4541 	0.166235 	0.331846 	1.7515 	-2.64806e-19
33.5242 	0.166235 	0.331846 	1.7515 	-2.64806e-19
33.5944 	0.166235 	0.331846 	1.7515 	-2.64806e-19
33.6645 	0.166235 	0.331846 	1.7515 	-2.64806e-19
33.7346 	0.0470974 	0.303661 	1.79255 	1.1093e-19
33.8048 	0.0470974 	0.303661 	1.79255 	1.1093e-19
33.8749 	0.0470974 	0.303661 	1.79255 	1.1093e-19
33.945 	0.0470974 	0.303661 	1.79255 	1.1093e-19
34.0152 	0.0470974 	0.303661 	1.79255 	1.1093e-19
34.0853 	0.0470974 	0.303661 	1.79255 	1.1093e-19
34.1554 	0.0244633 	0.305281 	1.7902 	-8.49657e-20
34.2256 	0.0244633 	0.305281 	1.7902 	-8.49657e-20
34.2957 	0.0244633 	0.305281 	1.7902 	-8.49657e-20
34.3659 	0.0244633 	0.305281 	1.7902 	-8.49657e-20
34.436 	0.0244633 	0.305281 	1.7902 	-8.49657e-20
34.5061 	0.0244633 	0.305281 	1.7902 	-8.49657e-20
34.5763 	0.0244633 	0.305281 	1.7902 	-8.49657e-20
34.6464 	0.0244633 	0.305281 	1.7902 	-8.49657e-20
34.7165 	0.13505 	0.25725 	1.74884 	8.20753e-20
34.7867 	0.13505 	0.25725 	1.74884 	8.20753e-20
34.8568 	0.13505 	0.25725 	1.74884 	8.20753e-20
34.9269 	0.13505 	0.25725 	1.74884 	8.20753e-20
34.9971 	0.13505 	0.25725 	1.74884 	8.20753e-20
35.0672 	0.13505 	0.25725 	1.74884 	8.20753e-20
35.1373 	0.13505 	0.25725 	1.74884 	8.20753e-20
35.2075 	0.13505 	0.25725 	1.74884 	8.20753e-20
35.2776 	0.13505 	0.25725 	1.74884 	8.20753e-20
35.3477 	0.13505 	0.25725 	1.74884 	8.20753e-20
35.4179 	0.13505 	0.25725 	1.74884 	8.20753e-20
35.488 	0.13505 	0.25725 	1.74884 	8.20753e-20
35.5581 	0.13505 	0.25725 	1.74884 	8.20753e-20
35.6283 	0.13505 	0.25725 	1.74884 	8.20753e-20
35.6984 	0.13505 	0.25725 	1.74884 	8.20753e-20
35.7685 	0.13505 	0.25725 	1.74884 	8.20753e-20
35.8387 	0.13505 	0.25725 	1.74884 	8.20753e-20
35.9088 	0.13505 	0.25725 	1.74884 	8.20753e-20
35.9789 	0.13505 	0.25725 	1.74884 	8.20753e-20
36.0491 	0.154085 	0.250395 	1.7371 	0
36.1192 	0.154085 	0.250395 	1.7371 	0
36.1893 	0.154085 	0.250395 	1.7371 	0
36.2595 	0.154085 	0.250395 	1.7371 	0
36.3296 	0.154085 	0.250395 	1.7371 	0
36.3997 	0.154085 	0.250395 	1.7371 	0
36.4699 	0.154085 	0.250395 	1.7371 	0
36.54 	0.154085 	0.250395 	1.7371 	0
36.6102 	0.154085 	0.250395 	1.7371 	0
36.6803 	0.154085 	0.250395 	1.7371 	0
36.7504 	0.154085 	0.250395 	1.7371 	0
36.8206 	0.154085 	0.250395 	1.7371 	0
36.8907 	0.0687293 	0.194681 	1.77223 	8.37183e-20
36.9608 	0.0687293 	0.194681 	1.77223 	8.37183e-20
37.031 	0.0687293 	0.194681 	1.77223 	8.37183e-20
37.1011 	0.0687293 	0.194681 	1.77223 	8.37183e-20
37.1712 	0.0687293 	0.194681 	1.77223 	8.37183e-20
37.2414 	0.0687293 	0.194681 	1.77223 	8.37183e-20
37.3115 	0.0687293 	0.194681 	1.77223 	8.37183e-20
37.3816 	0.0687293 	0.194681 	1.77223 	8.37183e-20
37.4518 	0.0687293 	0.194681 	1.77223 	8.37183e-20
37.5219 	0.0687293 	0.194681 	1.77223 	8.37183e-20
37.592 	0.0687293 	0.194681 	1.77223 	8.37183e-20
37.6622 	0.0687293 	0.194681 	1.77223 	8.37183e-20
37.7323 	0.0687293 	0.194681 	1.77223 	8.37183e-20
37.8024 	0.0687293 	0.194681 	1.77223 	8.37183e-20
37.8726 	0.0687293 	0.194681 	1.77223 	8.37183e-20
37.9427 	0.0687293 	0.194681 	1.77223 	8.37183e-20
38.0128 	0.0687293 	0.194681 	1.77223 	8.37183e-20
38.083 	0.0687293 	0.194681 	1.77223 	8.37183e-20
38.1531 	0.0687293 	0.194681 	1.77223 	8.37183e-20
38.2232 	0.105032 	0.138689 	1.7561 	-9.71733e-20
38.2934 	0.105032 	0.138689 	1.7561 	-9.71733e-20
38.3635 	0.105032 	0.138689 	1.7561 	-9.71733e-20
38.4336 	0.105032 	0.138689 	1.7561 	-9.71733e-20
38.5038 	0.105032 	0.138689 	1.7561 	-9.71733e-20
38.5739 	0.105032 	0.138689 	1.7561 	-9.71733e-20
38.644 	0.105032 	0.138689 	1.7561 	-9.71733e-20
38.7142 	0.105032 	0.138689 	1.7561 	-9.71733e-20
38.7843 	0.105032 	0.138689 	1.7561 	-9.71733e-20
38.8545 	0.105032 	0.138689 	1.7561 	-9.71733e-20
38.9246 	0.105032 	0.138689 	1.7561 	-9.71733e-20
38.9947 	0.105032 	0.138689 	1.7561 	-9.71733e-20
39.0649 	0.105032 	0.138689 	1.7561 	-9.71733e-20
39.135 	0.105032 	0.138689 	1.7561 	-9.71733e-20
39.2051 	0.06394 	0.114364 	1.78599 	0
39.2753 	0.06394 	0.114364 	1.78599 	0
39.3454 	0.06394 	0.114364 	1.78599 	0
39.4155 	0.06394 	0.114364 	1.78599 	0
39.4857 	0.06394 	0.114364 	1.78599 	0
39.5558 	0.06394 	0.114364 	1.78599 	0
39.6259 	0.06394 	0.114364 	1.78599 	0
39.6961 	0.06394 	0.114364 	1.78599 	0
39.7662 	0.06394 	0.114364 	1.78599 	0
39.8363 	0.06394 	0.114364 	1.78599 	0
39.9065 	0.06394 	0.114364 	1.78599 	0
39.9766 	0.06394 	0.114364 	1.78599 	0
40.0467 	0.06394 	0.114364 	1.78599 	0
40.1169 	0.06394 	0.114364 	1.78599 	0
40.187 	0.06394 	0.114364 	1.78599 	0
40.2571 	0.06394 	0.114364 	1.78599 	0
40.3273 	0.06394 	0.114364 	1.78599 	0
40.3974 	0.06394 	0.114364 	1.78599 	0
40.4675 	0.06394 	0.114364 	1.78599 	0
40.5377 	0.06394 	0.114364 	1.78599 	0
40.6078 	0.06394 	0.114364 	1.78599 	0
40.6779 	0.0238639 	0.0786549 	1.77623 	-3.19056e-20
40.7481 	0.0238639 	0.0786549 	1.77623 	-3.19056e-20
40.8182 	0.0238639 	0.0786549 	1.77623 	-3.19056e-20
40.8883 	0.0238639 	0.0786549 	1.77623 	-3.19056e-20
40.9585 	0.0238639 	0.0786549 	1.77623 	-3.19056e-20
41.0286 	0.0238639 	0.0786549 	1.77623 	-3.19056e-20
41.0988 	0.0238639 	0.0786549 	1.77623 	-3.19056e-20
41.1689 	0.0238639 	0.0786549 	1.77623 	-3.19056e-20
41.239 	0.0745143 	0.0708892 	1.77255 	5.82466e-20
41.3092 	0.0745143 	0.0708892 	1.77255 	5.82466e-20
41.3793 	0.0745143 	0.0708892 	1.77255 	5.82466e-20
41.4494 	0.0745143 	0.0708892 	1.77255 	5.82466e-20
41.5196 	0.0745143 	0.0708892 	1.77255 	5.82466e-20
41.5897 	0.0745143 	0.0708892 	1.77255 	5.82466e-20
41.6598 	0.0745143 	0.0708892 	1.77255 	5.82466e-20
41.73 	0.0745143 	0.0708892 	1.77255 	5.82466e-20
41.8001 	0.0745143 	0.0708892 	1.77255 	5.82466e-20
41.8702 	0.0745143 	0.0708892 	1.77255 	5.82466e-20
41.9404 	0.0745143 	0.0708892 	1.77255 	5.82466e-20
42.0105 	0.0745143 	0.0708892 	1.77255 	5.82466e-20
42.0806 	0.0745143 	0.0708892 	1.77255 	5.82466e-20
42.1508 	0.0745143 	0.0708892 	1.77255 	5.82466e-20
42.2209 	0.0745143 	0.0708892 	1.77255 	5.82466e-20
42.291 	0.0745143 	0.0708892 	1.77255 	5.82466e-20
42.3612 	0.0745143 	0.0708892 	1.77255 	5.82466e-20
42.4313 	0.0745143 	0.0708892 	1.77255 	5.82466e-20
42.5014 	0.0745143 	0.0708892 	1.77255 	5.82466e-20
42.5716 	0.0745143 	0.0708892 	1.77255 	5.82466e-20
42.6417 	0.0745143 	0.0708892 	1.77255 	5.82466e-20
42.7118 	0.0749839 	0.0486053 	1.73607 	0
42.782 	0.0749839 	0.0486053 	1.73607 	0
42.8521 	0.0749839 	0.0486053 	1.73607 	0
42.9222 	0.0749839 	0.0486053 	1.73607 	0
42.9924 	0.0887535 	0.0424739 	1.75005 	0
43.0625 	0.0887535 	0.0424739 	1.75005 	0
43.1327 	0.0887535 	0.0424739 	1.75005 	0
43.2028 	0.0887535 	0.0424739 	1.75005 	0
43.2729 	0.0887535 	0.0424739 	1.75005 	0
43.3431 	0.0887535 	0.0424739 	1.75005 	0
43.4132 	0.0887535 	0.0424739 	1.75005 	0
43.4833 	0.0887535 	0.0424739 	1.75005 	0
43.5535 	0.0887535 	0.0424739 	1.75005 	0
43.6236 	0.0887535 	0.0424739 	1.75005 	0
43.6937 	0.0887535 	0.0424739 	1.75005 	0
43.7639 	0.0887535 	0.0424739 	1.75005 	0
43.834 	0.0887535 	0.0424739 	1.75005 	0
43.9041 	0.0887535 	0.0424739 	1.75005 	0
43.9743 	0.0887535 	0.0424739 	1.75005 	0
44.0444 	0.0887535 	0.0424739 	1.75005 	0
44.1145 	0.0887535 	0.0424739 	1.75005 	0
44.1847 	0.0887535 	0.0424739 	1.75005 	0
44.2548 	0.0887535 	0.0424739 	1.75005 	0
44.3249 	0.0887535 	0.0424739 	1.75005 	0
44.3951 	0.0887535 	0.0424739 	1.75005 	0
44.4652 	0.0887535 	0.0424739 	1.75005 	0
44.5353 	0.0887535 	0.0424739 	1.75005 	0
44.6055 	0.0887535 	0.0424739 	1.75005 	0
44.6756 	0.0887535 	0.0424739 	1.75005 	0
44.7457 	0.0887535 	0.0424739 	1.75005 	0
44.8159 	0.0737764 	0.015541 	1.75129 	0
44.886 	0.0737764 	0.015541 	1.75129 	0
44.9561 	0.0737764 	0.015541 	1.75129 	0
45.0263 	0.0737764 	0.015541 	1.75129 	0
45.0964 	0.0737764 	0.015541 	1.75129 	0
45.1665 	0.0737764 	0.015541 	1.75129 	0
45.2367 	0.0737764 	0.015541 	1.75129 	0
45.3068 	0.0737764 	0.015541 	1.75129 	0
45.377 	0.0737764 	0.015541 	1.75129 	0
45.4471 	0.0737764 	0.015541 	1.75129 	0
45.5172 	0.0737764 	0.015541 	1.75129 	0
45.5874 	0.0737764 	0.015541 	1.75129 	0
45.6575 	0.0737764 	0.015541 	1.75129 	0
45.7276 	0.0737764 	0.015541 	1.75129 	0
45.7978 	0.0737764 	0.015541 	1.75129 	0
45.8679 	0.0737764 	0.015541 	1.75129 	0
45.938 	0.0737764 	0.015541 	1.75129 	0
46.0082 	0.0737764 	0.015541 	1.75129 	0
46.0783 	0.0737764 	0.015541 	1.75129 	0
46.1484 	0.0737764 	0.015541 	1.75129 	0
46.2186 	0.0737764 	0.015541 	1.75129 	0
46.2887 	0.0737764 	0.015541 	1.75129 	0
46.3588 	0.0737764 	0.015541 	1.75129 	0
46.429 	0.0737764 	0.015541 	1.75129 	0
46.4991 	0.0737764 	0.015541 	1.75129 	0
46.5692 	0.0737764 	0.015541 	1.75129 	0
46.6394 	0.0814023 	0.0128406 	1.74661 	1.1541e-19
46.7095 	0.0814023 	0.0128406 	1.74661 	1.1541e-19
46.7796 	0.0814023 	0.0128406 	1.74661 	1.1541e-19
46.8498 	0.0814023 	0.0128406 	1.74661 	1.1541e-19
46.9199 	0.0814023 	0.0128406 	1.74661 	1.1541e-19
46.99 	0.0814023 	0.0128406 	1.74661 	1.1541e-19
47.0602 	0.0814023 	0.0128406 	1.74661 	1.1541e-19
47.1303 	0.0814023 	0.0128406 	1.74661 	1.1541e-19
47.2004 	0.0814023 	0.0128406 	1.74661 	1.1541e-19
47.2706 	0.0814023 	0.0128406 	1.74661 	1.1541e-19
47.3407 	0.0814023 	0.0128406 	1.74661 	1.1541e-19
47.4108 	0.0814023 	0.0128406 	1.74661 	1.1541e-19
47.481 	0.0717234 	0.0111479 	1.74688 	-1.18783e-19
47.5511 	0.0717234 	0.0111479 	1.74688 	-1.18783e-19
47.6213 	0.0717234 	0.0111479 	1.74688 	-1.18783e-19
47.6914 	0.0717234 	0.0111479 	1.74688 	-1.18783e-19
47.7615 	0.0717234 	0.0111479 	1.74688 	-1.18783e-19
47.8317 	0.0717234 	0.0111479 	1.74688 	-1.18783e-19
47.9018 	0.0717234 	0.0111479 	1.74688 	-1.18783e-19
47.9719 	0.0717234 	0.0111479 	1.74688 	-1.18783e-19
48.0421 	0.0717234 	0.0111479 	1.74688 	-1.18783e-19
48.1122 	0.0717234 	0.0111479 	1.74688 	-1.18783e-19
48.1823 	0.0717234 	0.0111479 	1.74688 	-1.18783e-19
48.2525 	0.0717234 	0.0111479 	1.74688 	-1.18783e-19
48.3226 	0.0717234 	0.0111479 	1.74688 	-1.18783e-19
48.3927 	0.0717234 	0.0111479 	1.74688 	-1.18783e-19
48.4629 	0.0717234 	0.0111479 	1.74688 	-1.18783e-19
48.533 	0.0717234 	0.0111479 	1.74688 	-1.18783e-19
48.6031 	0.0717234 	0.0111479 	1.74688 	-1.18783e-19
48.6733 	0.0717234 	0.0111479 	1.74688 	-1.18783e-19
48.7434 	0.0544398 	-0.00298906 	1.76945 	0
48.8135 	0.0544398 	-0.00298906 	1.76945 	0
48.8837 	0.0544398 	-0.00298906 	1.76945 	0
48.9538 	0.0544398 	-0.00298906 	1.76945 	0
49.0239 	0.0544398 	-0.00298906 	1.76945 	0
49.0941 	0.0544398 	-0.00298906 	1.76945 	0
49.1642 	0.0544398 	-0.00298906 	1.76945 	0
49.2343 	0.0544398 	-0.00298906 	1.76945 	0
49.3045 	0.0544398 	-0.00298906 	1.76945 	0
49.3746 	0.0544398 	-0.00298906 	1.76945 	0
49.4447 	0.0544398 	-0.00298906 	1.76945 	0
49.5149 	0.0544398 	-0.00298906 	1.76945 	0
49.585 	0.0544398 	-0.00298906 	1.76945 	0
49.6551 	0.0544398 	-0.00298906 	1.76945 	0
49.7253 	0.0544398 	-0.00298906 	1.76945 	0
49.7954 	0.0544398 	-0.00298906 	1.76945 	0
49.8656 	0.0544398 	-0.00298906 	1.76945 	0
49.9357 	0.0544398 	-0.00298906 	1.76945 	0
50.0058 	0.0544398 	-0.00298906 	1.76945 	0
50.076 	0.0544398 	-0.00298906 	1.76945 	0
50.1461 	0.0544398 	-0.00298906 	1.76945 	0
50.2162 	0.0544398 	-0.00298906 	1.76945 	0
50.2864 	0.0544398 	-0.00298906 	1.76945 	0
50.3565 	0.0544398 	-0.00298906 	1.76945 	0
50.4266 	0.0544398 	-0.00298906 	1.76945 	0
50.4968 	0.0661767 	-0.00319952 	1.75463 	-5.51085e-20
50.5669 	0.0661767 	-0.00319952 	1.75463 	-5.51085e-20
50.637 	0.0661767 	-0.00319952 	1.75463 	-5.51085e-20
50.7072 	0.0661767 	-0.00319952 	1.75463 	-5.51085e-20
50.7773 	0.0661767 	-0.00319952 	1.75463 	-5.51085e-20
50.8474 	0.0661767 	-0.00319952 	1.75463 	-5.51085e-20
50.9176 	0.0661767 	-0.00319952 	1.75463 	-5.51085e-20
50.9877 	0.0678731 	0.00239567 	1.74366 	4.19457e-20
51.0578 	0.0678731 	0.00239567 	1.74366 	4.19457e-20
51.128 	0.0622458 	-0.0079852 	1.74432 	2.34338e-20
51.1981 	0.0622458 	-0.0079852 	1.74432 	2.34338e-20
51.2682 	0.0622458 	-0.0079852 	1.74432 	2.34338e-20
51.3384 	0.0622458 	-0.0079852 	1.74432 	2.34338e-20
51.4085 	0.0622458 	-0.0079852 	1.74432 	2.34338e-20
51.4786 	0.0622458 	-0.0079852 	1.74432 	2.34338e-20
51.5488 	0.0622458 	-0.0079852 	1.74432 	2.34338e-20
51.6189 	0.0622458 	-0.0079852 	1.74432 	2.34338e-20
51.689 	0.0622458 	-0.0079852 	1.74432 	2.34338e-20
51.7592 	0.0622458 	-0.0079852 	1.74432 	2.34338e-20
51.8293 	0.0622458 	-0.0079852 	1.74432 	2.34338e-20
51.8994 	0.0622458 	-0.0079852 	1.74432 	2.34338e-20
51.9696 	0.0622458 	-0.0079852 	1.74432 	2.34338e-20
52.0397 	0.0622458 	-0.0079852 	1.74432 	2.34338e-20
52.1099 	0.0622458 	-0.0079852 	1.74432 	2.34338e-20
52.18 	0.0622458 	-0.0079852 	1.74432 	2.34338e-20
52.2501 	0.0622458 	-0.0079852 	1.74432 	2.34338e-20
52.3203 	0.0622458 	-0.0079852 	1.74432 	2.34338e-20
52.3904 	0.0622458 	-0.0079852 	1.74432 	2.34338e-20
52.4605 	0.0622458 	-0.0079852 	1.74432 	2.34338e-20
52.5307 	0.0622458 	-0.0079852 	1.74432 	2.34338e-20
52.6008 	0.0622458 	-0.0079852 	1.74432 	2.34338e-20
52.6709 	0.0622458 	-0.0079852 	1.74432 	2.34338e-20
52.7411 	0.0622458 	-0.0079852 	1.74432 	2.34338e-20
52.8112 	0.0622458 	-0.0079852 	1.74432 	2.34338e-20
52.8813 	0.0622458 	-0.0079852 	1.74432 	2.34338e-20
52.9515 	0.0622458 	-0.0079852 	1.74432 	2.34338e-20
53.0216 	0.0622458 	-0.0079852 	1.74432 	2.34338e-20
53.0917 	0.0622458 	-0.0079852 	1.74432 	2.34338e-20
53.1619 	0.0622458 	-0.0079852 	1.74432 	2.34338e-20
53.232 	0.0622458 	-0.0079852 	1.74432 	2.34338e-20
53.3021 	0.0622458 	-0.0079852 	1.74432 	2.34338e-20
53.3723 	0.0622458 	-0.0079852 	1.74432 	2.34338e-20
53.4424 	0.0516511 	-0.00275724 	1.74809 	3.15216e-20
53.5125 	0.0516511 	-0.00275724 	1.74809 	3.15216e-20
53.5827 	0.0516511 	-0.00275724 	1.74809 	3.15216e-20
53.6528 	0.0516511 	-0.00275724 	1.74809 	3.15216e-20
53.7229 	0.0516511 	-0.00275724 	1.74809 	3.15216e-20
53.7931 	0.0516511 	-0.00275724 	1.74809 	3.15216e-20
53.8632 	0.0516511 	-0.00275724 	1.74809 	3.15216e-20
53.9333 	0.0516511 	-0.00275724 	1.74809 	3.15216e-20
54.0035 	0.0516511 	-0.00275724 	1.74809 	3.15216e-20
54.0736 	0.0516511 	-0.00275724 	1.74809 	3.15216e-20
54.1437 	0.0516511 	-0.00275724 	1.74809 	3.15216e-20
54.2139 	0.0516511 	-0.00275724 	1.74809 	3.15216e-20
54.284 	0.0516511 	-0.00275724 	1.74809 	3.15216e-20
54.3542 	0.0368021 	0.0066564 	1.74299 	-3.93576e-20
54.4243 	0.0368021 	0.0066564 	1.74299 	-3.93576e-20
54.4944 	0.0368021 	0.0066564 	1.74299 	-3.93576e-20
54.5646 	0.0368021 	0.0066564 	1.74299 	-3.93576e-20
54.6347 	0.0368021 	0.0066564 	1.74299 	-3.93576e-20
54.7048 	0.0368021 	0.0066564 	1.74299 	-3.93576e-20
54.775 	0.0368021 	0.0066564 	1.74299 	-3.93576e-20
54.8451 	0.0368021 	0.0066564 	1.74299 	-3.93576e-20
54.9152 	0.0368021 	0.0066564 	1.74299 	-3.93576e-20
54.9854 	0.0368021 	0.0066564 	1.74299 	-3.93576e-20
55.0555 	0.0368021 	0.0066564 	1.74299 	-3.93576e-20
55.1256 	0.0365535 	0.0201199 	1.73577 	0
55.1958 	0.0365535 	0.0201199 	1.73577 	0
55.2659 	0.0365535 	0.0201199 	1.73577 	0
55.336 	0.0365535 	0.0201199 	1.73577 	0
55.4062 	0.0365535 	0.0201199 	1.73577 	0
55.4763 	0.0365535 	0.0201199 	1.73577 	0
55.5464 	0.0365535 	0.0201199 	1.73577 	0
55.6166 	0.0365535 	0.0201199 	1.73577 	0
55.6867 	0.0365535 	0.0201199 	1.73577 	0
55.7568 	0.0365535 	0.0201199 	1.73577 	0
55.827 	0.0365535 	0.0201199 	1.73577 	0
55.8971 	0.0365535 	0.0201199 	1.73577 	0
55.9672 	0.0365535 	0.0201199 	1.73577 	0
56.0374 	0.0365535 	0.0201199 	1.73577 	0
56.1075 	0.0365535 	0.0201199 	1.73577 	0
56.1776 	0.0365535 	0.0201199 	1.73577 	0
56.2478 	0.0365535 	0.0201199 	1.73577 	0
56.3179 	0.0365535 	0.0201199 	1.73577 	0
56.3881 	0.0404419 	0.00853041 	1.7369 	1.33833e-20
56.4582 	0.0404419 	0.00853041 	1.7369 	1.33833e-20
56.5283 	0.0404419 	0.00853041 	1.7369 	1.33833e-20
56.5985 	0.0404419 	0.00853041 	1.7369 	1.33833e-20
56.6686 	0.0404419 	0.00853041 	1.7369 	1.33833e-20
56.7387 	0.0404419 	0.00853041 	1.7369 	1.33833e-20
56.8089 	0.0404419 	0.00853041 	1.7369 	1.33833e-20
56.879 	0.0404419 	0.00853041 	1.7369 	1.33833e-20
56.9491 	0.0242638 	0.0226434 	1.74201 	-1.50041e-20
57.0193 	0.0242638 	0.0226434 	1.74201 	-1.50041e-20
57.0894 	0.0242638 	0.0226434 	1.74201 	-1.50041e-20
57.1595 	0.0242638 	0.0226434 	1.74201 	-1.50041e-20
57.2297 	0.0242638 	0.0226434 	1.74201 	-1.50041e-20
57.2998 	0.0242638 	0.0226434 	1.74201 	-1.50041e-20
57.3699 	0.0242638 	0.0226434 	1.74201 	-1.50041e-20
57.4401 	0.0242638 	0.0226434 	1.74201 	-1.50041e-20
57.5102 	0.0242638 	0.0226434 	1.74201 	-1.50041e-20
57.5803 	0.0242638 	0.0226434 	1.74201 	-1.50041e-20
57.6505 	0.0242638 	0.0226434 	1.74201 	-1.50041e-20
57.7206 	0.0242638 	0.0226434 	1.74201 	-1.50041e-20
57.7907 	0.0242638 	0.0226434 	1.74201 	-1.50041e-20
57.8609 	0.0242638 	0.0226434 	1.74201 	-1.50041e-20
57.931 	0.0242638 	0.0226434 	1.74201 	-1.50041e-20
58.0011 	0.0242638 	0.0226434 	1.74201 	-1.50041e-20
58.0713 	0.0242638 	0.0226434 	1.74201 	-1.50041e-20
58.1414 	0.0242638 	0.0226434 	1.74201 	-1.50041e-20
58.2115 	0.0242638 	0.0226434 	1.74201 	-1.50041e-20
58.2817 	0.0242638 	0.0226434 	1.74201 	-1.50041e-20
58.3518 	0.0242638 	0.0226434 	1.74201 	-1.50041e-20
58.4219 	0.0242638 	0.0226434 	1.74201 	-1.50041e-20
58.4921 	0.0242638 	0.0226434 	1.74201 	-1.50041e-20
58.5622 	0.0238633 	0.034325 	1.75752 	0
58.6324 	0.0238633 	0.034325 	1.75752 	0
58.7025 	0.0238633 	0.034325 	1.75752 	0
58.7726 	0.0238633 	0.034325 	1.75752 	0
58.8428 	0.0238633 	0.034325 	1.75752 	0
58.9129 	0.0185229 	0.0196661 	1.76522 	1.31214e-20
58.983 	0.0185229 	0.0196661 	1.76522 	1.31214e-20
59.0532 	0.0185229 	0.0196661 	1.76522 	1.31214e-20
59.1233 	0.0185229 	0.0196661 	1.76522 	1.31214e-20
59.1934 	0.0185229 	0.0196661 	1.76522 	1.31214e-20
59.2636 	0.0185229 	0.0196661 	1.76522 	1.31214e-20
59.3337 	0.0185229 	0.0196661 	1.76522 	1.31214e-20
59.4038 	0.0185229 	0.0196661 	1.76522 	1.31214e-20
59.474 	0.0185229 	0.0196661 	1.76522 	1.31214e-20
59.5441 	0.0185229 	0.0196661 	1.76522 	1.31214e-20
59.6142 	0.0185229 	0.0196661 	1.76522 	1.31214e-20
59.6844 	0.0185229 	0.0196661 	1.76522 	1.31214e-20
59.7545 	0.0185229 	0.0196661 	1.76522 	1.31214e-20
59.8246 	0.0185229 	0.0196661 	1.76522 	1.31214e-20
59.8948 	0.0185229 	0.0196661 	1.76522 	1.31214e-20
59.9649 	0.0185229 	0.0196661 	1.76522 	1.31214e-20
60.035 	0.0185229 	0.0196661 	1.76522 	1.31214e-20
60.1052 	0.0185229 	0.0196661 	1.76522 	1.31214e-20
60.1753 	0.0185229 	0.0196661 	1.76522 	1.31214e-20
60.2454 	0.0185229 	0.0196661 	1.76522 	1.31214e-20
60.3156 	0.0185229 	0.0196661 	1.76522 	1.31214e-20
60.3857 	0.0185229 	0.0196661 	1.76522 	1.31214e-20
60.4558 	0.0185229 	0.0196661 	1.76522 	1.31214e-20
60.526 	0.0185229 	0.0196661 	1.76522 	1.31214e-20
60.5961 	0.0185229 	0.0196661 	1.76522 	1.31214e-20
60.6662 	0.0207175 	0.0188631 	1.72537 	-7.06603e-22
60.7364 	0.0207175 	0.0188631 	1.72537 	-7.06603e-22
60.8065 	0.0207175 	0.0188631 	1.72537 	-7.06603e-22
60.8767 	0.0207175 	0.0188631 	1.72537 	-7.06603e-22
60.9468 	0.0207175 	0.0188631 	1.72537 	-7.06603e-22
61.0169 	0.0207175 	0.0188631 	1.72537 	-7.06603e-22
61.0871 	0.0207175 	0.0188631 	1.72537 	-7.06603e-22
61.1572 	0.0207175 	0.0188631 	1.72537 	-7.06603e-22
61.2273 	0.0207175 	0.0188631 	1.72537 	-7.06603e-22
61.2975 	0.0207175 	0.0188631 	1.72537 	-7.06603e-22
61.3676 	0.0207175 	0.0188631 	1.72537 	-7.06603e-22
61.4377 	0.0207175 	0.0188631 	1.72537 	-7.06603e-22
61.5079 	0.0207175 	0.0188631 	1.72537 	-7.06603e-22
61.578 	0.0207175 	0.0188631 	1.72537 	-7.06603e-22
61.6481 	0.0209003 	0.00558467 	1.71369 	2.50106e-20
61.7183 	0.0209003 	0.00558467 	1.71369 	2.50106e-20
61.7884 	0.0213067 	-0.00380881 	1.71837 	2.24634e-20
61.8585 	0.0213067 	-0.00380881 	1.71837 	2.24634e-20
61.9287 	0.0213067 	-0.00380881 	1.71837 	2.24634e-20
61.9988 	0.0213067 	-0.00380881 	1.71837 	2.24634e-20
62.0689 	0.0213067 	-0.00380881 	1.71837 	2.24634e-20
62.1391 	0.0213067 	-0.00380881 	1.71837 	2.24634e-20
62.2092 	0.0182988 	-0.014389 	1.75585 	0
62.2793 	0.0182988 	-0.014389 	1.75585 	0
62.3495 	0.0182988 	-0.014389 	1.75585 	0
62.4196 	0.0182988 	-0.014389 	1.75585 	0
62.4897 	0.0182988 	-0.014389 	1.75585 	0
62.5599 	0.0182988 	-0.014389 	1.75585 	0
62.63 	0.0182988 	-0.014389 	1.75585 	0
62.7001 	0.0182988 	-0.014389 	1.75585 	0
62.7703 	0.0182988 	-0.014389 	1.75585 	0
62.8404 	0.0182988 	-0.014389 	1.75585 	0
62.9105 	0.0182988 	-0.014389 	1.75585 	0
62.9807 	0.0182988 	-0.014389 	1.75585 	0
63.0508 	0.0182988 	-0.014389 	1.75585 	0
63.121 	0.0182988 	-0.014389 	1.75585 	0
63.1911 	0.0182988 	-0.014389 	1.75585 	0
63.2612 	0.0182988 	-0.014389 	1.75585 	0
63.3314 	0.0182988 	-0.014389 	1.75585 	0
63.4015 	0.0182988 	-0.014389 	1.75585 	0
63.4716 	0.0182988 	-0.014389 	1.75585 	0
63.5418 	0.0182988 	-0.014389 	1.75585 	0
63.6119 	0.0182988 	-0.014389 	1.75585 	0
63.682 	0.0182988 	-0.014389 	1.75585 	0
63.7522 	0.0182988 	-0.014389 	1.75585 	0
63.8223 	0.0182988 	-0.014389 	1.75585 	0
63.8924 	0.0182988 	-0.014389 	1.75585 	0
63.9626 	0.0182988 	-0.014389 	1.75585 	0
64.0327 	0.0182988 	-0.014389 	1.75585 	0
64.1028 	0.0182988 	-0.014389 	1.75585 	0
64.173 	0.0125277 	-0.0226052 	1.76053 	-2.28245e-21
64.2431 	0.0125277 	-0.0226052 	1.76053 	-2.28245e-21
64.3132 	0.0125277 	-0.0226052 	1.76053 	-2.28245e-21
64.3834 	0.0125277 	-0.0226052 	1.76053 	-2.28245e-21
64.4535 	0.0125277 	-0.0226052 	1.76053 	-2.28245e-21
64.5236 	0.0125277 	-0.0226052 	1.76053 	-2.28245e-21
64.5938 	0.0125277 	-0.0226052 	1.76053 	-2.28245e-21
64.6639 	0.0125277 	-0.0226052 	1.76053 	-2.28245e-21
64.734 	0.0125277 	-0.0226052 	1.76053 	-2.28245e-21
64.8042 	0.0125277 	-0.0226052 	1.76053 	-2.28245e-21
64.8743 	0.0118039 	-0.0118668 	1.75367 	0
64.9444 	0.0118039 	-0.0118668 	1.75367 	0
65.0146 	0.0118039 	-0.0118668 	1.75367 	0
65.0847 	0.0118039 	-0.0118668 	1.75367 	0
65.1548 	0.0118039 	-0.0118668 	1.75367 	0
65.225 	0.0118039 	-0.0118668 	1.75367 	0
65.2951 	0.0118039 	-0.0118668 	1.75367 	0
65.3653 	0.0118039 	-0.0118668 	1.75367 	0
65.4354 	0.0118039 	-0.0118668 	1.75367 	0
65.5055 	0.0118039 	-0.0118668 	1.75367 	0
65.5757 	0.0118039 	-0.0118668 	1.75367 	0
65.6458 	0.0118039 	-0.0118668 	1.75367 	0
65.7159 	0.0118039 	-0.0118668 	1.75367 	0
65.7861 	0.0118039 	-0.0118668 	1.75367 	0
65.8562 	0.0118039 	-0.0118668 	1.75367 	0
65.9263 	0.0118039 	-0.0118668 	1.75367 	0
65.9965 	0.0118039 	-0.0118668 	1.75367 	0
66.0666 	0.0118039 	-0.0118668 	1.75367 	0
66.1367 	0.0118039 	-0.0118668 	1.75367 	0
66.2069 	0.0118039 	-0.0118668 	1.75367 	0
66.277 	0.0118039 	-0.0118668 	1.75367 	0
66.3471 	0.0118039 	-0.0118668 	1.75367 	0
66.4173 	0.0118039 	-0.0118668 	1.75367 	0
66.4874 	0.0118039 	-0.0118668 	1.75367 	0
66.5575 	0.0118039 	-0.0118668 	1.75367 	0
66.6277 	0.0118039 	-0.0118668 	1.75367 	0
66.6978 	0.0118039 	-0.0118668 	1.75367 	0
66.7679 	0.0118039 	-0.0118668 	1.75367 	0
66.8381 	0.0118039 	-0.0118668 	1.75367 	0
66.9082 	0.0118039 	-0.0118668 	1.75367 	0
66.9783 	0.0179667 	-0.00123407 	1.75008 	0
67.0485 	0.0179667 	-0.00123407 	1.75008 	0
67.1186 	0.0179667 	-0.00123407 	1.75008 	0
67.1887 	0.0179667 	-0.00123407 	1.75008 	0
67.2589 	0.0179667 	-0.00123407 	1.75008 	0
67.329 	0.0179667 	-0.00123407 	1.75008 	0
67.3991 	0.00590379 	0.00497519 	1.74971 	0
67.4693 	0.00590379 	0.00497519 	1.74971 	0
67.5394 	0.00244981 	0.00463339 	1.74772 	0
67.6096 	0.00244981 	0.00463339 	1.74772 	0
67.6797 	0.00244981 	0.00463339 	1.74772 	0
67.7498 	0.00244981 	0.00463339 	1.74772 	0
67.82 	0.00244981 	0.00463339 	1.74772 	0
67.8901 	0.00244981 	0.00463339 	1.74772 	0
67.9602 	0.00244981 	0.00463339 	1.74772 	0
68.0304 	0.00244981 	0.00463339 	1.74772 	0
68.1005 	0.00244981 	0.00463339 	1.74772 	0
68.1706 	0.00244981 	0.00463339 	1.74772 	0
68.2408 	0.00244981 	0.00463339 	1.74772 	0
68.3109 	0.00244981 	0.00463339 	1.74772 	0
68.381 	0.00244981 	0.00463339 	1.74772 	0
68.4512 	0.00244981 	0.00463339 	1.74772 	0
68.5213 	0.00244981 	0.00463339 	1.74772 	0
68.5914 	0.00244981 	0.00463339 	1.74772 	0
68.6616 	0.00244981 	0.00463339 	1.74772 	0
68.7317 	0.00244981 	0.00463339 	1.74772 	0
68.8018 	0.00244981 	0.00463339 	1.74772 	0
68.872 	0.00244981 	0.00463339 	1.74772 	0
68.9421 	0.00244981 	0.00463339 	1.74772 	0
69.0122 	0.00244981 	0.00463339 	1.74772 	0
