0.490941 	2.1663 	0.004371 	3.00033 	-3.07111e-20
0.561075 	2.1663 	0.004371 	3.00033 	-3.07111e-20
0.63121 	2.1663 	0.004371 	3.00033 	-3.07111e-20
0.701344 	2.1663 	0.004371 	3.00033 	-3.07111e-20
0.771478 	2.1663 	0.004371 	3.00033 	-3.07111e-20
0.841613 	2.1663 	0.004371 	3.00033 	-3.07111e-20
0.911747 	2.14128 	0.0144633 	3.00801 	-7.08114e-20
0.981881 	2.14128 	0.0144633 	3.00801 	-7.08114e-20
1.05202 	2.14128 	0.0144633 	3.00801 	-7.08114e-20
1.12215 	2.14128 	0.0144633 	3.00801 	-7.08114e-20
1.19228 	2.14128 	0.0144633 	3.00801 	-7.08114e-20
1.26242 	2.14128 	0.0144633 	3.00801 	-7.08114e-20
1.33255 	2.09733 	0.0193286 	3.0233 	7.07628e-20
1.40269 	2.09733 	0.0193286 	3.0233 	7.07628e-20
1.47282 	2.09733 	0.0193286 	3.0233 	7.07628e-20
1.54296 	2.09733 	0.0193286 	3.0233 	7.07628e-20
1.61309 	2.09733 	0.0193286 	3.0233 	7.07628e-20
1.68323 	2.09733 	0.0193286 	3.0233 	7.07628e-20
1.75336 	2.03699 	0.024687 	3.04251 	3.39313e-20
1.82349 	2.03699 	0.024687 	3.04251 	3.39313e-20
1.89363 	2.03699 	0.024687 	3.04251 	3.39313e-20
1.96376 	2.03699 	0.024687 	3.04251 	3.39313e-20
2.0339 	2.03699 	0.024687 	3.04251 	3.39313e-20
2.10403 	2.03699 	0.024687 	3.04251 	3.39313e-20
2.17417 	1.96571 	0.0242404 	3.06667 	0
2.2443 	1.96571 	0.0242404 	3.06667 	0
2.31443 	1.96571 	0.0242404 	3.06667 	0
2.38457 	1.96571 	0.0242404 	3.06667 	0
2.4547 	1.96571 	0.0242404 	3.06667 	0
2.52484 	1.96571 	0.0242404 	3.06667 	0
2.59497 	1.88936 	0.0255907 	3.09073 	-1.54867e-19
2.66511 	1.88936 	0.0255907 	3.09073 	-1.54867e-19
2.73524 	1.88936 	0.0255907 	3.09073 	-1.54867e-19
2.80538 	1.88936 	0.0255907 	3.09073 	-1.54867e-19
2.87551 	1.88936 	0.0255907 	3.09073 	-1.54867e-19
2.94564 	1.88936 	0.0255907 	3.09073 	-1.54867e-19
3.01578 	1.81301 	0.0233255 	3.11626 	1.23291e-19
3.08591 	1.81301 	0.0233255 	3.11626 	1.23291e-19
3.15605 	1.81301 	0.0233255 	3.11626 	1.23291e-19
3.22618 	1.81301 	0.0233255 	3.11626 	1.23291e-19
3.29632 	1.81301 	0.0233255 	3.11626 	1.23291e-19
3.36645 	1.81301 	0.0233255 	3.11626 	1.23291e-19
3.43659 	1.73852 	0.0248908 	3.13926 	-2.26565e-19
3.50672 	1.73852 	0.0248908 	3.13926 	-2.26565e-19
3.57685 	1.73852 	0.0248908 	3.13926 	-2.26565e-19
3.64699 	1.73852 	0.0248908 	3.13926 	-2.26565e-19
3.71712 	1.73852 	0.0248908 	3.13926 	-2.26565e-19
3.78726 	1.73064 	0.0140653 	3.13809 	-2.51582e-19
3.85739 	1.65743 	0.0119247 	3.16278 	4.63784e-19
3.92753 	1.65743 	0.0119247 	3.16278 	4.63784e-19
3.99766 	1.65743 	0.0119247 	3.16278 	4.63784e-19
4.06779 	1.65743 	0.0119247 	3.16278 	4.63784e-19
4.13793 	1.65743 	0.0119247 	3.16278 	4.63784e-19
4.20806 	1.65743 	0.0119247 	3.16278 	4.63784e-19
4.2782 	1.58621 	0.0142328 	3.18383 	-2.65722e-19
4.34833 	1.58621 	0.0142328 	3.18383 	-2.65722e-19
4.41847 	1.58621 	0.0142328 	3.18383 	-2.65722e-19
4.4886 	1.58621 	0.0142328 	3.18383 	-2.65722e-19
4.55874 	1.58621 	0.0142328 	3.18383 	-2.65722e-19
4.62887 	1.58621 	0.0142328 	3.18383 	-2.65722e-19
4.699 	1.58621 	0.0142328 	3.18383 	-2.65722e-19
4.76914 	1.51679 	0.0118567 	3.20713 	-1.95217e-19
4.83927 	1.51679 	0.0118567 	3.20713 	-1.95217e-19
4.90941 	1.51679 	0.0118567 	3.20713 	-1.95217e-19
4.97954 	1.51679 	0.0118567 	3.20713 	-1.95217e-19
5.04968 	1.51679 	0.0118567 	3.20713 	-1.95217e-19
5.11981 	1.51679 	0.0118567 	3.20713 	-1.95217e-19
5.18994 	1.44907 	0.013919 	3.22666 	1.71392e-19
5.26008 	1.44907 	0.013919 	3.22666 	1.71392e-19
5.33021 	1.44907 	0.013919 	3.22666 	1.71392e-19
5.40035 	1.44907 	0.013919 	3.22666 	1.71392e-19
5.47048 	1.44907 	0.013919 	3.22666 	1.71392e-19
5.54062 	1.44907 	0.013919 	3.22666 	1.71392e-19
5.61075 	1.38395 	0.0112315 	3.24848 	-3.33264e-19
5.68089 	1.38395 	0.0112315 	3.24848 	-3.33264e-19
5.75102 	1.38395 	0.0112315 	3.24848 	-3.33264e-19
5.82115 	1.38395 	0.0112315 	3.24848 	-3.33264e-19
5.89129 	1.38395 	0.0112315 	3.24848 	-3.33264e-19
5.96142 	1.38395 	0.0112315 	3.24848 	-3.33264e-19
6.03156 	1.322 	0.0134662 	3.26584 	3.55714e-19
6.10169 	1.322 	0.0134662 	3.26584 	3.55714e-19
6.17183 	1.322 	0.0134662 	3.26584 	3.55714e-19
6.24196 	1.322 	0.0134662 	3.26584 	3.55714e-19
6.3121 	1.322 	0.0134662 	3.26584 	3.55714e-19
6.38223 	1.322 	0.0134662 	3.26584 	3.55714e-19
6.45236 	1.26407 	0.0109654 	3.28537 	2.06806e-20
6.5225 	1.26407 	0.0109654 	3.28537 	2.06806e-20
6.59263 	1.26407 	0.0109654 	3.28537 	2.06806e-20
6.66277 	1.26407 	0.0109654 	3.28537 	2.06806e-20
6.7329 	1.26407 	0.0109654 	3.28537 	2.06806e-20
6.80304 	1.26407 	0.0109654 	3.28537 	2.06806e-20
6.87317 	1.21022 	0.0137678 	3.29991 	-1.9787e-20
6.9433 	1.21022 	0.0137678 	3.29991 	-1.9787e-20
7.01344 	1.21022 	0.0137678 	3.29991 	-1.9787e-20
7.08357 	1.21022 	0.0137678 	3.29991 	-1.9787e-20
7.15371 	1.21022 	0.0137678 	3.29991 	-1.9787e-20
7.22384 	1.21022 	0.0137678 	3.29991 	-1.9787e-20
7.29398 	1.16063 	0.0116125 	3.31692 	0
7.36411 	1.16063 	0.0116125 	3.31692 	0
7.43425 	1.16063 	0.0116125 	3.31692 	0
7.50438 	1.16063 	0.0116125 	3.31692 	0
7.57451 	1.16063 	0.0116125 	3.31692 	0
7.64465 	1.16063 	0.0116125 	3.31692 	0
7.71478 	1.16063 	0.0116125 	3.31692 	0
7.78492 	1.11479 	0.0150272 	3.32872 	0
7.85505 	1.11479 	0.0150272 	3.32872 	0
7.92519 	1.11479 	0.0150272 	3.32872 	0
7.99532 	1.11479 	0.0150272 	3.32872 	0
8.06545 	1.11479 	0.0150272 	3.32872 	0
8.13559 	1.11479 	0.0150272 	3.32872 	0
8.20572 	1.07253 	0.0132049 	3.3436 	0
8.27586 	1.07253 	0.0132049 	3.3436 	0
8.34599 	1.07253 	0.0132049 	3.3436 	0
8.41613 	1.07253 	0.0132049 	3.3436 	0
8.48626 	1.07253 	0.0132049 	3.3436 	0
8.5564 	1.07253 	0.0132049 	3.3436 	0
8.62653 	1.03315 	0.017365 	3.35316 	2.14848e-22
8.69666 	1.03315 	0.017365 	3.35316 	2.14848e-22
8.7668 	1.03315 	0.017365 	3.35316 	2.14848e-22
8.83693 	1.03315 	0.017365 	3.35316 	2.14848e-22
8.90707 	1.03315 	0.017365 	3.35316 	2.14848e-22
8.9772 	1.03315 	0.017365 	3.35316 	2.14848e-22
9.04734 	0.996442 	0.0160472 	3.36651 	-2.40879e-19
9.11747 	0.996442 	0.0160472 	3.36651 	-2.40879e-19
9.18761 	0.996442 	0.0160472 	3.36651 	-2.40879e-19
9.25774 	0.982303 	0.0120057 	3.36907 	-2.54228e-20
9.32787 	0.982303 	0.0120057 	3.36907 	-2.54228e-20
9.39801 	0.982303 	0.0120057 	3.36907 	-2.54228e-20
9.46814 	0.982303 	0.0120057 	3.36907 	-2.54228e-20
9.53828 	0.946801 	0.0182441 	3.37779 	-2.49542e-19
9.60841 	0.946801 	0.0182441 	3.37779 	-2.49542e-19
9.67855 	0.946801 	0.0182441 	3.37779 	-2.49542e-19
9.74868 	0.946801 	0.0182441 	3.37779 	-2.49542e-19
9.81881 	0.946801 	0.0182441 	3.37779 	-2.49542e-19
9.88895 	0.946801 	0.0182441 	3.37779 	-2.49542e-19
9.95908 	0.912905 	0.0179024 	3.38983 	-1.48889e-20
10.0292 	0.912905 	0.0179024 	3.38983 	-1.48889e-20
10.0994 	0.912905 	0.0179024 	3.38983 	-1.48889e-20
10.1695 	0.912905 	0.0179024 	3.38983 	-1.48889e-20
10.2396 	0.912905 	0.0179024 	3.38983 	-1.48889e-20
10.3098 	0.912905 	0.0179024 	3.38983 	-1.48889e-20
10.3799 	0.880085 	0.0259957 	3.39746 	2.23428e-19
10.45 	0.880085 	0.0259957 	3.39746 	2.23428e-19
10.5202 	0.880085 	0.0259957 	3.39746 	2.23428e-19
10.5903 	0.880085 	0.0259957 	3.39746 	2.23428e-19
10.6604 	0.880085 	0.0259957 	3.39746 	2.23428e-19
10.7306 	0.880085 	0.0259957 	3.39746 	2.23428e-19
10.8007 	0.848199 	0.0273606 	3.40907 	-2.37251e-19
10.8708 	0.848199 	0.0273606 	3.40907 	-2.37251e-19
10.941 	0.848199 	0.0273606 	3.40907 	-2.37251e-19
11.0111 	0.848199 	0.0273606 	3.40907 	-2.37251e-19
11.0812 	0.848199 	0.0273606 	3.40907 	-2.37251e-19
11.1514 	0.848199 	0.0273606 	3.40907 	-2.37251e-19
11.2215 	0.848199 	0.0273606 	3.40907 	-2.37251e-19
11.2916 	0.816664 	0.0384661 	3.41597 	-4.13755e-19
11.3618 	0.816664 	0.0384661 	3.41597 	-4.13755e-19
11.4319 	0.816664 	0.0384661 	3.41597 	-4.13755e-19
11.502 	0.816664 	0.0384661 	3.41597 	-4.13755e-19
11.5722 	0.816664 	0.0384661 	3.41597 	-4.13755e-19
11.6423 	0.816664 	0.0384661 	3.41597 	-4.13755e-19
11.7124 	0.785115 	0.0427781 	3.42766 	4.00425e-19
11.7826 	0.785115 	0.0427781 	3.42766 	4.00425e-19
11.8527 	0.785115 	0.0427781 	3.42766 	4.00425e-19
11.9228 	0.785115 	0.0427781 	3.42766 	4.00425e-19
11.993 	0.785115 	0.0427781 	3.42766 	4.00425e-19
12.0631 	0.785115 	0.0427781 	3.42766 	4.00425e-19
12.1332 	0.752627 	0.0587111 	3.43447 	0
12.2034 	0.752627 	0.0587111 	3.43447 	0
12.2735 	0.752627 	0.0587111 	3.43447 	0
12.3437 	0.752627 	0.0587111 	3.43447 	0
12.4138 	0.752627 	0.0587111 	3.43447 	0
12.4839 	0.752627 	0.0587111 	3.43447 	0
12.5541 	0.752627 	0.0587111 	3.43447 	0
12.6242 	0.718564 	0.0670992 	3.44688 	-1.12273e-20
12.6943 	0.718564 	0.0670992 	3.44688 	-1.12273e-20
12.7645 	0.718564 	0.0670992 	3.44688 	-1.12273e-20
12.8346 	0.718564 	0.0670992 	3.44688 	-1.12273e-20
12.9047 	0.718564 	0.0670992 	3.44688 	-1.12273e-20
12.9749 	0.718564 	0.0670992 	3.44688 	-1.12273e-20
13.045 	0.68205 	0.089991 	3.45447 	1.13072e-20
13.1151 	0.68205 	0.089991 	3.45447 	1.13072e-20
13.1853 	0.68205 	0.089991 	3.45447 	1.13072e-20
13.2554 	0.68205 	0.089991 	3.45447 	1.13072e-20
13.3255 	0.68205 	0.089991 	3.45447 	1.13072e-20
13.3957 	0.68205 	0.089991 	3.45447 	1.13072e-20
13.4658 	0.68205 	0.089991 	3.45447 	1.13072e-20
13.5359 	0.642972 	0.103306 	3.46805 	0
13.6061 	0.642972 	0.103306 	3.46805 	0
13.6762 	0.642972 	0.103306 	3.46805 	0
13.7463 	0.642972 	0.103306 	3.46805 	0
13.8165 	0.642972 	0.103306 	3.46805 	0
13.8866 	0.642972 	0.103306 	3.46805 	0
13.9567 	0.601701 	0.147807 	3.47986 	7.98664e-22
14.0269 	0.601701 	0.147807 	3.47986 	7.98664e-22
14.097 	0.601701 	0.147807 	3.47986 	7.98664e-22
14.1671 	0.601701 	0.147807 	3.47986 	7.98664e-22
14.2373 	0.601701 	0.147807 	3.47986 	7.98664e-22
14.3074 	0.601701 	0.147807 	3.47986 	7.98664e-22
14.3776 	0.58423 	0.146186 	3.48367 	1.1809e-19
14.4477 	0.487152 	0.148946 	3.51025 	-1.69175e-20
14.5178 	0.487152 	0.148946 	3.51025 	-1.69175e-20
14.588 	0.487152 	0.148946 	3.51025 	-1.69175e-20
14.6581 	0.50691 	0.162035 	3.50325 	0
14.7282 	0.50691 	0.162035 	3.50325 	0
14.7984 	0.425322 	0.176661 	3.52662 	-1.73613e-19
14.8685 	0.455639 	0.199554 	3.51658 	-1.7536e-19
14.9386 	0.455639 	0.199554 	3.51658 	-1.7536e-19
15.0088 	0.455639 	0.199554 	3.51658 	-1.7536e-19
15.0789 	0.455639 	0.199554 	3.51658 	-1.7536e-19
15.149 	0.493464 	0.216346 	3.50579 	1.72949e-19
15.2192 	0.399221 	0.23352 	3.53978 	1.47444e-19
15.2893 	0.399221 	0.23352 	3.53978 	1.47444e-19
15.3594 	0.399221 	0.23352 	3.53978 	1.47444e-19
15.4296 	0.43705 	0.253969 	3.51907 	-5.00733e-19
15.4997 	0.43705 	0.253969 	3.51907 	-5.00733e-19
15.5698 	0.343315 	0.269547 	3.54748 	2.61935e-19
15.64 	0.343315 	0.269547 	3.54748 	2.61935e-19
15.7101 	0.343315 	0.269547 	3.54748 	2.61935e-19
15.7802 	0.385765 	0.287334 	3.53933 	-4.37503e-19
15.8504 	0.385765 	0.287334 	3.53933 	-4.37503e-19
15.9205 	0.292204 	0.30674 	3.55529 	-1.22925e-19
15.9906 	0.292204 	0.30674 	3.55529 	-1.22925e-19
16.0608 	0.292204 	0.30674 	3.55529 	-1.22925e-19
16.1309 	0.3452 	0.331473 	3.53532 	0
16.201 	0.3452 	0.331473 	3.53532 	0
16.2712 	0.251826 	0.344843 	3.56764 	0
16.3413 	0.251826 	0.344843 	3.56764 	0
16.4114 	0.251826 	0.344843 	3.56764 	0
16.4816 	0.251826 	0.344843 	3.56764 	0
16.5517 	0.321491 	0.361129 	3.54488 	-1.72532e-19
16.6219 	0.232799 	0.395785 	3.56421 	5.47633e-20
16.692 	0.232799 	0.395785 	3.56421 	5.47633e-20
16.7621 	0.232799 	0.395785 	3.56421 	5.47633e-20
16.8323 	0.232799 	0.395785 	3.56421 	5.47633e-20
16.9024 	0.232799 	0.395785 	3.56421 	5.47633e-20
16.9725 	0.24015 	0.435807 	3.55687 	0
17.0427 	0.24015 	0.435807 	3.55687 	0
17.1128 	0.24015 	0.435807 	3.55687 	0
17.1829 	0.24015 	0.435807 	3.55687 	0
17.2531 	0.16414 	0.463443 	3.57606 	0
17.3232 	0.16414 	0.463443 	3.57606 	0
17.3933 	0.16414 	0.463443 	3.57606 	0
17.4635 	0.266607 	0.48805 	3.5574 	1.60136e-19
17.5336 	0.266607 	0.48805 	3.5574 	1.60136e-19
17.6037 	0.199768 	0.507931 	3.56567 	0
17.6739 	0.199768 	0.507931 	3.56567 	0
17.744 	0.199768 	0.507931 	3.56567 	0
17.8141 	0.199768 	0.507931 	3.56567 	0
17.8843 	0.199768 	0.507931 	3.56567 	0
17.9544 	0.242122 	0.564515 	3.55502 	1.32518e-19
18.0245 	0.242122 	0.564515 	3.55502 	1.32518e-19
18.0947 	0.242122 	0.564515 	3.55502 	1.32518e-19
18.1648 	0.242122 	0.564515 	3.55502 	1.32518e-19
18.2349 	0.18722 	0.579184 	3.56527 	-1.97301e-19
18.3051 	0.18722 	0.579184 	3.56527 	-1.97301e-19
18.3752 	0.18722 	0.579184 	3.56527 	-1.97301e-19
18.4453 	0.18722 	0.579184 	3.56527 	-1.97301e-19
18.5155 	0.18722 	0.579184 	3.56527 	-1.97301e-19
18.5856 	0.226534 	0.621339 	3.54725 	-2.85391e-19
18.6557 	0.226534 	0.621339 	3.54725 	-2.85391e-19
18.7259 	0.226534 	0.621339 	3.54725 	-2.85391e-19
18.796 	0.226534 	0.621339 	3.54725 	-2.85391e-19
18.8662 	0.174928 	0.638658 	3.5587 	2.30262e-19
18.9363 	0.174928 	0.638658 	3.5587 	2.30262e-19
19.0064 	0.174928 	0.638658 	3.5587 	2.30262e-19
19.0766 	0.174928 	0.638658 	3.5587 	2.30262e-19
19.1467 	0.174928 	0.638658 	3.5587 	2.30262e-19
19.2168 	0.126044 	0.663825 	3.57551 	3.2644e-20
19.287 	0.21709 	0.663041 	3.5324 	1.64066e-19
19.3571 	0.21709 	0.663041 	3.5324 	1.64066e-19
19.4272 	0.21709 	0.663041 	3.5324 	1.64066e-19
19.4974 	0.21709 	0.663041 	3.5324 	1.64066e-19
19.5675 	0.167291 	0.684173 	3.54678 	2.45434e-20
19.6376 	0.167291 	0.684173 	3.54678 	2.45434e-20
19.7078 	0.167291 	0.684173 	3.54678 	2.45434e-20
19.7779 	0.167291 	0.684173 	3.54678 	2.45434e-20
19.848 	0.167291 	0.684173 	3.54678 	2.45434e-20
19.9182 	0.119468 	0.712407 	3.56494 	-6.73755e-20
19.9883 	0.119468 	0.712407 	3.56494 	-6.73755e-20
20.0584 	0.211744 	0.688164 	3.49721 	0
20.1286 	0.211744 	0.688164 	3.49721 	0
20.1987 	0.211744 	0.688164 	3.49721 	0
20.2688 	0.161637 	0.713453 	3.52332 	4.88251e-20
20.339 	0.161637 	0.713453 	3.52332 	4.88251e-20
20.4091 	0.161637 	0.713453 	3.52332 	4.88251e-20
20.4792 	0.161637 	0.713453 	3.52332 	4.88251e-20
20.5494 	0.161637 	0.713453 	3.52332 	4.88251e-20
20.6195 	0.112686 	0.745954 	3.54792 	-2.81332e-20
20.6896 	0.112686 	0.745954 	3.54792 	-2.81332e-20
20.7598 	0.112686 	0.745954 	3.54792 	-2.81332e-20
20.8299 	0.112686 	0.745954 	3.54792 	-2.81332e-20
20.9 	0.205096 	0.694903 	3.39283 	2.85697e-19
20.9702 	0.155044 	0.723838 	3.45154 	1.04262e-19
21.0403 	0.155044 	0.723838 	3.45154 	1.04262e-19
21.1105 	0.155044 	0.723838 	3.45154 	1.04262e-19
21.1806 	0.155044 	0.723838 	3.45154 	1.04262e-19
21.2507 	0.155044 	0.723838 	3.45154 	1.04262e-19
21.3209 	0.107909 	0.759364 	3.49854 	-7.46883e-20
21.391 	0.107909 	0.759364 	3.49854 	-7.46883e-20
21.4611 	0.107909 	0.759364 	3.49854 	-7.46883e-20
21.5313 	0.107909 	0.759364 	3.49854 	-7.46883e-20
21.6014 	0.107909 	0.759364 	3.49854 	-7.46883e-20
21.6715 	0.107909 	0.759364 	3.49854 	-7.46883e-20
21.7417 	0.0644816 	0.782461 	3.5244 	4.50962e-21
21.8118 	0.0644816 	0.782461 	3.5244 	4.50962e-21
21.8819 	0.0644816 	0.782461 	3.5244 	4.50962e-21
21.9521 	0.141983 	0.714588 	3.25687 	3.69859e-20
22.0222 	0.141983 	0.714588 	3.25687 	3.69859e-20
22.0923 	0.104179 	0.751638 	3.349 	8.84484e-20
22.1625 	0.104179 	0.751638 	3.349 	8.84484e-20
22.2326 	0.104179 	0.751638 	3.349 	8.84484e-20
22.3027 	0.104179 	0.751638 	3.349 	8.84484e-20
22.3729 	0.104179 	0.751638 	3.349 	8.84484e-20
22.443 	0.104179 	0.751638 	3.349 	8.84484e-20
22.5131 	0.0622588 	0.780218 	3.4169 	-3.71664e-20
22.5833 	0.0622588 	0.780218 	3.4169 	-3.71664e-20
22.6534 	0.0622588 	0.780218 	3.4169 	-3.71664e-20
22.7235 	0.0622588 	0.780218 	3.4169 	-3.71664e-20
22.7937 	0.0622588 	0.780218 	3.4169 	-3.71664e-20
22.8638 	0.0186197 	0.812669 	3.46897 	-3.7782e-20
22.9339 	0.0186197 	0.812669 	3.46897 	-3.7782e-20
23.0041 	0.0186197 	0.812669 	3.46897 	-3.7782e-20
23.0742 	0.0582837 	0.705148 	2.92626 	6.93946e-20
23.1443 	0.0582837 	0.705148 	2.92626 	6.93946e-20
23.2145 	0.0582837 	0.705148 	2.92626 	6.93946e-20
23.2846 	0.0229485 	0.745381 	3.08868 	-4.40878e-22
23.3548 	0.0229485 	0.745381 	3.08868 	-4.40878e-22
23.4249 	0.0229485 	0.745381 	3.08868 	-4.40878e-22
23.495 	0.0229485 	0.745381 	3.08868 	-4.40878e-22
23.5652 	0.0229485 	0.745381 	3.08868 	-4.40878e-22
23.6353 	0.0229485 	0.745381 	3.08868 	-4.40878e-22
23.7054 	-0.0101952 	0.777848 	3.19805 	-7.28442e-22
23.7756 	-0.0101952 	0.777848 	3.19805 	-7.28442e-22
23.8457 	-0.0101952 	0.777848 	3.19805 	-7.28442e-22
23.9158 	-0.0101952 	0.777848 	3.19805 	-7.28442e-22
23.986 	-0.0101952 	0.777848 	3.19805 	-7.28442e-22
24.0561 	-0.0101952 	0.777848 	3.19805 	-7.28442e-22
24.1262 	-0.0447464 	0.809391 	3.29301 	0
24.1964 	-0.0447464 	0.809391 	3.29301 	0
24.2665 	-0.0447464 	0.809391 	3.29301 	0
24.3366 	-0.0447464 	0.809391 	3.29301 	0
24.4068 	-0.0447464 	0.809391 	3.29301 	0
24.4769 	-0.031248 	0.661722 	2.4857 	-9.0534e-21
24.547 	-0.031248 	0.661722 	2.4857 	-9.0534e-21
24.6172 	-0.0665366 	0.684024 	2.58516 	-8.00837e-20
24.6873 	-0.0665366 	0.684024 	2.58516 	-8.00837e-20
24.7574 	-0.0665366 	0.684024 	2.58516 	-8.00837e-20
24.8276 	-0.0665366 	0.684024 	2.58516 	-8.00837e-20
24.8977 	-0.0665366 	0.684024 	2.58516 	-8.00837e-20
24.9678 	-0.0665366 	0.684024 	2.58516 	-8.00837e-20
25.038 	-0.0994342 	0.729181 	2.76902 	2.43711e-20
25.1081 	-0.0994342 	0.729181 	2.76902 	2.43711e-20
25.1782 	-0.0994342 	0.729181 	2.76902 	2.43711e-20
25.2484 	-0.0994342 	0.729181 	2.76902 	2.43711e-20
25.3185 	-0.0994342 	0.729181 	2.76902 	2.43711e-20
25.3886 	-0.0994342 	0.729181 	2.76902 	2.43711e-20
25.4588 	-0.130215 	0.750635 	2.85227 	0
25.5289 	-0.130215 	0.750635 	2.85227 	0
25.5991 	-0.130215 	0.750635 	2.85227 	0
25.6692 	-0.130215 	0.750635 	2.85227 	0
25.7393 	-0.130215 	0.750635 	2.85227 	0
25.8095 	-0.130215 	0.750635 	2.85227 	0
25.8796 	-0.130215 	0.750635 	2.85227 	0
25.9497 	-0.159724 	0.79157 	2.99796 	-1.07793e-19
26.0199 	-0.159724 	0.79157 	2.99796 	-1.07793e-19
26.09 	-0.141921 	0.616595 	2.12369 	-8.39637e-20
26.1601 	-0.141921 	0.616595 	2.12369 	-8.39637e-20
26.2303 	-0.141921 	0.616595 	2.12369 	-8.39637e-20
26.3004 	-0.141921 	0.616595 	2.12369 	-8.39637e-20
26.3705 	-0.141921 	0.616595 	2.12369 	-8.39637e-20
26.4407 	-0.171458 	0.628902 	2.17409 	2.16754e-19
26.5108 	-0.171458 	0.628902 	2.17409 	2.16754e-19
26.5809 	-0.171458 	0.628902 	2.17409 	2.16754e-19
26.6511 	-0.171458 	0.628902 	2.17409 	2.16754e-19
26.7212 	-0.171458 	0.628902 	2.17409 	2.16754e-19
26.7913 	-0.171458 	0.628902 	2.17409 	2.16754e-19
26.8615 	-0.171458 	0.628902 	2.17409 	2.16754e-19
26.9316 	-0.200647 	0.657707 	2.28862 	-1.44604e-19
27.0017 	-0.200647 	0.657707 	2.28862 	-1.44604e-19
27.0719 	-0.200647 	0.657707 	2.28862 	-1.44604e-19
27.142 	-0.200647 	0.657707 	2.28862 	-1.44604e-19
27.2121 	-0.200647 	0.657707 	2.28862 	-1.44604e-19
27.2823 	-0.200647 	0.657707 	2.28862 	-1.44604e-19
27.3524 	-0.22967 	0.667652 	2.33433 	-5.50925e-20
27.4225 	-0.22967 	0.667652 	2.33433 	-5.50925e-20
27.4927 	-0.22967 	0.667652 	2.33433 	-5.50925e-20
27.5628 	-0.22967 	0.667652 	2.33433 	-5.50925e-20
27.6329 	-0.22967 	0.667652 	2.33433 	-5.50925e-20
27.7031 	-0.22967 	0.667652 	2.33433 	-5.50925e-20
27.7732 	-0.22967 	0.667652 	2.33433 	-5.50925e-20
27.8434 	-0.22967 	0.667652 	2.33433 	-5.50925e-20
27.9135 	-0.255532 	0.693617 	2.43737 	-6.38137e-20
27.9836 	-0.255532 	0.693617 	2.43737 	-6.38137e-20
28.0538 	-0.255532 	0.693617 	2.43737 	-6.38137e-20
28.1239 	-0.255532 	0.693617 	2.43737 	-6.38137e-20
28.194 	-0.255532 	0.693617 	2.43737 	-6.38137e-20
28.2642 	-0.255532 	0.693617 	2.43737 	-6.38137e-20
28.3343 	-0.26513 	0.552171 	1.84611 	7.13e-20
28.4044 	-0.289417 	0.551116 	1.86634 	-1.25543e-19
28.4746 	-0.289417 	0.551116 	1.86634 	-1.25543e-19
28.5447 	-0.289417 	0.551116 	1.86634 	-1.25543e-19
28.6148 	-0.289417 	0.551116 	1.86634 	-1.25543e-19
28.685 	-0.289417 	0.551116 	1.86634 	-1.25543e-19
28.7551 	-0.289417 	0.551116 	1.86634 	-1.25543e-19
28.8252 	-0.289417 	0.551116 	1.86634 	-1.25543e-19
28.8954 	-0.289417 	0.551116 	1.86634 	-1.25543e-19
28.9655 	-0.311075 	0.559178 	1.91128 	-1.45421e-19
29.0356 	-0.311075 	0.559178 	1.91128 	-1.45421e-19
29.1058 	-0.311075 	0.559178 	1.91128 	-1.45421e-19
29.1759 	-0.311075 	0.559178 	1.91128 	-1.45421e-19
29.246 	-0.311075 	0.559178 	1.91128 	-1.45421e-19
29.3162 	-0.311075 	0.559178 	1.91128 	-1.45421e-19
29.3863 	-0.311075 	0.559178 	1.91128 	-1.45421e-19
29.4564 	-0.330844 	0.553567 	1.9241 	1.34912e-19
29.5266 	-0.330844 	0.553567 	1.9241 	1.34912e-19
29.5967 	-0.330844 	0.553567 	1.9241 	1.34912e-19
29.6668 	-0.330844 	0.553567 	1.9241 	1.34912e-19
29.737 	-0.330844 	0.553567 	1.9241 	1.34912e-19
29.8071 	-0.330844 	0.553567 	1.9241 	1.34912e-19
29.8773 	-0.330844 	0.553567 	1.9241 	1.34912e-19
29.9474 	-0.330844 	0.553567 	1.9241 	1.34912e-19
30.0175 	-0.347861 	0.554875 	1.95648 	-1.49988e-19
30.0877 	-0.347861 	0.554875 	1.95648 	-1.49988e-19
30.1578 	-0.347861 	0.554875 	1.95648 	-1.49988e-19
30.2279 	-0.347861 	0.554875 	1.95648 	-1.49988e-19
30.2981 	-0.347861 	0.554875 	1.95648 	-1.49988e-19
30.3682 	-0.347861 	0.554875 	1.95648 	-1.49988e-19
30.4383 	-0.347861 	0.554875 	1.95648 	-1.49988e-19
30.5085 	-0.347861 	0.554875 	1.95648 	-1.49988e-19
30.5786 	-0.365476 	0.544647 	1.96054 	2.82863e-19
30.6487 	-0.365476 	0.544647 	1.96054 	2.82863e-19
30.7189 	-0.365476 	0.544647 	1.96054 	2.82863e-19
30.789 	-0.365476 	0.544647 	1.96054 	2.82863e-19
30.8591 	-0.365476 	0.544647 	1.96054 	2.82863e-19
30.9293 	-0.365476 	0.544647 	1.96054 	2.82863e-19
30.9994 	-0.365476 	0.544647 	1.96054 	2.82863e-19
31.0695 	-0.365476 	0.544647 	1.96054 	2.82863e-19
31.1397 	-0.382466 	0.539025 	1.98173 	-1.43597e-19
31.2098 	-0.382466 	0.539025 	1.98173 	-1.43597e-19
31.2799 	-0.382466 	0.539025 	1.98173 	-1.43597e-19
31.3501 	-0.382466 	0.539025 	1.98173 	-1.43597e-19
31.4202 	-0.382466 	0.539025 	1.98173 	-1.43597e-19
31.4903 	-0.382466 	0.539025 	1.98173 	-1.43597e-19
31.5605 	-0.403868 	0.494913 	1.75644 	2.48052e-19
31.6306 	-0.403868 	0.494913 	1.75644 	2.48052e-19
31.7007 	-0.418948 	0.490187 	1.76226 	-7.88986e-20
31.7709 	-0.418948 	0.490187 	1.76226 	-7.88986e-20
31.841 	-0.418948 	0.490187 	1.76226 	-7.88986e-20
31.9111 	-0.418948 	0.490187 	1.76226 	-7.88986e-20
31.9813 	-0.418948 	0.490187 	1.76226 	-7.88986e-20
32.0514 	-0.418948 	0.490187 	1.76226 	-7.88986e-20
32.1216 	-0.418948 	0.490187 	1.76226 	-7.88986e-20
32.1917 	-0.418948 	0.490187 	1.76226 	-7.88986e-20
32.2618 	-0.418948 	0.490187 	1.76226 	-7.88986e-20
32.332 	-0.433829 	0.487202 	1.77535 	0
32.4021 	-0.433829 	0.487202 	1.77535 	0
32.4722 	-0.433829 	0.487202 	1.77535 	0
32.5424 	-0.433829 	0.487202 	1.77535 	0
32.6125 	-0.433829 	0.487202 	1.77535 	0
32.6826 	-0.433829 	0.487202 	1.77535 	0
32.7528 	-0.433829 	0.487202 	1.77535 	0
32.8229 	-0.433829 	0.487202 	1.77535 	0
32.893 	-0.433829 	0.487202 	1.77535 	0
32.9632 	-0.447756 	0.486191 	1.77894 	0
33.0333 	-0.447756 	0.486191 	1.77894 	0
33.1034 	-0.447756 	0.486191 	1.77894 	0
33.1736 	-0.447756 	0.486191 	1.77894 	0
33.2437 	-0.447756 	0.486191 	1.77894 	0
33.3138 	-0.447756 	0.486191 	1.77894 	0
33.384 	-0.447756 	0.486191 	1.77894 	0
33.4541 	-0.447756 	0.486191 	1.77894 	0
33.5242 	-0.447756 	0.486191 	1.77894 	0
33.5944 	-0.460666 	0.486469 	1.78263 	4.04617e-20
33.6645 	-0.460666 	0.486469 	1.78263 	4.04617e-20
33.7346 	-0.460666 	0.486469 	1.78263 	4.04617e-20
33.8048 	-0.460666 	0.486469 	1.78263 	4.04617e-20
33.8749 	-0.460666 	0.486469 	1.78263 	4.04617e-20
33.945 	-0.460666 	0.486469 	1.78263 	4.04617e-20
34.0152 	-0.460666 	0.486469 	1.78263 	4.04617e-20
34.0853 	-0.460666 	0.486469 	1.78263 	4.04617e-20
34.1554 	-0.460666 	0.486469 	1.78263 	4.04617e-20
34.2256 	-0.469496 	0.487058 	1.77868 	-3.71716e-20
34.2957 	-0.469496 	0.487058 	1.77868 	-3.71716e-20
34.3659 	-0.469496 	0.487058 	1.77868 	-3.71716e-20
34.436 	-0.469496 	0.487058 	1.77868 	-3.71716e-20
34.5061 	-0.469496 	0.487058 	1.77868 	-3.71716e-20
34.5763 	-0.469496 	0.487058 	1.77868 	-3.71716e-20
34.6464 	-0.469496 	0.487058 	1.77868 	-3.71716e-20
34.7165 	-0.469496 	0.487058 	1.77868 	-3.71716e-20
34.7867 	-0.469496 	0.487058 	1.77868 	-3.71716e-20
34.8568 	-0.469496 	0.487058 	1.77868 	-3.71716e-20
34.9269 	-0.470174 	0.491043 	1.76958 	7.70896e-20
34.9971 	-0.470174 	0.491043 	1.76958 	7.70896e-20
35.0672 	-0.470174 	0.491043 	1.76958 	7.70896e-20
35.1373 	-0.470174 	0.491043 	1.76958 	7.70896e-20
35.2075 	-0.470174 	0.491043 	1.76958 	7.70896e-20
35.2776 	-0.470174 	0.491043 	1.76958 	7.70896e-20
35.3477 	-0.470174 	0.491043 	1.76958 	7.70896e-20
35.4179 	-0.470174 	0.491043 	1.76958 	7.70896e-20
35.488 	-0.470174 	0.491043 	1.76958 	7.70896e-20
35.5581 	-0.470174 	0.491043 	1.76958 	7.70896e-20
35.6283 	-0.464735 	0.490335 	1.75573 	-1.83526e-20
35.6984 	-0.464735 	0.490335 	1.75573 	-1.83526e-20
35.7685 	-0.464735 	0.490335 	1.75573 	-1.83526e-20
35.8387 	-0.464735 	0.490335 	1.75573 	-1.83526e-20
35.9088 	-0.464735 	0.490335 	1.75573 	-1.83526e-20
35.9789 	-0.464735 	0.490335 	1.75573 	-1.83526e-20
36.0491 	-0.464735 	0.490335 	1.75573 	-1.83526e-20
36.1192 	-0.464735 	0.490335 	1.75573 	-1.83526e-20
36.1893 	-0.464735 	0.490335 	1.75573 	-1.83526e-20
36.2595 	-0.464735 	0.490335 	1.75573 	-1.83526e-20
36.3296 	-0.455218 	0.483303 	1.74197 	1.76707e-20
36.3997 	-0.455218 	0.483303 	1.74197 	1.76707e-20
36.4699 	-0.455218 	0.483303 	1.74197 	1.76707e-20
36.54 	-0.455218 	0.483303 	1.74197 	1.76707e-20
36.6102 	-0.455218 	0.483303 	1.74197 	1.76707e-20
36.6803 	-0.455218 	0.483303 	1.74197 	1.76707e-20
36.7504 	-0.455218 	0.483303 	1.74197 	1.76707e-20
36.8206 	-0.455218 	0.483303 	1.74197 	1.76707e-20
36.8907 	-0.455218 	0.483303 	1.74197 	1.76707e-20
36.9608 	-0.455218 	0.483303 	1.74197 	1.76707e-20
37.031 	-0.455218 	0.483303 	1.74197 	1.76707e-20
37.1011 	-0.445825 	0.470799 	1.72989 	0
37.1712 	-0.445825 	0.470799 	1.72989 	0
37.2414 	-0.445825 	0.470799 	1.72989 	0
37.3115 	-0.445825 	0.470799 	1.72989 	0
37.3816 	-0.445825 	0.470799 	1.72989 	0
37.4518 	-0.445825 	0.470799 	1.72989 	0
37.5219 	-0.445825 	0.470799 	1.72989 	0
37.592 	-0.445825 	0.470799 	1.72989 	0
37.6622 	-0.438062 	0.455572 	1.72007 	0
37.7323 	-0.438062 	0.455572 	1.72007 	0
37.8024 	-0.438062 	0.455572 	1.72007 	0
37.8726 	-0.438062 	0.455572 	1.72007 	0
37.9427 	-0.438062 	0.455572 	1.72007 	0
38.0128 	-0.438062 	0.455572 	1.72007 	0
38.083 	-0.438062 	0.455572 	1.72007 	0
38.1531 	-0.438062 	0.455572 	1.72007 	0
38.2232 	-0.438062 	0.455572 	1.72007 	0
38.2934 	-0.429021 	0.439487 	1.70988 	0
38.3635 	-0.429021 	0.439487 	1.70988 	0
38.4336 	-0.429021 	0.439487 	1.70988 	0
38.5038 	-0.429021 	0.439487 	1.70988 	0
38.5739 	-0.429021 	0.439487 	1.70988 	0
38.644 	-0.429021 	0.439487 	1.70988 	0
38.7142 	-0.429021 	0.439487 	1.70988 	0
38.7843 	-0.429021 	0.439487 	1.70988 	0
38.8545 	-0.429021 	0.439487 	1.70988 	0
38.9246 	-0.416283 	0.422231 	1.69744 	0
38.9947 	-0.416283 	0.422231 	1.69744 	0
39.0649 	-0.416283 	0.422231 	1.69744 	0
39.135 	-0.416283 	0.422231 	1.69744 	0
39.2051 	-0.416283 	0.422231 	1.69744 	0
39.2753 	-0.416283 	0.422231 	1.69744 	0
39.3454 	-0.416283 	0.422231 	1.69744 	0
39.4155 	-0.416283 	0.422231 	1.69744 	0
39.4857 	-0.416283 	0.422231 	1.69744 	0
39.5558 	-0.400178 	0.402777 	1.68409 	0
39.6259 	-0.400178 	0.402777 	1.68409 	0
39.6961 	-0.400178 	0.402777 	1.68409 	0
39.7662 	-0.400178 	0.402777 	1.68409 	0
39.8363 	-0.400178 	0.402777 	1.68409 	0
39.9065 	-0.400178 	0.402777 	1.68409 	0
39.9766 	-0.400178 	0.402777 	1.68409 	0
40.0467 	-0.400178 	0.402777 	1.68409 	0
40.1169 	-0.383583 	0.378705 	1.67267 	0
40.187 	-0.383583 	0.378705 	1.67267 	0
40.2571 	-0.383583 	0.378705 	1.67267 	0
40.3273 	-0.383583 	0.378705 	1.67267 	0
40.3974 	-0.383583 	0.378705 	1.67267 	0
40.4675 	-0.383583 	0.378705 	1.67267 	0
40.5377 	-0.383583 	0.378705 	1.67267 	0
40.6078 	-0.383583 	0.378705 	1.67267 	0
40.6779 	-0.383583 	0.378705 	1.67267 	0
40.7481 	-0.369134 	0.351184 	1.66581 	0
40.8182 	-0.369134 	0.351184 	1.66581 	0
40.8883 	-0.369134 	0.351184 	1.66581 	0
40.9585 	-0.369134 	0.351184 	1.66581 	0
41.0286 	-0.369134 	0.351184 	1.66581 	0
41.0988 	-0.369134 	0.351184 	1.66581 	0
41.1689 	-0.369134 	0.351184 	1.66581 	0
41.239 	-0.369134 	0.351184 	1.66581 	0
41.3092 	-0.369134 	0.351184 	1.66581 	0
41.3793 	-0.356579 	0.322096 	1.66191 	0
41.4494 	-0.356579 	0.322096 	1.66191 	0
41.5196 	-0.356579 	0.322096 	1.66191 	0
41.5897 	-0.356579 	0.322096 	1.66191 	0
41.6598 	-0.356579 	0.322096 	1.66191 	0
41.73 	-0.356579 	0.322096 	1.66191 	0
41.8001 	-0.356579 	0.322096 	1.66191 	0
41.8702 	-0.356579 	0.322096 	1.66191 	0
41.9404 	-0.356579 	0.322096 	1.66191 	0
42.0105 	-0.344887 	0.292347 	1.65888 	0
42.0806 	-0.344887 	0.292347 	1.65888 	0
42.1508 	-0.344887 	0.292347 	1.65888 	0
42.2209 	-0.344887 	0.292347 	1.65888 	0
42.291 	-0.344887 	0.292347 	1.65888 	0
42.3612 	-0.344887 	0.292347 	1.65888 	0
42.4313 	-0.344887 	0.292347 	1.65888 	0
42.5014 	-0.344887 	0.292347 	1.65888 	0
42.5716 	-0.344887 	0.292347 	1.65888 	0
42.6417 	-0.335443 	0.262746 	1.65792 	0
42.7118 	-0.335443 	0.262746 	1.65792 	0
42.782 	-0.335443 	0.262746 	1.65792 	0
42.8521 	-0.335443 	0.262746 	1.65792 	0
42.9222 	-0.335443 	0.262746 	1.65792 	0
42.9924 	-0.335443 	0.262746 	1.65792 	0
43.0625 	-0.335443 	0.262746 	1.65792 	0
43.1327 	-0.335443 	0.262746 	1.65792 	0
43.2028 	-0.329543 	0.23389 	1.65973 	0
43.2729 	-0.329543 	0.23389 	1.65973 	0
43.3431 	-0.329543 	0.23389 	1.65973 	0
43.4132 	-0.329543 	0.23389 	1.65973 	0
43.4833 	-0.329543 	0.23389 	1.65973 	0
43.5535 	-0.329543 	0.23389 	1.65973 	0
43.6236 	-0.329543 	0.23389 	1.65973 	0
43.6937 	-0.329543 	0.23389 	1.65973 	0
43.7639 	-0.329543 	0.23389 	1.65973 	0
43.834 	-0.325952 	0.205288 	1.66338 	0
43.9041 	-0.325952 	0.205288 	1.66338 	0
43.9743 	-0.325952 	0.205288 	1.66338 	0
44.0444 	-0.325952 	0.205288 	1.66338 	0
44.1145 	-0.325952 	0.205288 	1.66338 	0
44.1847 	-0.325952 	0.205288 	1.66338 	0
44.2548 	-0.325952 	0.205288 	1.66338 	0
44.3249 	-0.325952 	0.205288 	1.66338 	0
44.3951 	-0.325952 	0.205288 	1.66338 	0
44.4652 	-0.322876 	0.176537 	1.66729 	0
44.5353 	-0.322876 	0.176537 	1.66729 	0
44.6055 	-0.322876 	0.176537 	1.66729 	0
44.6756 	-0.322876 	0.176537 	1.66729 	0
44.7457 	-0.322876 	0.176537 	1.66729 	0
44.8159 	-0.322876 	0.176537 	1.66729 	0
44.886 	-0.322876 	0.176537 	1.66729 	0
44.9561 	-0.322876 	0.176537 	1.66729 	0
45.0263 	-0.322876 	0.176537 	1.66729 	0
45.0964 	-0.320068 	0.148166 	1.67136 	0
45.1665 	-0.320068 	0.148166 	1.67136 	0
45.2367 	-0.320068 	0.148166 	1.67136 	0
45.3068 	-0.320068 	0.148166 	1.67136 	0
45.377 	-0.320068 	0.148166 	1.67136 	0
45.4471 	-0.320068 	0.148166 	1.67136 	0
45.5172 	-0.320068 	0.148166 	1.67136 	0
45.5874 	-0.320068 	0.148166 	1.67136 	0
45.6575 	-0.317933 	0.12079 	1.67566 	0
45.7276 	-0.317933 	0.12079 	1.67566 	0
45.7978 	-0.317933 	0.12079 	1.67566 	0
45.8679 	-0.317933 	0.12079 	1.67566 	0
45.938 	-0.317933 	0.12079 	1.67566 	0
46.0082 	-0.317933 	0.12079 	1.67566 	0
46.0783 	-0.317933 	0.12079 	1.67566 	0
46.1484 	-0.317933 	0.12079 	1.67566 	0
46.2186 	-0.317933 	0.12079 	1.67566 	0
46.2887 	-0.315983 	0.094507 	1.67932 	0
46.3588 	-0.315983 	0.094507 	1.67932 	0
46.429 	-0.315983 	0.094507 	1.67932 	0
46.4991 	-0.315983 	0.094507 	1.67932 	0
46.5692 	-0.315983 	0.094507 	1.67932 	0
46.6394 	-0.315983 	0.094507 	1.67932 	0
46.7095 	-0.315983 	0.094507 	1.67932 	0
46.7796 	-0.261939 	0.0884002 	1.64688 	0
46.8498 	-0.261939 	0.0884002 	1.64688 	0
46.9199 	-0.259673 	0.0646332 	1.64857 	0
46.99 	-0.259673 	0.0646332 	1.64857 	0
47.0602 	-0.259673 	0.0646332 	1.64857 	0
47.1303 	-0.259673 	0.0646332 	1.64857 	0
47.2004 	-0.259673 	0.0646332 	1.64857 	0
47.2706 	-0.259673 	0.0646332 	1.64857 	0
47.3407 	-0.259673 	0.0646332 	1.64857 	0
47.4108 	-0.259673 	0.0646332 	1.64857 	0
47.481 	-0.259673 	0.0646332 	1.64857 	0
47.5511 	-0.257758 	0.0431194 	1.64906 	0
47.6213 	-0.257758 	0.0431194 	1.64906 	0
47.6914 	-0.257758 	0.0431194 	1.64906 	0
47.7615 	-0.257758 	0.0431194 	1.64906 	0
47.8317 	-0.257758 	0.0431194 	1.64906 	0
47.9018 	-0.257758 	0.0431194 	1.64906 	0
47.9719 	-0.257758 	0.0431194 	1.64906 	0
48.0421 	-0.257758 	0.0431194 	1.64906 	0
48.1122 	-0.257758 	0.0431194 	1.64906 	0
48.1823 	-0.255053 	0.0239984 	1.64708 	0
48.2525 	-0.255053 	0.0239984 	1.64708 	0
48.3226 	-0.255053 	0.0239984 	1.64708 	0
48.3927 	-0.255053 	0.0239984 	1.64708 	0
48.4629 	-0.255053 	0.0239984 	1.64708 	0
48.533 	-0.255053 	0.0239984 	1.64708 	0
48.6031 	-0.255053 	0.0239984 	1.64708 	0
48.6733 	-0.255053 	0.0239984 	1.64708 	0
48.7434 	-0.250123 	0.00702043 	1.64164 	0
48.8135 	-0.250123 	0.00702043 	1.64164 	0
48.8837 	-0.250123 	0.00702043 	1.64164 	0
48.9538 	-0.250123 	0.00702043 	1.64164 	0
49.0239 	-0.250123 	0.00702043 	1.64164 	0
49.0941 	-0.250123 	0.00702043 	1.64164 	0
49.1642 	-0.250123 	0.00702043 	1.64164 	0
49.2343 	-0.250123 	0.00702043 	1.64164 	0
49.3045 	-0.250123 	0.00702043 	1.64164 	0
49.3746 	-0.24196 	-0.0084031 	1.63236 	0
49.4447 	-0.24196 	-0.0084031 	1.63236 	0
49.5149 	-0.24196 	-0.0084031 	1.63236 	0
49.585 	-0.24196 	-0.0084031 	1.63236 	0
49.6551 	-0.24196 	-0.0084031 	1.63236 	0
49.7253 	-0.24196 	-0.0084031 	1.63236 	0
49.7954 	-0.24196 	-0.0084031 	1.63236 	0
49.8656 	-0.24196 	-0.0084031 	1.63236 	0
49.9357 	-0.24196 	-0.0084031 	1.63236 	0
50.0058 	-0.231277 	-0.0214132 	1.61927 	0
50.076 	-0.231277 	-0.0214132 	1.61927 	0
50.1461 	-0.231277 	-0.0214132 	1.61927 	0
50.2162 	-0.231277 	-0.0214132 	1.61927 	0
50.2864 	-0.231277 	-0.0214132 	1.61927 	0
50.3565 	-0.231277 	-0.0214132 	1.61927 	0
50.4266 	-0.231277 	-0.0214132 	1.61927 	0
50.4968 	-0.231277 	-0.0214132 	1.61927 	0
50.5669 	-0.231277 	-0.0214132 	1.61927 	0
50.637 	-0.217764 	-0.0323152 	1.60281 	0
50.7072 	-0.217764 	-0.0323152 	1.60281 	0
50.7773 	-0.217764 	-0.0323152 	1.60281 	0
50.8474 	-0.217764 	-0.0323152 	1.60281 	0
50.9176 	-0.217764 	-0.0323152 	1.60281 	0
50.9877 	-0.217764 	-0.0323152 	1.60281 	0
51.0578 	-0.217764 	-0.0323152 	1.60281 	0
51.128 	-0.217764 	-0.0323152 	1.60281 	0
51.1981 	-0.217764 	-0.0323152 	1.60281 	0
51.2682 	-0.202443 	-0.0408453 	1.58422 	0
51.3384 	-0.202443 	-0.0408453 	1.58422 	0
51.4085 	-0.202443 	-0.0408453 	1.58422 	0
51.4786 	-0.202443 	-0.0408453 	1.58422 	0
51.5488 	-0.202443 	-0.0408453 	1.58422 	0
51.6189 	-0.202443 	-0.0408453 	1.58422 	0
51.689 	-0.202443 	-0.0408453 	1.58422 	0
51.7592 	-0.202443 	-0.0408453 	1.58422 	0
51.8293 	-0.186214 	-0.0473125 	1.56416 	0
51.8994 	-0.186214 	-0.0473125 	1.56416 	0
51.9696 	-0.186214 	-0.0473125 	1.56416 	0
52.0397 	-0.186214 	-0.0473125 	1.56416 	0
52.1099 	-0.186214 	-0.0473125 	1.56416 	0
52.18 	-0.186214 	-0.0473125 	1.56416 	0
52.2501 	-0.186214 	-0.0473125 	1.56416 	0
52.3203 	-0.186214 	-0.0473125 	1.56416 	0
52.3904 	-0.186214 	-0.0473125 	1.56416 	0
52.4605 	-0.169891 	-0.0512207 	1.54373 	0
52.5307 	-0.169891 	-0.0512207 	1.54373 	0
52.6008 	-0.169891 	-0.0512207 	1.54373 	0
52.6709 	-0.169891 	-0.0512207 	1.54373 	0
52.7411 	-0.169891 	-0.0512207 	1.54373 	0
52.8112 	-0.169891 	-0.0512207 	1.54373 	0
52.8813 	-0.169891 	-0.0512207 	1.54373 	0
52.9515 	-0.169891 	-0.0512207 	1.54373 	0
53.0216 	-0.169891 	-0.0512207 	1.54373 	0
53.0917 	-0.154171 	-0.0532866 	1.52354 	0
53.1619 	-0.154171 	-0.0532866 	1.52354 	0
53.232 	-0.154171 	-0.0532866 	1.52354 	0
53.3021 	-0.154171 	-0.0532866 	1.52354 	0
53.3723 	-0.154171 	-0.0532866 	1.52354 	0
53.4424 	-0.154171 	-0.0532866 	1.52354 	0
53.5125 	-0.154171 	-0.0532866 	1.52354 	0
53.5827 	-0.154171 	-0.0532866 	1.52354 	0
53.6528 	-0.154171 	-0.0532866 	1.52354 	0
53.7229 	-0.139407 	-0.0536739 	1.50407 	0
53.7931 	-0.139407 	-0.0536739 	1.50407 	0
53.8632 	-0.139407 	-0.0536739 	1.50407 	0
53.9333 	-0.139407 	-0.0536739 	1.50407 	0
54.0035 	-0.139407 	-0.0536739 	1.50407 	0
54.0736 	-0.139407 	-0.0536739 	1.50407 	0
54.1437 	-0.139407 	-0.0536739 	1.50407 	0
54.2139 	-0.139407 	-0.0536739 	1.50407 	0
54.284 	-0.125757 	-0.0533746 	1.48499 	0
54.3542 	-0.125757 	-0.0533746 	1.48499 	0
54.4243 	-0.125757 	-0.0533746 	1.48499 	0
54.4944 	-0.125757 	-0.0533746 	1.48499 	0
54.5646 	-0.125757 	-0.0533746 	1.48499 	0
54.6347 	-0.125757 	-0.0533746 	1.48499 	0
54.7048 	-0.125757 	-0.0533746 	1.48499 	0
54.775 	-0.125757 	-0.0533746 	1.48499 	0
54.8451 	-0.125757 	-0.0533746 	1.48499 	0
54.9152 	-0.113378 	-0.0529646 	1.46687 	0
54.9854 	-0.113378 	-0.0529646 	1.46687 	0
55.0555 	-0.113378 	-0.0529646 	1.46687 	0
55.1256 	-0.113378 	-0.0529646 	1.46687 	0
55.1958 	-0.113378 	-0.0529646 	1.46687 	0
55.2659 	-0.113378 	-0.0529646 	1.46687 	0
55.336 	-0.113378 	-0.0529646 	1.46687 	0
55.4062 	-0.113378 	-0.0529646 	1.46687 	0
55.4763 	-0.113378 	-0.0529646 	1.46687 	0
55.5464 	-0.102556 	-0.0530837 	1.4499 	0
55.6166 	-0.102556 	-0.0530837 	1.4499 	0
55.6867 	-0.102556 	-0.0530837 	1.4499 	0
55.7568 	-0.102556 	-0.0530837 	1.4499 	0
55.827 	-0.102556 	-0.0530837 	1.4499 	0
55.8971 	-0.102556 	-0.0530837 	1.4499 	0
55.9672 	-0.102556 	-0.0530837 	1.4499 	0
56.0374 	-0.102556 	-0.0530837 	1.4499 	0
56.1075 	-0.102556 	-0.0530837 	1.4499 	0
56.1776 	-0.0931492 	-0.0538331 	1.43545 	0
56.2478 	-0.0931492 	-0.0538331 	1.43545 	0
56.3179 	-0.0931492 	-0.0538331 	1.43545 	0
56.3881 	-0.0931492 	-0.0538331 	1.43545 	0
56.4582 	-0.0931492 	-0.0538331 	1.43545 	0
56.5283 	-0.0931492 	-0.0538331 	1.43545 	0
56.5985 	-0.0931492 	-0.0538331 	1.43545 	0
56.6686 	-0.0931492 	-0.0538331 	1.43545 	0
56.7387 	-0.0931492 	-0.0538331 	1.43545 	0
56.8089 	-0.0841654 	-0.055301 	1.42286 	0
56.879 	-0.0841654 	-0.055301 	1.42286 	0
56.9491 	-0.0841654 	-0.055301 	1.42286 	0
57.0193 	-0.0841654 	-0.055301 	1.42286 	0
57.0894 	-0.0841654 	-0.055301 	1.42286 	0
57.1595 	-0.0841654 	-0.055301 	1.42286 	0
57.2297 	-0.0841654 	-0.055301 	1.42286 	0
57.2998 	-0.0841654 	-0.055301 	1.42286 	0
57.3699 	-0.0747854 	-0.0574965 	1.41219 	0
57.4401 	-0.0747854 	-0.0574965 	1.41219 	0
57.5102 	-0.0747854 	-0.0574965 	1.41219 	0
57.5803 	-0.0747854 	-0.0574965 	1.41219 	0
57.6505 	-0.0747854 	-0.0574965 	1.41219 	0
57.7206 	-0.0747854 	-0.0574965 	1.41219 	0
57.7907 	-0.0747854 	-0.0574965 	1.41219 	0
57.8609 	-0.0747854 	-0.0574965 	1.41219 	0
57.931 	-0.0747854 	-0.0574965 	1.41219 	0
58.0011 	-0.0649324 	-0.060282 	1.4044 	0
58.0713 	-0.0649324 	-0.060282 	1.4044 	0
58.1414 	-0.0649324 	-0.060282 	1.4044 	0
58.2115 	-0.0649324 	-0.060282 	1.4044 	0
58.2817 	-0.0649324 	-0.060282 	1.4044 	0
58.3518 	-0.0649324 	-0.060282 	1.4044 	0
58.4219 	-0.0649324 	-0.060282 	1.4044 	0
58.4921 	-0.0649324 	-0.060282 	1.4044 	0
58.5622 	-0.0649324 	-0.060282 	1.4044 	0
58.6324 	-0.0545773 	-0.0634544 	1.40021 	0
58.7025 	-0.0545773 	-0.0634544 	1.40021 	0
58.7726 	-0.0545773 	-0.0634544 	1.40021 	0
58.8428 	-0.0545773 	-0.0634544 	1.40021 	0
58.9129 	-0.0545773 	-0.0634544 	1.40021 	0
58.983 	-0.0545773 	-0.0634544 	1.40021 	0
59.0532 	-0.0545773 	-0.0634544 	1.40021 	0
59.1233 	-0.0545773 	-0.0634544 	1.40021 	0
59.1934 	-0.0545773 	-0.0634544 	1.40021 	0
59.2636 	-0.0434115 	-0.0665377 	1.39896 	0
59.3337 	-0.0434115 	-0.0665377 	1.39896 	0
59.4038 	-0.0434115 	-0.0665377 	1.39896 	0
59.474 	-0.0434115 	-0.0665377 	1.39896 	0
59.5441 	-0.0434115 	-0.0665377 	1.39896 	0
59.6142 	-0.0434115 	-0.0665377 	1.39896 	0
59.6844 	-0.0434115 	-0.0665377 	1.39896 	0
59.7545 	-0.0434115 	-0.0665377 	1.39896 	0
59.8246 	-0.0316035 	-0.0687423 	1.39992 	0
59.8948 	-0.0316035 	-0.0687423 	1.39992 	0
59.9649 	-0.0316035 	-0.0687423 	1.39992 	0
60.035 	-0.0316035 	-0.0687423 	1.39992 	0
60.1052 	-0.0316035 	-0.0687423 	1.39992 	0
60.1753 	-0.0316035 	-0.0687423 	1.39992 	0
60.2454 	-0.0316035 	-0.0687423 	1.39992 	0
60.3156 	-0.0316035 	-0.0687423 	1.39992 	0
60.3857 	-0.0316035 	-0.0687423 	1.39992 	0
60.4558 	-0.0199901 	-0.0700432 	1.40368 	0
60.526 	-0.0199901 	-0.0700432 	1.40368 	0
60.5961 	-0.0199901 	-0.0700432 	1.40368 	0
60.6662 	-0.0199901 	-0.0700432 	1.40368 	0
60.7364 	-0.0199901 	-0.0700432 	1.40368 	0
60.8065 	-0.0199901 	-0.0700432 	1.40368 	0
60.8767 	-0.0199901 	-0.0700432 	1.40368 	0
60.9468 	-0.0199901 	-0.0700432 	1.40368 	0
61.0169 	-0.0199901 	-0.0700432 	1.40368 	0
61.0871 	-0.0087852 	-0.0687803 	1.40885 	0
61.1572 	-0.0087852 	-0.0687803 	1.40885 	0
61.2273 	-0.0087852 	-0.0687803 	1.40885 	0
61.2975 	-0.0087852 	-0.0687803 	1.40885 	0
61.3676 	-0.0087852 	-0.0687803 	1.40885 	0
61.4377 	-0.0087852 	-0.0687803 	1.40885 	0
61.5079 	-0.0087852 	-0.0687803 	1.40885 	0
61.578 	-0.0087852 	-0.0687803 	1.40885 	0
61.6481 	-0.0087852 	-0.0687803 	1.40885 	0
61.7183 	0.00192122 	-0.0677552 	1.41573 	0
61.7884 	0.00192122 	-0.0677552 	1.41573 	0
61.8585 	0.00192122 	-0.0677552 	1.41573 	0
61.9287 	0.00192122 	-0.0677552 	1.41573 	0
61.9988 	0.00192122 	-0.0677552 	1.41573 	0
62.0689 	0.00192122 	-0.0677552 	1.41573 	0
62.1391 	0.00192122 	-0.0677552 	1.41573 	0
62.2092 	0.00192122 	-0.0677552 	1.41573 	0
62.2793 	0.00192122 	-0.0677552 	1.41573 	0
62.3495 	0.011475 	-0.0630131 	1.42283 	0
62.4196 	0.011475 	-0.0630131 	1.42283 	0
62.4897 	0.011475 	-0.0630131 	1.42283 	0
62.5599 	0.011475 	-0.0630131 	1.42283 	0
62.63 	0.011475 	-0.0630131 	1.42283 	0
62.7001 	0.011475 	-0.0630131 	1.42283 	0
62.7703 	0.011475 	-0.0630131 	1.42283 	0
62.8404 	0.011475 	-0.0630131 	1.42283 	0
62.9105 	0.0192737 	-0.0590249 	1.42926 	0
62.9807 	0.0192737 	-0.0590249 	1.42926 	0
63.0508 	0.0192737 	-0.0590249 	1.42926 	0
63.121 	0.0192737 	-0.0590249 	1.42926 	0
63.1911 	0.0192737 	-0.0590249 	1.42926 	0
63.2612 	0.0192737 	-0.0590249 	1.42926 	0
63.3314 	0.0192737 	-0.0590249 	1.42926 	0
63.4015 	0.0192737 	-0.0590249 	1.42926 	0
63.4716 	0.0192737 	-0.0590249 	1.42926 	0
63.5418 	0.0252105 	-0.0518395 	1.43663 	0
63.6119 	0.0252105 	-0.0518395 	1.43663 	0
63.682 	0.0252105 	-0.0518395 	1.43663 	0
63.7522 	0.0252105 	-0.0518395 	1.43663 	0
63.8223 	0.0252105 	-0.0518395 	1.43663 	0
63.8924 	0.0252105 	-0.0518395 	1.43663 	0
63.9626 	0.0252105 	-0.0518395 	1.43663 	0
64.0327 	0.0252105 	-0.0518395 	1.43663 	0
64.1028 	0.0252105 	-0.0518395 	1.43663 	0
64.173 	0.0291091 	-0.0449578 	1.4403 	0
64.2431 	0.0291091 	-0.0449578 	1.4403 	0
64.3132 	0.0291091 	-0.0449578 	1.4403 	0
64.3834 	0.0291091 	-0.0449578 	1.4403 	0
64.4535 	0.0291091 	-0.0449578 	1.4403 	0
64.5236 	0.0291091 	-0.0449578 	1.4403 	0
64.5938 	0.0291091 	-0.0449578 	1.4403 	0
64.6639 	0.0291091 	-0.0449578 	1.4403 	0
64.734 	0.0291091 	-0.0449578 	1.4403 	0
64.8042 	0.0309023 	-0.0365775 	1.446 	0
64.8743 	0.0309023 	-0.0365775 	1.446 	0
64.9444 	0.0309023 	-0.0365775 	1.446 	0
65.0146 	0.0309023 	-0.0365775 	1.446 	0
65.0847 	0.0309023 	-0.0365775 	1.446 	0
65.1548 	0.0309023 	-0.0365775 	1.446 	0
65.225 	0.0309023 	-0.0365775 	1.446 	0
65.2951 	0.0397645 	-0.0385916 	1.4871 	0
65.3653 	0.0397645 	-0.0385916 	1.4871 	0
65.4354 	0.0395767 	-0.0270092 	1.48548 	0
65.5055 	0.0395767 	-0.0270092 	1.48548 	0
65.5757 	0.0395767 	-0.0270092 	1.48548 	0
65.6458 	0.0395767 	-0.0270092 	1.48548 	0
65.7159 	0.0395767 	-0.0270092 	1.48548 	0
65.7861 	0.0395767 	-0.0270092 	1.48548 	0
65.8562 	0.0395767 	-0.0270092 	1.48548 	0
65.9263 	0.0395767 	-0.0270092 	1.48548 	0
65.9965 	0.0365909 	-0.0179791 	1.48712 	0
66.0666 	0.0365909 	-0.0179791 	1.48712 	0
66.1367 	0.0365909 	-0.0179791 	1.48712 	0
66.2069 	0.0365909 	-0.0179791 	1.48712 	0
66.277 	0.0365909 	-0.0179791 	1.48712 	0
66.3471 	0.0365909 	-0.0179791 	1.48712 	0
66.4173 	0.0365909 	-0.0179791 	1.48712 	0
66.4874 	0.0365909 	-0.0179791 	1.48712 	0
66.5575 	0.0365909 	-0.0179791 	1.48712 	0
66.6277 	0.0315523 	-0.00556923 	1.48237 	0
66.6978 	0.0315523 	-0.00556923 	1.48237 	0
66.7679 	0.0315523 	-0.00556923 	1.48237 	0
66.8381 	0.0315523 	-0.00556923 	1.48237 	0
66.9082 	0.0315523 	-0.00556923 	1.48237 	0
66.9783 	0.0315523 	-0.00556923 	1.48237 	0
67.0485 	0.0315523 	-0.00556923 	1.48237 	0
67.1186 	0.0315523 	-0.00556923 	1.48237 	0
67.1887 	0.0315523 	-0.00556923 	1.48237 	0
67.2589 	0.0240763 	-0.000198838 	1.47868 	0
67.329 	0.0240763 	-0.000198838 	1.47868 	0
67.3991 	0.0240763 	-0.000198838 	1.47868 	0
67.4693 	0.0240763 	-0.000198838 	1.47868 	0
67.5394 	0.0240763 	-0.000198838 	1.47868 	0
67.6096 	0.0240763 	-0.000198838 	1.47868 	0
67.6797 	0.0240763 	-0.000198838 	1.47868 	0
67.7498 	0.0240763 	-0.000198838 	1.47868 	0
67.82 	0.0240763 	-0.000198838 	1.47868 	0
67.8901 	0.0154796 	0.00971542 	1.47381 	0
67.9602 	0.0154796 	0.00971542 	1.47381 	0
68.0304 	0.0154796 	0.00971542 	1.47381 	0
68.1005 	0.0154796 	0.00971542 	1.47381 	0
68.1706 	0.0154796 	0.00971542 	1.47381 	0
68.2408 	0.0154796 	0.00971542 	1.47381 	0
68.3109 	0.0154796 	0.00971542 	1.47381 	0
68.381 	0.0154796 	0.00971542 	1.47381 	0
68.4512 	0.00529738 	0.0103967 	1.46206 	0
68.5213 	0.00529738 	0.0103967 	1.46206 	0
68.5914 	0.00529738 	0.0103967 	1.46206 	0
68.6616 	0.00529738 	0.0103967 	1.46206 	0
68.7317 	0.00529738 	0.0103967 	1.46206 	0
68.8018 	0.00529738 	0.0103967 	1.46206 	0
68.872 	0.00529738 	0.0103967 	1.46206 	0
68.9421 	0.00529738 	0.0103967 	1.46206 	0
69.0122 	0.00529738 	0.0103967 	1.46206 	0
