0.490941 	3.00365 	0.00434904 	3.00033 	-4.26108e-20
0.561075 	3.00365 	0.00434904 	3.00033 	-4.26108e-20
0.63121 	3.00365 	0.00434904 	3.00033 	-4.26108e-20
0.701344 	3.00365 	0.00434904 	3.00033 	-4.26108e-20
0.771478 	3.00365 	0.00434904 	3.00033 	-4.26108e-20
0.841613 	3.00365 	0.00434904 	3.00033 	-4.26108e-20
0.911747 	2.97862 	0.0145014 	3.00801 	-9.87888e-20
0.981881 	2.97862 	0.0145014 	3.00801 	-9.87888e-20
1.05202 	2.97862 	0.0145014 	3.00801 	-9.87888e-20
1.12215 	2.97862 	0.0145014 	3.00801 	-9.87888e-20
1.19228 	2.97862 	0.0145014 	3.00801 	-9.87888e-20
1.26242 	2.97862 	0.0145014 	3.00801 	-9.87888e-20
1.33255 	2.93466 	0.0193048 	3.02331 	9.8721e-20
1.40269 	2.93466 	0.0193048 	3.02331 	9.8721e-20
1.47282 	2.93466 	0.0193048 	3.02331 	9.8721e-20
1.54296 	2.93466 	0.0193048 	3.02331 	9.8721e-20
1.61309 	2.93466 	0.0193048 	3.02331 	9.8721e-20
1.68323 	2.93466 	0.0193048 	3.02331 	9.8721e-20
1.75336 	2.87431 	0.0247326 	3.04252 	4.79005e-20
1.82349 	2.87431 	0.0247326 	3.04252 	4.79005e-20
1.89363 	2.87431 	0.0247326 	3.04252 	4.79005e-20
1.96376 	2.87431 	0.0247326 	3.04252 	4.79005e-20
2.0339 	2.87431 	0.0247326 	3.04252 	4.79005e-20
2.10403 	2.87431 	0.0247326 	3.04252 	4.79005e-20
2.17417 	2.80305 	0.0242462 	3.06668 	0
2.2443 	2.80305 	0.0242462 	3.06668 	0
2.31443 	2.80305 	0.0242462 	3.06668 	0
2.38457 	2.80305 	0.0242462 	3.06668 	0
2.4547 	2.80305 	0.0242462 	3.06668 	0
2.52484 	2.80305 	0.0242462 	3.06668 	0
2.59497 	2.72672 	0.0256687 	3.09073 	-2.24613e-19
2.66511 	2.72672 	0.0256687 	3.09073 	-2.24613e-19
2.73524 	2.72672 	0.0256687 	3.09073 	-2.24613e-19
2.80538 	2.72672 	0.0256687 	3.09073 	-2.24613e-19
2.87551 	2.72672 	0.0256687 	3.09073 	-2.24613e-19
2.94564 	2.72672 	0.0256687 	3.09073 	-2.24613e-19
3.01578 	2.6504 	0.0233601 	3.11625 	1.79061e-19
3.08591 	2.6504 	0.0233601 	3.11625 	1.79061e-19
3.15605 	2.6504 	0.0233601 	3.11625 	1.79061e-19
3.22618 	2.6504 	0.0233601 	3.11625 	1.79061e-19
3.29632 	2.6504 	0.0233601 	3.11625 	1.79061e-19
3.36645 	2.6504 	0.0233601 	3.11625 	1.79061e-19
3.43659 	2.57594 	0.0249972 	3.13924 	-3.38011e-19
3.50672 	2.57594 	0.0249972 	3.13924 	-3.38011e-19
3.57685 	2.57594 	0.0249972 	3.13924 	-3.38011e-19
3.64699 	2.57594 	0.0249972 	3.13924 	-3.38011e-19
3.71712 	2.57594 	0.0249972 	3.13924 	-3.38011e-19
3.78726 	2.56803 	0.0141915 	3.138 	-3.75681e-19
3.85739 	2.49485 	0.0119797 	3.16283 	6.98082e-19
3.92753 	2.49485 	0.0119797 	3.16283 	6.98082e-19
3.99766 	2.49485 	0.0119797 	3.16283 	6.98082e-19
4.06779 	2.49485 	0.0119797 	3.16283 	6.98082e-19
4.13793 	2.49485 	0.0119797 	3.16283 	6.98082e-19
4.20806 	2.49485 	0.0119797 	3.16283 	6.98082e-19
4.2782 	2.42364 	0.0144043 	3.18372 	-4.03534e-19
4.34833 	2.42364 	0.0144043 	3.18372 	-4.03534e-19
4.41847 	2.42364 	0.0144043 	3.18372 	-4.03534e-19
4.4886 	2.42364 	0.0144043 	3.18372 	-4.03534e-19
4.55874 	2.42364 	0.0144043 	3.18372 	-4.03534e-19
4.62887 	2.42364 	0.0144043 	3.18372 	-4.03534e-19
4.699 	2.42364 	0.0144043 	3.18372 	-4.03534e-19
4.76914 	2.35425 	0.0119688 	3.20718 	-3.05463e-19
4.83927 	2.35425 	0.0119688 	3.20718 	-3.05463e-19
4.90941 	2.35425 	0.0119688 	3.20718 	-3.05463e-19
4.97954 	2.35425 	0.0119688 	3.20718 	-3.05463e-19
5.04968 	2.35425 	0.0119688 	3.20718 	-3.05463e-19
5.11981 	2.35425 	0.0119688 	3.20718 	-3.05463e-19
5.18994 	2.28653 	0.0141632 	3.22653 	2.67816e-19
5.26008 	2.28653 	0.0141632 	3.22653 	2.67816e-19
5.33021 	2.28653 	0.0141632 	3.22653 	2.67816e-19
5.40035 	2.28653 	0.0141632 	3.22653 	2.67816e-19
5.47048 	2.28653 	0.0141632 	3.22653 	2.67816e-19
5.54062 	2.28653 	0.0141632 	3.22653 	2.67816e-19
5.61075 	2.22143 	0.011436 	3.24853 	-5.39809e-19
5.68089 	2.22143 	0.011436 	3.24853 	-5.39809e-19
5.75102 	2.22143 	0.011436 	3.24853 	-5.39809e-19
5.82115 	2.22143 	0.011436 	3.24853 	-5.39809e-19
5.89129 	2.22143 	0.011436 	3.24853 	-5.39809e-19
5.96142 	2.22143 	0.011436 	3.24853 	-5.39809e-19
6.03156 	2.1595 	0.0138315 	3.26569 	5.76017e-19
6.10169 	2.1595 	0.0138315 	3.26569 	5.76017e-19
6.17183 	2.1595 	0.0138315 	3.26569 	5.76017e-19
6.24196 	2.1595 	0.0138315 	3.26569 	5.76017e-19
6.3121 	2.1595 	0.0138315 	3.26569 	5.76017e-19
6.38223 	2.1595 	0.0138315 	3.26569 	5.76017e-19
6.45236 	2.10159 	0.0113244 	3.28543 	3.44496e-20
6.5225 	2.10159 	0.0113244 	3.28543 	3.44496e-20
6.59263 	2.10159 	0.0113244 	3.28543 	3.44496e-20
6.66277 	2.10159 	0.0113244 	3.28543 	3.44496e-20
6.7329 	2.10159 	0.0113244 	3.28543 	3.44496e-20
6.80304 	2.10159 	0.0113244 	3.28543 	3.44496e-20
6.87317 	2.04775 	0.0143312 	3.29974 	-3.35514e-20
6.9433 	2.04775 	0.0143312 	3.29974 	-3.35514e-20
7.01344 	2.04775 	0.0143312 	3.29974 	-3.35514e-20
7.08357 	2.04775 	0.0143312 	3.29974 	-3.35514e-20
7.15371 	2.04775 	0.0143312 	3.29974 	-3.35514e-20
7.22384 	2.04775 	0.0143312 	3.29974 	-3.35514e-20
7.29398 	1.99821 	0.0122155 	3.31697 	0
7.36411 	1.99821 	0.0122155 	3.31697 	0
7.43425 	1.99821 	0.0122155 	3.31697 	0
7.50438 	1.99821 	0.0122155 	3.31697 	0
7.57451 	1.99821 	0.0122155 	3.31697 	0
7.64465 	1.99821 	0.0122155 	3.31697 	0
7.71478 	1.99821 	0.0122155 	3.31697 	0
7.78492 	1.9524 	0.0158944 	3.32851 	0
7.85505 	1.9524 	0.0158944 	3.32851 	0
7.92519 	1.9524 	0.0158944 	3.32851 	0
7.99532 	1.9524 	0.0158944 	3.32851 	0
8.06545 	1.9524 	0.0158944 	3.32851 	0
8.13559 	1.9524 	0.0158944 	3.32851 	0
8.20572 	1.91018 	0.0141772 	3.34365 	0
8.27586 	1.91018 	0.0141772 	3.34365 	0
8.34599 	1.91018 	0.0141772 	3.34365 	0
8.41613 	1.91018 	0.0141772 	3.34365 	0
8.48626 	1.91018 	0.0141772 	3.34365 	0
8.5564 	1.91018 	0.0141772 	3.34365 	0
8.62653 	1.87083 	0.0186898 	3.3529 	2.21495e-22
8.69666 	1.87083 	0.0186898 	3.3529 	2.21495e-22
8.7668 	1.87083 	0.0186898 	3.3529 	2.21495e-22
8.83693 	1.87083 	0.0186898 	3.3529 	2.21495e-22
8.90707 	1.87083 	0.0186898 	3.3529 	2.21495e-22
8.9772 	1.87083 	0.0186898 	3.3529 	2.21495e-22
9.04734 	1.83415 	0.0175756 	3.36657 	-4.47117e-19
9.11747 	1.83415 	0.0175756 	3.36657 	-4.47117e-19
9.18761 	1.83415 	0.0175756 	3.36657 	-4.47117e-19
9.25774 	1.81948 	0.0136058 	3.36922 	-3.89969e-20
9.32787 	1.81948 	0.0136058 	3.36922 	-3.89969e-20
9.39801 	1.81948 	0.0136058 	3.36922 	-3.89969e-20
9.46814 	1.81948 	0.0136058 	3.36922 	-3.89969e-20
9.53828 	1.78383 	0.0204232 	3.37777 	-4.66111e-19
9.60841 	1.78383 	0.0204232 	3.37777 	-4.66111e-19
9.67855 	1.78383 	0.0204232 	3.37777 	-4.66111e-19
9.74868 	1.78383 	0.0204232 	3.37777 	-4.66111e-19
9.81881 	1.78383 	0.0204232 	3.37777 	-4.66111e-19
9.88895 	1.78383 	0.0204232 	3.37777 	-4.66111e-19
9.95908 	1.74972 	0.0203854 	3.39009 	-2.84234e-20
10.0292 	1.74972 	0.0203854 	3.39009 	-2.84234e-20
10.0994 	1.74972 	0.0203854 	3.39009 	-2.84234e-20
10.1695 	1.74972 	0.0203854 	3.39009 	-2.84234e-20
10.2396 	1.74972 	0.0203854 	3.39009 	-2.84234e-20
10.3098 	1.74972 	0.0203854 	3.39009 	-2.84234e-20
10.3799 	1.71657 	0.0292822 	3.39759 	4.39568e-19
10.45 	1.71657 	0.0292822 	3.39759 	4.39568e-19
10.5202 	1.71657 	0.0292822 	3.39759 	4.39568e-19
10.5903 	1.71657 	0.0292822 	3.39759 	4.39568e-19
10.6604 	1.71657 	0.0292822 	3.39759 	4.39568e-19
10.7306 	1.71657 	0.0292822 	3.39759 	4.39568e-19
10.8007 	1.6842 	0.0311845 	3.40956 	-4.66942e-19
10.8708 	1.6842 	0.0311845 	3.40956 	-4.66942e-19
10.941 	1.6842 	0.0311845 	3.40956 	-4.66942e-19
11.0111 	1.6842 	0.0311845 	3.40956 	-4.66942e-19
11.0812 	1.6842 	0.0311845 	3.40956 	-4.66942e-19
11.1514 	1.6842 	0.0311845 	3.40956 	-4.66942e-19
11.2215 	1.6842 	0.0311845 	3.40956 	-4.66942e-19
11.2916 	1.65195 	0.0434149 	3.41642 	-8.44823e-19
11.3618 	1.65195 	0.0434149 	3.41642 	-8.44823e-19
11.4319 	1.65195 	0.0434149 	3.41642 	-8.44823e-19
11.502 	1.65195 	0.0434149 	3.41642 	-8.44823e-19
11.5722 	1.65195 	0.0434149 	3.41642 	-8.44823e-19
11.6423 	1.65195 	0.0434149 	3.41642 	-8.44823e-19
11.7124 	1.61937 	0.0485818 	3.42862 	8.16595e-19
11.7826 	1.61937 	0.0485818 	3.42862 	8.16595e-19
11.8527 	1.61937 	0.0485818 	3.42862 	8.16595e-19
11.9228 	1.61937 	0.0485818 	3.42862 	8.16595e-19
11.993 	1.61937 	0.0485818 	3.42862 	8.16595e-19
12.0631 	1.61937 	0.0485818 	3.42862 	8.16595e-19
12.1332 	1.58533 	0.0661941 	3.43566 	0
12.2034 	1.58533 	0.0661941 	3.43566 	0
12.2735 	1.58533 	0.0661941 	3.43566 	0
12.3437 	1.58533 	0.0661941 	3.43566 	0
12.4138 	1.58533 	0.0661941 	3.43566 	0
12.4839 	1.58533 	0.0661941 	3.43566 	0
12.5541 	1.58533 	0.0661941 	3.43566 	0
12.6242 	1.54902 	0.0756569 	3.44881 	-2.45371e-20
12.6943 	1.54902 	0.0756569 	3.44881 	-2.45371e-20
12.7645 	1.54902 	0.0756569 	3.44881 	-2.45371e-20
12.8346 	1.54902 	0.0756569 	3.44881 	-2.45371e-20
12.9047 	1.54902 	0.0756569 	3.44881 	-2.45371e-20
12.9749 	1.54902 	0.0756569 	3.44881 	-2.45371e-20
13.045 	1.50928 	0.10103 	3.4572 	2.46235e-20
13.1151 	1.50928 	0.10103 	3.4572 	2.46235e-20
13.1853 	1.50928 	0.10103 	3.4572 	2.46235e-20
13.2554 	1.50928 	0.10103 	3.4572 	2.46235e-20
13.3255 	1.50928 	0.10103 	3.4572 	2.46235e-20
13.3957 	1.50928 	0.10103 	3.4572 	2.46235e-20
13.4658 	1.50928 	0.10103 	3.4572 	2.46235e-20
13.5359 	1.4658 	0.115614 	3.47191 	0
13.6061 	1.4658 	0.115614 	3.47191 	0
13.6762 	1.4658 	0.115614 	3.47191 	0
13.7463 	1.4658 	0.115614 	3.47191 	0
13.8165 	1.4658 	0.115614 	3.47191 	0
13.8866 	1.4658 	0.115614 	3.47191 	0
13.9567 	1.41893 	0.164028 	3.4858 	8.80283e-22
14.0269 	1.41893 	0.164028 	3.4858 	8.80283e-22
14.097 	1.41893 	0.164028 	3.4858 	8.80283e-22
14.1671 	1.41893 	0.164028 	3.4858 	8.80283e-22
14.2373 	1.41893 	0.164028 	3.4858 	8.80283e-22
14.3074 	1.41893 	0.164028 	3.4858 	8.80283e-22
14.3776 	1.39662 	0.16244 	3.49024 	2.7779e-19
14.4477 	1.29151 	0.164718 	3.5191 	-4.52469e-20
14.5178 	1.29151 	0.164718 	3.5191 	-4.52469e-20
14.588 	1.29151 	0.164718 	3.5191 	-4.52469e-20
14.6581 	1.31114 	0.178785 	3.51194 	0
14.7282 	1.31114 	0.178785 	3.51194 	0
14.7984 	1.22336 	0.193949 	3.53724 	-5.00153e-19
14.8685 	1.25435 	0.218543 	3.52671 	-4.8725e-19
14.9386 	1.25435 	0.218543 	3.52671 	-4.8725e-19
15.0088 	1.25435 	0.218543 	3.52671 	-4.8725e-19
15.0789 	1.25435 	0.218543 	3.52671 	-4.8725e-19
15.149 	1.29271 	0.236787 	3.51543 	5.09838e-19
15.2192 	1.19189 	0.254569 	3.55139 	4.81303e-19
15.2893 	1.19189 	0.254569 	3.55139 	4.81303e-19
15.3594 	1.19189 	0.254569 	3.55139 	4.81303e-19
15.4296 	1.2298 	0.276626 	3.53002 	-1.35594e-18
15.4997 	1.2298 	0.276626 	3.53002 	-1.35594e-18
15.5698 	1.12935 	0.292124 	3.55994 	8.2677e-19
15.64 	1.12935 	0.292124 	3.55994 	8.2677e-19
15.7101 	1.12935 	0.292124 	3.55994 	8.2677e-19
15.7802 	1.17191 	0.312074 	3.55333 	-1.29535e-18
15.8504 	1.17191 	0.312074 	3.55333 	-1.29535e-18
15.9205 	1.07152 	0.3311 	3.56774 	-4.05927e-19
15.9906 	1.07152 	0.3311 	3.56774 	-4.05927e-19
16.0608 	1.07152 	0.3311 	3.56774 	-4.05927e-19
16.1309 	1.12544 	0.357837 	3.54801 	0
16.201 	1.12544 	0.357837 	3.54801 	0
16.2712 	1.02578 	0.370955 	3.58269 	0
16.3413 	1.02578 	0.370955 	3.58269 	0
16.4114 	1.02578 	0.370955 	3.58269 	0
16.4816 	1.02578 	0.370955 	3.58269 	0
16.5517 	1.09796 	0.388674 	3.55902 	-6.54362e-19
16.6219 	1.00449 	0.424015 	3.58179 	5.75974e-20
16.692 	1.00449 	0.424015 	3.58179 	5.75974e-20
16.7621 	1.00449 	0.424015 	3.58179 	5.75974e-20
16.8323 	1.00449 	0.424015 	3.58179 	5.75974e-20
16.9024 	1.00449 	0.424015 	3.58179 	5.75974e-20
16.9725 	1.0123 	0.46681 	3.57494 	0
17.0427 	1.0123 	0.46681 	3.57494 	0
17.1128 	1.0123 	0.46681 	3.57494 	0
17.1829 	1.0123 	0.46681 	3.57494 	0
17.2531 	0.933133 	0.497056 	3.5919 	0
17.3232 	0.933133 	0.497056 	3.5919 	0
17.3933 	0.933133 	0.497056 	3.5919 	0
17.4635 	1.04023 	0.52438 	3.57275 	5.71486e-19
17.5336 	1.04023 	0.52438 	3.57275 	5.71486e-19
17.6037 	0.971111 	0.544425 	3.58059 	0
17.6739 	0.971111 	0.544425 	3.58059 	0
17.744 	0.971111 	0.544425 	3.58059 	0
17.8141 	0.971111 	0.544425 	3.58059 	0
17.8843 	0.971111 	0.544425 	3.58059 	0
17.9544 	1.01695 	0.602239 	3.56855 	6.73134e-19
18.0245 	1.01695 	0.602239 	3.56855 	6.73134e-19
18.0947 	1.01695 	0.602239 	3.56855 	6.73134e-19
18.1648 	1.01695 	0.602239 	3.56855 	6.73134e-19
18.2349 	0.960532 	0.619695 	3.57814 	-9.08731e-19
18.3051 	0.960532 	0.619695 	3.57814 	-9.08731e-19
18.3752 	0.960532 	0.619695 	3.57814 	-9.08731e-19
18.4453 	0.960532 	0.619695 	3.57814 	-9.08731e-19
18.5155 	0.960532 	0.619695 	3.57814 	-9.08731e-19
18.5856 	1.00491 	0.659679 	3.55771 	-1.27516e-18
18.6557 	1.00491 	0.659679 	3.55771 	-1.27516e-18
18.7259 	1.00491 	0.659679 	3.55771 	-1.27516e-18
18.796 	1.00491 	0.659679 	3.55771 	-1.27516e-18
18.8662 	0.951617 	0.678576 	3.56893 	1.22732e-18
18.9363 	0.951617 	0.678576 	3.56893 	1.22732e-18
19.0064 	0.951617 	0.678576 	3.56893 	1.22732e-18
19.0766 	0.951617 	0.678576 	3.56893 	1.22732e-18
19.1467 	0.951617 	0.678576 	3.56893 	1.22732e-18
19.2168 	0.901245 	0.708854 	3.5856 	3.4857e-19
19.287 	1.00044 	0.699813 	3.53632 	6.90384e-19
19.3571 	1.00044 	0.699813 	3.53632 	6.90384e-19
19.4272 	1.00044 	0.699813 	3.53632 	6.90384e-19
19.4974 	1.00044 	0.699813 	3.53632 	6.90384e-19
19.5675 	0.948874 	0.724994 	3.55243 	2.8579e-19
19.6376 	0.948874 	0.724994 	3.55243 	2.8579e-19
19.7078 	0.948874 	0.724994 	3.55243 	2.8579e-19
19.7779 	0.948874 	0.724994 	3.55243 	2.8579e-19
19.848 	0.948874 	0.724994 	3.55243 	2.8579e-19
19.9182 	0.898803 	0.756937 	3.57252 	-3.14552e-19
19.9883 	0.898803 	0.756937 	3.57252 	-3.14552e-19
20.0584 	1.00125 	0.724795 	3.48697 	0
20.1286 	1.00125 	0.724795 	3.48697 	0
20.1987 	1.00125 	0.724795 	3.48697 	0
20.2688 	0.949386 	0.754161 	3.51795 	2.94308e-19
20.339 	0.949386 	0.754161 	3.51795 	2.94308e-19
20.4091 	0.949386 	0.754161 	3.51795 	2.94308e-19
20.4792 	0.949386 	0.754161 	3.51795 	2.94308e-19
20.5494 	0.949386 	0.754161 	3.51795 	2.94308e-19
20.6195 	0.898619 	0.790567 	3.54875 	-2.95344e-20
20.6896 	0.898619 	0.790567 	3.54875 	-2.95344e-20
20.7598 	0.898619 	0.790567 	3.54875 	-2.95344e-20
20.8299 	0.898619 	0.790567 	3.54875 	-2.95344e-20
20.9 	1.00017 	0.732468 	3.34525 	1.28266e-18
20.9702 	0.949533 	0.765122 	3.4168 	6.9713e-19
21.0403 	0.949533 	0.765122 	3.4168 	6.9713e-19
21.1105 	0.949533 	0.765122 	3.4168 	6.9713e-19
21.1806 	0.949533 	0.765122 	3.4168 	6.9713e-19
21.2507 	0.949533 	0.765122 	3.4168 	6.9713e-19
21.3209 	0.898209 	0.805424 	3.47509 	-4.4489e-19
21.391 	0.898209 	0.805424 	3.47509 	-4.4489e-19
21.4611 	0.898209 	0.805424 	3.47509 	-4.4489e-19
21.5313 	0.898209 	0.805424 	3.47509 	-4.4489e-19
21.6014 	0.898209 	0.805424 	3.47509 	-4.4489e-19
21.6715 	0.898209 	0.805424 	3.47509 	-4.4489e-19
21.7417 	0.849495 	0.83267 	3.50992 	1.82895e-19
21.8118 	0.849495 	0.83267 	3.50992 	1.82895e-19
21.8819 	0.849495 	0.83267 	3.50992 	1.82895e-19
21.9521 	0.928964 	0.751461 	3.15242 	2.30268e-19
22.0222 	0.928964 	0.751461 	3.15242 	2.30268e-19
22.0923 	0.89138 	0.795277 	3.26569 	9.76585e-19
22.1625 	0.89138 	0.795277 	3.26569 	9.76585e-19
22.2326 	0.89138 	0.795277 	3.26569 	9.76585e-19
22.3027 	0.89138 	0.795277 	3.26569 	9.76585e-19
22.3729 	0.89138 	0.795277 	3.26569 	9.76585e-19
22.443 	0.89138 	0.795277 	3.26569 	9.76585e-19
22.5131 	0.84967 	0.829517 	3.35168 	-3.84286e-20
22.5833 	0.84967 	0.829517 	3.35168 	-3.84286e-20
22.6534 	0.84967 	0.829517 	3.35168 	-3.84286e-20
22.7235 	0.84967 	0.829517 	3.35168 	-3.84286e-20
22.7937 	0.84967 	0.829517 	3.35168 	-3.84286e-20
22.8638 	0.80401 	0.868629 	3.41867 	-5.33224e-19
22.9339 	0.80401 	0.868629 	3.41867 	-5.33224e-19
23.0041 	0.80401 	0.868629 	3.41867 	-5.33224e-19
23.0742 	0.855243 	0.731527 	2.73326 	8.07863e-19
23.1443 	0.855243 	0.731527 	2.73326 	8.07863e-19
23.2145 	0.855243 	0.731527 	2.73326 	8.07863e-19
23.2846 	0.816571 	0.779031 	2.90679 	1.44476e-19
23.3548 	0.816571 	0.779031 	2.90679 	1.44476e-19
23.4249 	0.816571 	0.779031 	2.90679 	1.44476e-19
23.495 	0.816571 	0.779031 	2.90679 	1.44476e-19
23.5652 	0.816571 	0.779031 	2.90679 	1.44476e-19
23.6353 	0.816571 	0.779031 	2.90679 	1.44476e-19
23.7054 	0.778092 	0.818891 	3.01336 	2.75124e-19
23.7756 	0.778092 	0.818891 	3.01336 	2.75124e-19
23.8457 	0.778092 	0.818891 	3.01336 	2.75124e-19
23.9158 	0.778092 	0.818891 	3.01336 	2.75124e-19
23.986 	0.778092 	0.818891 	3.01336 	2.75124e-19
24.0561 	0.778092 	0.818891 	3.01336 	2.75124e-19
24.1262 	0.740243 	0.863369 	3.14719 	0
24.1964 	0.740243 	0.863369 	3.14719 	0
24.2665 	0.740243 	0.863369 	3.14719 	0
24.3366 	0.740243 	0.863369 	3.14719 	0
24.4068 	0.740243 	0.863369 	3.14719 	0
24.4769 	0.781208 	0.676379 	2.26088 	5.7178e-19
24.547 	0.781208 	0.676379 	2.26088 	5.7178e-19
24.6172 	0.7446 	0.704439 	2.33208 	7.26458e-19
24.6873 	0.7446 	0.704439 	2.33208 	7.26458e-19
24.7574 	0.7446 	0.704439 	2.33208 	7.26458e-19
24.8276 	0.7446 	0.704439 	2.33208 	7.26458e-19
24.8977 	0.7446 	0.704439 	2.33208 	7.26458e-19
24.9678 	0.7446 	0.704439 	2.33208 	7.26458e-19
25.038 	0.71024 	0.751209 	2.49276 	-2.44625e-19
25.1081 	0.71024 	0.751209 	2.49276 	-2.44625e-19
25.1782 	0.71024 	0.751209 	2.49276 	-2.44625e-19
25.2484 	0.71024 	0.751209 	2.49276 	-2.44625e-19
25.3185 	0.71024 	0.751209 	2.49276 	-2.44625e-19
25.3886 	0.71024 	0.751209 	2.49276 	-2.44625e-19
25.4588 	0.677902 	0.778738 	2.55374 	0
25.5289 	0.677902 	0.778738 	2.55374 	0
25.5991 	0.677902 	0.778738 	2.55374 	0
25.6692 	0.677902 	0.778738 	2.55374 	0
25.7393 	0.677902 	0.778738 	2.55374 	0
25.8095 	0.677902 	0.778738 	2.55374 	0
25.8796 	0.677902 	0.778738 	2.55374 	0
25.9497 	0.648087 	0.822284 	2.69141 	3.94217e-19
26.0199 	0.648087 	0.822284 	2.69141 	3.94217e-19
26.09 	0.672984 	0.628042 	1.9228 	3.55047e-19
26.1601 	0.672984 	0.628042 	1.9228 	3.55047e-19
26.2303 	0.672984 	0.628042 	1.9228 	3.55047e-19
26.3004 	0.672984 	0.628042 	1.9228 	3.55047e-19
26.3705 	0.672984 	0.628042 	1.9228 	3.55047e-19
26.4407 	0.64693 	0.642065 	1.95267 	-8.10187e-19
26.5108 	0.64693 	0.642065 	1.95267 	-8.10187e-19
26.5809 	0.64693 	0.642065 	1.95267 	-8.10187e-19
26.6511 	0.64693 	0.642065 	1.95267 	-8.10187e-19
26.7212 	0.64693 	0.642065 	1.95267 	-8.10187e-19
26.7913 	0.64693 	0.642065 	1.95267 	-8.10187e-19
26.8615 	0.64693 	0.642065 	1.95267 	-8.10187e-19
26.9316 	0.623462 	0.667457 	2.0221 	4.75256e-19
27.0017 	0.623462 	0.667457 	2.0221 	4.75256e-19
27.0719 	0.623462 	0.667457 	2.0221 	4.75256e-19
27.142 	0.623462 	0.667457 	2.0221 	4.75256e-19
27.2121 	0.623462 	0.667457 	2.0221 	4.75256e-19
27.2823 	0.623462 	0.667457 	2.0221 	4.75256e-19
27.3524 	0.600699 	0.677728 	2.04261 	1.37079e-19
27.4225 	0.600699 	0.677728 	2.04261 	1.37079e-19
27.4927 	0.600699 	0.677728 	2.04261 	1.37079e-19
27.5628 	0.600699 	0.677728 	2.04261 	1.37079e-19
27.6329 	0.600699 	0.677728 	2.04261 	1.37079e-19
27.7031 	0.600699 	0.677728 	2.04261 	1.37079e-19
27.7732 	0.600699 	0.677728 	2.04261 	1.37079e-19
27.8434 	0.600699 	0.677728 	2.04261 	1.37079e-19
27.9135 	0.579696 	0.70007 	2.09056 	1.32383e-19
27.9836 	0.579696 	0.70007 	2.09056 	1.32383e-19
28.0538 	0.579696 	0.70007 	2.09056 	1.32383e-19
28.1239 	0.579696 	0.70007 	2.09056 	1.32383e-19
28.194 	0.579696 	0.70007 	2.09056 	1.32383e-19
28.2642 	0.579696 	0.70007 	2.09056 	1.32383e-19
28.3343 	0.56847 	0.571624 	1.69834 	-1.31918e-19
28.4044 	0.545559 	0.569916 	1.70875 	2.55263e-19
28.4746 	0.545559 	0.569916 	1.70875 	2.55263e-19
28.5447 	0.545559 	0.569916 	1.70875 	2.55263e-19
28.6148 	0.545559 	0.569916 	1.70875 	2.55263e-19
28.685 	0.545559 	0.569916 	1.70875 	2.55263e-19
28.7551 	0.545559 	0.569916 	1.70875 	2.55263e-19
28.8252 	0.545559 	0.569916 	1.70875 	2.55263e-19
28.8954 	0.545559 	0.569916 	1.70875 	2.55263e-19
28.9655 	0.525673 	0.578306 	1.72379 	2.1854e-19
29.0356 	0.525673 	0.578306 	1.72379 	2.1854e-19
29.1058 	0.525673 	0.578306 	1.72379 	2.1854e-19
29.1759 	0.525673 	0.578306 	1.72379 	2.1854e-19
29.246 	0.525673 	0.578306 	1.72379 	2.1854e-19
29.3162 	0.525673 	0.578306 	1.72379 	2.1854e-19
29.3863 	0.525673 	0.578306 	1.72379 	2.1854e-19
29.4564 	0.510344 	0.580518 	1.72063 	-1.99616e-19
29.5266 	0.510344 	0.580518 	1.72063 	-1.99616e-19
29.5967 	0.510344 	0.580518 	1.72063 	-1.99616e-19
29.6668 	0.510344 	0.580518 	1.72063 	-1.99616e-19
29.737 	0.510344 	0.580518 	1.72063 	-1.99616e-19
29.8071 	0.510344 	0.580518 	1.72063 	-1.99616e-19
29.8773 	0.510344 	0.580518 	1.72063 	-1.99616e-19
29.9474 	0.510344 	0.580518 	1.72063 	-1.99616e-19
30.0175 	0.501392 	0.586749 	1.72119 	2.05654e-19
30.0877 	0.501392 	0.586749 	1.72119 	2.05654e-19
30.1578 	0.501392 	0.586749 	1.72119 	2.05654e-19
30.2279 	0.501392 	0.586749 	1.72119 	2.05654e-19
30.2981 	0.501392 	0.586749 	1.72119 	2.05654e-19
30.3682 	0.501392 	0.586749 	1.72119 	2.05654e-19
30.4383 	0.501392 	0.586749 	1.72119 	2.05654e-19
30.5085 	0.501392 	0.586749 	1.72119 	2.05654e-19
30.5786 	0.495214 	0.587273 	1.70461 	-3.93158e-19
30.6487 	0.495214 	0.587273 	1.70461 	-3.93158e-19
30.7189 	0.495214 	0.587273 	1.70461 	-3.93158e-19
30.789 	0.495214 	0.587273 	1.70461 	-3.93158e-19
30.8591 	0.495214 	0.587273 	1.70461 	-3.93158e-19
30.9293 	0.495214 	0.587273 	1.70461 	-3.93158e-19
30.9994 	0.495214 	0.587273 	1.70461 	-3.93158e-19
31.0695 	0.495214 	0.587273 	1.70461 	-3.93158e-19
31.1397 	0.494441 	0.593257 	1.69139 	1.97151e-19
31.2098 	0.494441 	0.593257 	1.69139 	1.97151e-19
31.2799 	0.494441 	0.593257 	1.69139 	1.97151e-19
31.3501 	0.494441 	0.593257 	1.69139 	1.97151e-19
31.4202 	0.494441 	0.593257 	1.69139 	1.97151e-19
31.4903 	0.494441 	0.593257 	1.69139 	1.97151e-19
31.5605 	0.495501 	0.561394 	1.61229 	-2.93555e-19
31.6306 	0.495501 	0.561394 	1.61229 	-2.93555e-19
31.7007 	0.501213 	0.556976 	1.60383 	9.58219e-20
31.7709 	0.501213 	0.556976 	1.60383 	9.58219e-20
31.841 	0.501213 	0.556976 	1.60383 	9.58219e-20
31.9111 	0.501213 	0.556976 	1.60383 	9.58219e-20
31.9813 	0.501213 	0.556976 	1.60383 	9.58219e-20
32.0514 	0.501213 	0.556976 	1.60383 	9.58219e-20
32.1216 	0.501213 	0.556976 	1.60383 	9.58219e-20
32.1917 	0.501213 	0.556976 	1.60383 	9.58219e-20
32.2618 	0.501213 	0.556976 	1.60383 	9.58219e-20
32.332 	0.513815 	0.553868 	1.59007 	0
32.4021 	0.513815 	0.553868 	1.59007 	0
32.4722 	0.513815 	0.553868 	1.59007 	0
32.5424 	0.513815 	0.553868 	1.59007 	0
32.6125 	0.513815 	0.553868 	1.59007 	0
32.6826 	0.513815 	0.553868 	1.59007 	0
32.7528 	0.513815 	0.553868 	1.59007 	0
32.8229 	0.513815 	0.553868 	1.59007 	0
32.893 	0.513815 	0.553868 	1.59007 	0
32.9632 	0.534872 	0.542879 	1.56938 	0
33.0333 	0.534872 	0.542879 	1.56938 	0
33.1034 	0.534872 	0.542879 	1.56938 	0
33.1736 	0.534872 	0.542879 	1.56938 	0
33.2437 	0.534872 	0.542879 	1.56938 	0
33.3138 	0.534872 	0.542879 	1.56938 	0
33.384 	0.534872 	0.542879 	1.56938 	0
33.4541 	0.534872 	0.542879 	1.56938 	0
33.5242 	0.534872 	0.542879 	1.56938 	0
33.5944 	0.563419 	0.526204 	1.54351 	-4.94804e-20
33.6645 	0.563419 	0.526204 	1.54351 	-4.94804e-20
33.7346 	0.563419 	0.526204 	1.54351 	-4.94804e-20
33.8048 	0.563419 	0.526204 	1.54351 	-4.94804e-20
33.8749 	0.563419 	0.526204 	1.54351 	-4.94804e-20
33.945 	0.563419 	0.526204 	1.54351 	-4.94804e-20
34.0152 	0.563419 	0.526204 	1.54351 	-4.94804e-20
34.0853 	0.563419 	0.526204 	1.54351 	-4.94804e-20
34.1554 	0.563419 	0.526204 	1.54351 	-4.94804e-20
34.2256 	0.594416 	0.495405 	1.52096 	5.18778e-20
34.2957 	0.594416 	0.495405 	1.52096 	5.18778e-20
34.3659 	0.594416 	0.495405 	1.52096 	5.18778e-20
34.436 	0.594416 	0.495405 	1.52096 	5.18778e-20
34.5061 	0.594416 	0.495405 	1.52096 	5.18778e-20
34.5763 	0.594416 	0.495405 	1.52096 	5.18778e-20
34.6464 	0.594416 	0.495405 	1.52096 	5.18778e-20
34.7165 	0.594416 	0.495405 	1.52096 	5.18778e-20
34.7867 	0.594416 	0.495405 	1.52096 	5.18778e-20
34.8568 	0.594416 	0.495405 	1.52096 	5.18778e-20
34.9269 	0.625724 	0.45716 	1.50113 	-1.09382e-19
34.9971 	0.625724 	0.45716 	1.50113 	-1.09382e-19
35.0672 	0.625724 	0.45716 	1.50113 	-1.09382e-19
35.1373 	0.625724 	0.45716 	1.50113 	-1.09382e-19
35.2075 	0.625724 	0.45716 	1.50113 	-1.09382e-19
35.2776 	0.625724 	0.45716 	1.50113 	-1.09382e-19
35.3477 	0.625724 	0.45716 	1.50113 	-1.09382e-19
35.4179 	0.625724 	0.45716 	1.50113 	-1.09382e-19
35.488 	0.625724 	0.45716 	1.50113 	-1.09382e-19
35.5581 	0.625724 	0.45716 	1.50113 	-1.09382e-19
35.6283 	0.656902 	0.410186 	1.48386 	2.35209e-20
35.6984 	0.656902 	0.410186 	1.48386 	2.35209e-20
35.7685 	0.656902 	0.410186 	1.48386 	2.35209e-20
35.8387 	0.656902 	0.410186 	1.48386 	2.35209e-20
35.9088 	0.656902 	0.410186 	1.48386 	2.35209e-20
35.9789 	0.656902 	0.410186 	1.48386 	2.35209e-20
36.0491 	0.656902 	0.410186 	1.48386 	2.35209e-20
36.1192 	0.656902 	0.410186 	1.48386 	2.35209e-20
36.1893 	0.656902 	0.410186 	1.48386 	2.35209e-20
36.2595 	0.656902 	0.410186 	1.48386 	2.35209e-20
36.3296 	0.682829 	0.363105 	1.47145 	-2.83401e-20
36.3997 	0.682829 	0.363105 	1.47145 	-2.83401e-20
36.4699 	0.682829 	0.363105 	1.47145 	-2.83401e-20
36.54 	0.682829 	0.363105 	1.47145 	-2.83401e-20
36.6102 	0.682829 	0.363105 	1.47145 	-2.83401e-20
36.6803 	0.682829 	0.363105 	1.47145 	-2.83401e-20
36.7504 	0.682829 	0.363105 	1.47145 	-2.83401e-20
36.8206 	0.682829 	0.363105 	1.47145 	-2.83401e-20
36.8907 	0.682829 	0.363105 	1.47145 	-2.83401e-20
36.9608 	0.682829 	0.363105 	1.47145 	-2.83401e-20
37.031 	0.682829 	0.363105 	1.47145 	-2.83401e-20
37.1011 	0.697384 	0.323152 	1.46797 	0
37.1712 	0.697384 	0.323152 	1.46797 	0
37.2414 	0.697384 	0.323152 	1.46797 	0
37.3115 	0.697384 	0.323152 	1.46797 	0
37.3816 	0.697384 	0.323152 	1.46797 	0
37.4518 	0.697384 	0.323152 	1.46797 	0
37.5219 	0.697384 	0.323152 	1.46797 	0
37.592 	0.697384 	0.323152 	1.46797 	0
37.6622 	0.704772 	0.288215 	1.46917 	0
37.7323 	0.704772 	0.288215 	1.46917 	0
37.8024 	0.704772 	0.288215 	1.46917 	0
37.8726 	0.704772 	0.288215 	1.46917 	0
37.9427 	0.704772 	0.288215 	1.46917 	0
38.0128 	0.704772 	0.288215 	1.46917 	0
38.083 	0.704772 	0.288215 	1.46917 	0
38.1531 	0.704772 	0.288215 	1.46917 	0
38.2232 	0.704772 	0.288215 	1.46917 	0
38.2934 	0.709044 	0.254127 	1.47187 	0
38.3635 	0.709044 	0.254127 	1.47187 	0
38.4336 	0.709044 	0.254127 	1.47187 	0
38.5038 	0.709044 	0.254127 	1.47187 	0
38.5739 	0.709044 	0.254127 	1.47187 	0
38.644 	0.709044 	0.254127 	1.47187 	0
38.7142 	0.709044 	0.254127 	1.47187 	0
38.7843 	0.709044 	0.254127 	1.47187 	0
38.8545 	0.709044 	0.254127 	1.47187 	0
38.9246 	0.711458 	0.221621 	1.47529 	0
38.9947 	0.711458 	0.221621 	1.47529 	0
39.0649 	0.711458 	0.221621 	1.47529 	0
39.135 	0.711458 	0.221621 	1.47529 	0
39.2051 	0.711458 	0.221621 	1.47529 	0
39.2753 	0.711458 	0.221621 	1.47529 	0
39.3454 	0.711458 	0.221621 	1.47529 	0
39.4155 	0.711458 	0.221621 	1.47529 	0
39.4857 	0.711458 	0.221621 	1.47529 	0
39.5558 	0.712332 	0.191619 	1.47882 	0
39.6259 	0.712332 	0.191619 	1.47882 	0
39.6961 	0.712332 	0.191619 	1.47882 	0
39.7662 	0.712332 	0.191619 	1.47882 	0
39.8363 	0.712332 	0.191619 	1.47882 	0
39.9065 	0.712332 	0.191619 	1.47882 	0
39.9766 	0.712332 	0.191619 	1.47882 	0
40.0467 	0.712332 	0.191619 	1.47882 	0
40.1169 	0.712084 	0.163845 	1.48191 	0
40.187 	0.712084 	0.163845 	1.48191 	0
40.2571 	0.712084 	0.163845 	1.48191 	0
40.3273 	0.712084 	0.163845 	1.48191 	0
40.3974 	0.712084 	0.163845 	1.48191 	0
40.4675 	0.712084 	0.163845 	1.48191 	0
40.5377 	0.712084 	0.163845 	1.48191 	0
40.6078 	0.712084 	0.163845 	1.48191 	0
40.6779 	0.712084 	0.163845 	1.48191 	0
40.7481 	0.711012 	0.138067 	1.48458 	0
40.8182 	0.711012 	0.138067 	1.48458 	0
40.8883 	0.711012 	0.138067 	1.48458 	0
40.9585 	0.711012 	0.138067 	1.48458 	0
41.0286 	0.711012 	0.138067 	1.48458 	0
41.0988 	0.711012 	0.138067 	1.48458 	0
41.1689 	0.711012 	0.138067 	1.48458 	0
41.239 	0.711012 	0.138067 	1.48458 	0
41.3092 	0.711012 	0.138067 	1.48458 	0
41.3793 	0.709571 	0.114463 	1.48653 	0
41.4494 	0.709571 	0.114463 	1.48653 	0
41.5196 	0.709571 	0.114463 	1.48653 	0
41.5897 	0.709571 	0.114463 	1.48653 	0
41.6598 	0.709571 	0.114463 	1.48653 	0
41.73 	0.709571 	0.114463 	1.48653 	0
41.8001 	0.709571 	0.114463 	1.48653 	0
41.8702 	0.709571 	0.114463 	1.48653 	0
41.9404 	0.709571 	0.114463 	1.48653 	0
42.0105 	0.708489 	0.0934097 	1.48683 	0
42.0806 	0.708489 	0.0934097 	1.48683 	0
42.1508 	0.708489 	0.0934097 	1.48683 	0
42.2209 	0.708489 	0.0934097 	1.48683 	0
42.291 	0.708489 	0.0934097 	1.48683 	0
42.3612 	0.708489 	0.0934097 	1.48683 	0
42.4313 	0.708489 	0.0934097 	1.48683 	0
42.5014 	0.708489 	0.0934097 	1.48683 	0
42.5716 	0.708489 	0.0934097 	1.48683 	0
42.6417 	0.708007 	0.0750613 	1.48527 	0
42.7118 	0.708007 	0.0750613 	1.48527 	0
42.782 	0.708007 	0.0750613 	1.48527 	0
42.8521 	0.708007 	0.0750613 	1.48527 	0
42.9222 	0.708007 	0.0750613 	1.48527 	0
42.9924 	0.708007 	0.0750613 	1.48527 	0
43.0625 	0.708007 	0.0750613 	1.48527 	0
43.1327 	0.708007 	0.0750613 	1.48527 	0
43.2028 	0.707744 	0.0588628 	1.48313 	0
43.2729 	0.707744 	0.0588628 	1.48313 	0
43.3431 	0.707744 	0.0588628 	1.48313 	0
43.4132 	0.707744 	0.0588628 	1.48313 	0
43.4833 	0.707744 	0.0588628 	1.48313 	0
43.5535 	0.707744 	0.0588628 	1.48313 	0
43.6236 	0.707744 	0.0588628 	1.48313 	0
43.6937 	0.707744 	0.0588628 	1.48313 	0
43.7639 	0.707744 	0.0588628 	1.48313 	0
43.834 	0.70763 	0.0444874 	1.48041 	0
43.9041 	0.70763 	0.0444874 	1.48041 	0
43.9743 	0.70763 	0.0444874 	1.48041 	0
44.0444 	0.70763 	0.0444874 	1.48041 	0
44.1145 	0.70763 	0.0444874 	1.48041 	0
44.1847 	0.70763 	0.0444874 	1.48041 	0
44.2548 	0.70763 	0.0444874 	1.48041 	0
44.3249 	0.70763 	0.0444874 	1.48041 	0
44.3951 	0.70763 	0.0444874 	1.48041 	0
44.4652 	0.708003 	0.0321324 	1.47661 	0
44.5353 	0.708003 	0.0321324 	1.47661 	0
44.6055 	0.708003 	0.0321324 	1.47661 	0
44.6756 	0.708003 	0.0321324 	1.47661 	0
44.7457 	0.708003 	0.0321324 	1.47661 	0
44.8159 	0.708003 	0.0321324 	1.47661 	0
44.886 	0.708003 	0.0321324 	1.47661 	0
44.9561 	0.708003 	0.0321324 	1.47661 	0
45.0263 	0.708003 	0.0321324 	1.47661 	0
45.0964 	0.708821 	0.0222149 	1.47198 	0
45.1665 	0.708821 	0.0222149 	1.47198 	0
45.2367 	0.708821 	0.0222149 	1.47198 	0
45.3068 	0.708821 	0.0222149 	1.47198 	0
45.377 	0.708821 	0.0222149 	1.47198 	0
45.4471 	0.708821 	0.0222149 	1.47198 	0
45.5172 	0.708821 	0.0222149 	1.47198 	0
45.5874 	0.708821 	0.0222149 	1.47198 	0
45.6575 	0.709764 	0.0141945 	1.46779 	0
45.7276 	0.709764 	0.0141945 	1.46779 	0
45.7978 	0.709764 	0.0141945 	1.46779 	0
45.8679 	0.709764 	0.0141945 	1.46779 	0
45.938 	0.709764 	0.0141945 	1.46779 	0
46.0082 	0.709764 	0.0141945 	1.46779 	0
46.0783 	0.709764 	0.0141945 	1.46779 	0
46.1484 	0.709764 	0.0141945 	1.46779 	0
46.2186 	0.709764 	0.0141945 	1.46779 	0
46.2887 	0.710866 	0.00708735 	1.46389 	0
46.3588 	0.710866 	0.00708735 	1.46389 	0
46.429 	0.710866 	0.00708735 	1.46389 	0
46.4991 	0.710866 	0.00708735 	1.46389 	0
46.5692 	0.710866 	0.00708735 	1.46389 	0
46.6394 	0.710866 	0.00708735 	1.46389 	0
46.7095 	0.710866 	0.00708735 	1.46389 	0
46.7796 	0.723295 	0.00911479 	1.45059 	0
46.8498 	0.723295 	0.00911479 	1.45059 	0
46.9199 	0.722919 	0.000882926 	1.44966 	0
46.99 	0.722919 	0.000882926 	1.44966 	0
47.0602 	0.722919 	0.000882926 	1.44966 	0
47.1303 	0.722919 	0.000882926 	1.44966 	0
47.2004 	0.722919 	0.000882926 	1.44966 	0
47.2706 	0.722919 	0.000882926 	1.44966 	0
47.3407 	0.722919 	0.000882926 	1.44966 	0
47.4108 	0.722919 	0.000882926 	1.44966 	0
47.481 	0.722919 	0.000882926 	1.44966 	0
47.5511 	0.722467 	-0.0071585 	1.44981 	0
47.6213 	0.722467 	-0.0071585 	1.44981 	0
47.6914 	0.722467 	-0.0071585 	1.44981 	0
47.7615 	0.722467 	-0.0071585 	1.44981 	0
47.8317 	0.722467 	-0.0071585 	1.44981 	0
47.9018 	0.722467 	-0.0071585 	1.44981 	0
47.9719 	0.722467 	-0.0071585 	1.44981 	0
48.0421 	0.722467 	-0.0071585 	1.44981 	0
48.1122 	0.722467 	-0.0071585 	1.44981 	0
48.1823 	0.723342 	-0.0131585 	1.45032 	0
48.2525 	0.723342 	-0.0131585 	1.45032 	0
48.3226 	0.723342 	-0.0131585 	1.45032 	0
48.3927 	0.723342 	-0.0131585 	1.45032 	0
48.4629 	0.723342 	-0.0131585 	1.45032 	0
48.533 	0.723342 	-0.0131585 	1.45032 	0
48.6031 	0.723342 	-0.0131585 	1.45032 	0
48.6733 	0.723342 	-0.0131585 	1.45032 	0
48.7434 	0.725609 	-0.0168838 	1.45174 	0
48.8135 	0.725609 	-0.0168838 	1.45174 	0
48.8837 	0.725609 	-0.0168838 	1.45174 	0
48.9538 	0.725609 	-0.0168838 	1.45174 	0
49.0239 	0.725609 	-0.0168838 	1.45174 	0
49.0941 	0.725609 	-0.0168838 	1.45174 	0
49.1642 	0.725609 	-0.0168838 	1.45174 	0
49.2343 	0.725609 	-0.0168838 	1.45174 	0
49.3045 	0.725609 	-0.0168838 	1.45174 	0
49.3746 	0.729278 	-0.0185125 	1.45464 	0
49.4447 	0.729278 	-0.0185125 	1.45464 	0
49.5149 	0.729278 	-0.0185125 	1.45464 	0
49.585 	0.729278 	-0.0185125 	1.45464 	0
49.6551 	0.729278 	-0.0185125 	1.45464 	0
49.7253 	0.729278 	-0.0185125 	1.45464 	0
49.7954 	0.729278 	-0.0185125 	1.45464 	0
49.8656 	0.729278 	-0.0185125 	1.45464 	0
49.9357 	0.729278 	-0.0185125 	1.45464 	0
50.0058 	0.734202 	-0.0199416 	1.45952 	0
50.076 	0.734202 	-0.0199416 	1.45952 	0
50.1461 	0.734202 	-0.0199416 	1.45952 	0
50.2162 	0.734202 	-0.0199416 	1.45952 	0
50.2864 	0.734202 	-0.0199416 	1.45952 	0
50.3565 	0.734202 	-0.0199416 	1.45952 	0
50.4266 	0.734202 	-0.0199416 	1.45952 	0
50.4968 	0.734202 	-0.0199416 	1.45952 	0
50.5669 	0.734202 	-0.0199416 	1.45952 	0
50.637 	0.740044 	-0.0217513 	1.46713 	0
50.7072 	0.740044 	-0.0217513 	1.46713 	0
50.7773 	0.740044 	-0.0217513 	1.46713 	0
50.8474 	0.740044 	-0.0217513 	1.46713 	0
50.9176 	0.740044 	-0.0217513 	1.46713 	0
50.9877 	0.740044 	-0.0217513 	1.46713 	0
51.0578 	0.740044 	-0.0217513 	1.46713 	0
51.128 	0.740044 	-0.0217513 	1.46713 	0
51.1981 	0.740044 	-0.0217513 	1.46713 	0
51.2682 	0.746357 	-0.0238264 	1.47635 	0
51.3384 	0.746357 	-0.0238264 	1.47635 	0
51.4085 	0.746357 	-0.0238264 	1.47635 	0
51.4786 	0.746357 	-0.0238264 	1.47635 	0
51.5488 	0.746357 	-0.0238264 	1.47635 	0
51.6189 	0.746357 	-0.0238264 	1.47635 	0
51.689 	0.746357 	-0.0238264 	1.47635 	0
51.7592 	0.746357 	-0.0238264 	1.47635 	0
51.8293 	0.752716 	-0.0245548 	1.48757 	0
51.8994 	0.752716 	-0.0245548 	1.48757 	0
51.9696 	0.752716 	-0.0245548 	1.48757 	0
52.0397 	0.752716 	-0.0245548 	1.48757 	0
52.1099 	0.752716 	-0.0245548 	1.48757 	0
52.18 	0.752716 	-0.0245548 	1.48757 	0
52.2501 	0.752716 	-0.0245548 	1.48757 	0
52.3203 	0.752716 	-0.0245548 	1.48757 	0
52.3904 	0.752716 	-0.0245548 	1.48757 	0
52.4605 	0.758663 	-0.0216754 	1.49996 	0
52.5307 	0.758663 	-0.0216754 	1.49996 	0
52.6008 	0.758663 	-0.0216754 	1.49996 	0
52.6709 	0.758663 	-0.0216754 	1.49996 	0
52.7411 	0.758663 	-0.0216754 	1.49996 	0
52.8112 	0.758663 	-0.0216754 	1.49996 	0
52.8813 	0.758663 	-0.0216754 	1.49996 	0
52.9515 	0.758663 	-0.0216754 	1.49996 	0
53.0216 	0.758663 	-0.0216754 	1.49996 	0
53.0917 	0.763798 	-0.0119639 	1.51442 	0
53.1619 	0.763798 	-0.0119639 	1.51442 	0
53.232 	0.763798 	-0.0119639 	1.51442 	0
53.3021 	0.763798 	-0.0119639 	1.51442 	0
53.3723 	0.763798 	-0.0119639 	1.51442 	0
53.4424 	0.763798 	-0.0119639 	1.51442 	0
53.5125 	0.763798 	-0.0119639 	1.51442 	0
53.5827 	0.763798 	-0.0119639 	1.51442 	0
53.6528 	0.763798 	-0.0119639 	1.51442 	0
53.7229 	0.767727 	0.00606171 	1.52967 	0
53.7931 	0.767727 	0.00606171 	1.52967 	0
53.8632 	0.767727 	0.00606171 	1.52967 	0
53.9333 	0.767727 	0.00606171 	1.52967 	0
54.0035 	0.767727 	0.00606171 	1.52967 	0
54.0736 	0.767727 	0.00606171 	1.52967 	0
54.1437 	0.767727 	0.00606171 	1.52967 	0
54.2139 	0.767727 	0.00606171 	1.52967 	0
54.284 	0.769537 	0.031652 	1.547 	0
54.3542 	0.769537 	0.031652 	1.547 	0
54.4243 	0.769537 	0.031652 	1.547 	0
54.4944 	0.769537 	0.031652 	1.547 	0
54.5646 	0.769537 	0.031652 	1.547 	0
54.6347 	0.769537 	0.031652 	1.547 	0
54.7048 	0.769537 	0.031652 	1.547 	0
54.775 	0.769537 	0.031652 	1.547 	0
54.8451 	0.769537 	0.031652 	1.547 	0
54.9152 	0.768904 	0.0632449 	1.56596 	0
54.9854 	0.768904 	0.0632449 	1.56596 	0
55.0555 	0.768904 	0.0632449 	1.56596 	0
55.1256 	0.768904 	0.0632449 	1.56596 	0
55.1958 	0.768904 	0.0632449 	1.56596 	0
55.2659 	0.768904 	0.0632449 	1.56596 	0
55.336 	0.768904 	0.0632449 	1.56596 	0
55.4062 	0.768904 	0.0632449 	1.56596 	0
55.4763 	0.768904 	0.0632449 	1.56596 	0
55.5464 	0.765455 	0.10037 	1.58639 	0
55.6166 	0.765455 	0.10037 	1.58639 	0
55.6867 	0.765455 	0.10037 	1.58639 	0
55.7568 	0.765455 	0.10037 	1.58639 	0
55.827 	0.765455 	0.10037 	1.58639 	0
55.8971 	0.765455 	0.10037 	1.58639 	0
55.9672 	0.765455 	0.10037 	1.58639 	0
56.0374 	0.765455 	0.10037 	1.58639 	0
56.1075 	0.765455 	0.10037 	1.58639 	0
56.1776 	0.758834 	0.143085 	1.60631 	0
56.2478 	0.758834 	0.143085 	1.60631 	0
56.3179 	0.758834 	0.143085 	1.60631 	0
56.3881 	0.758834 	0.143085 	1.60631 	0
56.4582 	0.758834 	0.143085 	1.60631 	0
56.5283 	0.758834 	0.143085 	1.60631 	0
56.5985 	0.758834 	0.143085 	1.60631 	0
56.6686 	0.758834 	0.143085 	1.60631 	0
56.7387 	0.758834 	0.143085 	1.60631 	0
56.8089 	0.74818 	0.190991 	1.62733 	0
56.879 	0.74818 	0.190991 	1.62733 	0
56.9491 	0.74818 	0.190991 	1.62733 	0
57.0193 	0.74818 	0.190991 	1.62733 	0
57.0894 	0.74818 	0.190991 	1.62733 	0
57.1595 	0.74818 	0.190991 	1.62733 	0
57.2297 	0.74818 	0.190991 	1.62733 	0
57.2998 	0.74818 	0.190991 	1.62733 	0
57.3699 	0.73196 	0.244097 	1.64904 	0
57.4401 	0.73196 	0.244097 	1.64904 	0
57.5102 	0.73196 	0.244097 	1.64904 	0
57.5803 	0.73196 	0.244097 	1.64904 	0
57.6505 	0.73196 	0.244097 	1.64904 	0
57.7206 	0.73196 	0.244097 	1.64904 	0
57.7907 	0.73196 	0.244097 	1.64904 	0
57.8609 	0.73196 	0.244097 	1.64904 	0
57.931 	0.73196 	0.244097 	1.64904 	0
58.0011 	0.707887 	0.29896 	1.67709 	0
58.0713 	0.707887 	0.29896 	1.67709 	0
58.1414 	0.707887 	0.29896 	1.67709 	0
58.2115 	0.707887 	0.29896 	1.67709 	0
58.2817 	0.707887 	0.29896 	1.67709 	0
58.3518 	0.707887 	0.29896 	1.67709 	0
58.4219 	0.707887 	0.29896 	1.67709 	0
58.4921 	0.707887 	0.29896 	1.67709 	0
58.5622 	0.707887 	0.29896 	1.67709 	0
58.6324 	0.673266 	0.351946 	1.70895 	0
58.7025 	0.673266 	0.351946 	1.70895 	0
58.7726 	0.673266 	0.351946 	1.70895 	0
58.8428 	0.673266 	0.351946 	1.70895 	0
58.9129 	0.673266 	0.351946 	1.70895 	0
58.983 	0.673266 	0.351946 	1.70895 	0
59.0532 	0.673266 	0.351946 	1.70895 	0
59.1233 	0.673266 	0.351946 	1.70895 	0
59.1934 	0.673266 	0.351946 	1.70895 	0
59.2636 	0.625173 	0.396895 	1.7549 	0
59.3337 	0.625173 	0.396895 	1.7549 	0
59.4038 	0.625173 	0.396895 	1.7549 	0
59.474 	0.625173 	0.396895 	1.7549 	0
59.5441 	0.625173 	0.396895 	1.7549 	0
59.6142 	0.625173 	0.396895 	1.7549 	0
59.6844 	0.625173 	0.396895 	1.7549 	0
59.7545 	0.625173 	0.396895 	1.7549 	0
59.8246 	0.560906 	0.429812 	1.80301 	0
59.8948 	0.560906 	0.429812 	1.80301 	0
59.9649 	0.560906 	0.429812 	1.80301 	0
60.035 	0.560906 	0.429812 	1.80301 	0
60.1052 	0.560906 	0.429812 	1.80301 	0
60.1753 	0.560906 	0.429812 	1.80301 	0
60.2454 	0.560906 	0.429812 	1.80301 	0
60.3156 	0.560906 	0.429812 	1.80301 	0
60.3857 	0.560906 	0.429812 	1.80301 	0
60.4558 	0.479041 	0.451031 	1.86735 	0
60.526 	0.479041 	0.451031 	1.86735 	0
60.5961 	0.479041 	0.451031 	1.86735 	0
60.6662 	0.479041 	0.451031 	1.86735 	0
60.7364 	0.479041 	0.451031 	1.86735 	0
60.8065 	0.479041 	0.451031 	1.86735 	0
60.8767 	0.479041 	0.451031 	1.86735 	0
60.9468 	0.479041 	0.451031 	1.86735 	0
61.0169 	0.479041 	0.451031 	1.86735 	0
61.0871 	0.376505 	0.458687 	1.92897 	0
61.1572 	0.376505 	0.458687 	1.92897 	0
61.2273 	0.376505 	0.458687 	1.92897 	0
61.2975 	0.376505 	0.458687 	1.92897 	0
61.3676 	0.376505 	0.458687 	1.92897 	0
61.4377 	0.376505 	0.458687 	1.92897 	0
61.5079 	0.376505 	0.458687 	1.92897 	0
61.578 	0.376505 	0.458687 	1.92897 	0
61.6481 	0.376505 	0.458687 	1.92897 	0
61.7183 	0.254191 	0.442916 	2.01119 	0
61.7884 	0.254191 	0.442916 	2.01119 	0
61.8585 	0.254191 	0.442916 	2.01119 	0
61.9287 	0.254191 	0.442916 	2.01119 	0
61.9988 	0.254191 	0.442916 	2.01119 	0
62.0689 	0.254191 	0.442916 	2.01119 	0
62.1391 	0.254191 	0.442916 	2.01119 	0
62.2092 	0.254191 	0.442916 	2.01119 	0
62.2793 	0.254191 	0.442916 	2.01119 	0
62.3495 	0.115602 	0.40423 	2.08939 	0
62.4196 	0.115602 	0.40423 	2.08939 	0
62.4897 	0.115602 	0.40423 	2.08939 	0
62.5599 	0.115602 	0.40423 	2.08939 	0
62.63 	0.115602 	0.40423 	2.08939 	0
62.7001 	0.115602 	0.40423 	2.08939 	0
62.7703 	0.115602 	0.40423 	2.08939 	0
62.8404 	0.115602 	0.40423 	2.08939 	0
62.9105 	-0.0299101 	0.329035 	2.1836 	0
62.9807 	-0.0299101 	0.329035 	2.1836 	0
63.0508 	-0.0299101 	0.329035 	2.1836 	0
63.121 	-0.0299101 	0.329035 	2.1836 	0
63.1911 	-0.0299101 	0.329035 	2.1836 	0
63.2612 	-0.0299101 	0.329035 	2.1836 	0
63.3314 	-0.0299101 	0.329035 	2.1836 	0
63.4015 	-0.0299101 	0.329035 	2.1836 	0
63.4716 	-0.0299101 	0.329035 	2.1836 	0
63.5418 	-0.168812 	0.234573 	2.26646 	0
63.6119 	-0.168812 	0.234573 	2.26646 	0
63.682 	-0.168812 	0.234573 	2.26646 	0
63.7522 	-0.168812 	0.234573 	2.26646 	0
63.8223 	-0.168812 	0.234573 	2.26646 	0
63.8924 	-0.168812 	0.234573 	2.26646 	0
63.9626 	-0.168812 	0.234573 	2.26646 	0
64.0327 	-0.168812 	0.234573 	2.26646 	0
64.1028 	-0.168812 	0.234573 	2.26646 	0
64.173 	-0.289801 	0.108847 	2.35375 	0
64.2431 	-0.289801 	0.108847 	2.35375 	0
64.3132 	-0.289801 	0.108847 	2.35375 	0
64.3834 	-0.289801 	0.108847 	2.35375 	0
64.4535 	-0.289801 	0.108847 	2.35375 	0
64.5236 	-0.289801 	0.108847 	2.35375 	0
64.5938 	-0.289801 	0.108847 	2.35375 	0
64.6639 	-0.289801 	0.108847 	2.35375 	0
64.734 	-0.289801 	0.108847 	2.35375 	0
64.8042 	-0.378457 	-0.0212535 	2.4292 	0
64.8743 	-0.378457 	-0.0212535 	2.4292 	0
64.9444 	-0.378457 	-0.0212535 	2.4292 	0
65.0146 	-0.378457 	-0.0212535 	2.4292 	0
65.0847 	-0.378457 	-0.0212535 	2.4292 	0
65.1548 	-0.378457 	-0.0212535 	2.4292 	0
65.225 	-0.378457 	-0.0212535 	2.4292 	0
65.2951 	-0.20684 	-0.124487 	2.77494 	0
65.3653 	-0.20684 	-0.124487 	2.77494 	0
65.4354 	-0.268582 	-0.244942 	2.86415 	0
65.5055 	-0.268582 	-0.244942 	2.86415 	0
65.5757 	-0.268582 	-0.244942 	2.86415 	0
65.6458 	-0.268582 	-0.244942 	2.86415 	0
65.7159 	-0.268582 	-0.244942 	2.86415 	0
65.7861 	-0.268582 	-0.244942 	2.86415 	0
65.8562 	-0.268582 	-0.244942 	2.86415 	0
65.9263 	-0.268582 	-0.244942 	2.86415 	0
65.9965 	-0.292355 	-0.370635 	2.92693 	0
66.0666 	-0.292355 	-0.370635 	2.92693 	0
66.1367 	-0.292355 	-0.370635 	2.92693 	0
66.2069 	-0.292355 	-0.370635 	2.92693 	0
66.277 	-0.292355 	-0.370635 	2.92693 	0
66.3471 	-0.292355 	-0.370635 	2.92693 	0
66.4173 	-0.292355 	-0.370635 	2.92693 	0
66.4874 	-0.292355 	-0.370635 	2.92693 	0
66.5575 	-0.292355 	-0.370635 	2.92693 	0
66.6277 	-0.278671 	-0.475841 	2.97878 	0
66.6978 	-0.278671 	-0.475841 	2.97878 	0
66.7679 	-0.278671 	-0.475841 	2.97878 	0
66.8381 	-0.278671 	-0.475841 	2.97878 	0
66.9082 	-0.278671 	-0.475841 	2.97878 	0
66.9783 	-0.278671 	-0.475841 	2.97878 	0
67.0485 	-0.278671 	-0.475841 	2.97878 	0
67.1186 	-0.278671 	-0.475841 	2.97878 	0
67.1887 	-0.278671 	-0.475841 	2.97878 	0
67.2589 	-0.233524 	-0.565103 	3.01424 	0
67.329 	-0.233524 	-0.565103 	3.01424 	0
67.3991 	-0.233524 	-0.565103 	3.01424 	0
67.4693 	-0.233524 	-0.565103 	3.01424 	0
67.5394 	-0.233524 	-0.565103 	3.01424 	0
67.6096 	-0.233524 	-0.565103 	3.01424 	0
67.6797 	-0.233524 	-0.565103 	3.01424 	0
67.7498 	-0.233524 	-0.565103 	3.01424 	0
67.82 	-0.233524 	-0.565103 	3.01424 	0
67.8901 	-0.150606 	-0.648293 	3.03772 	0
67.9602 	-0.150606 	-0.648293 	3.03772 	0
68.0304 	-0.150606 	-0.648293 	3.03772 	0
68.1005 	-0.150606 	-0.648293 	3.03772 	0
68.1706 	-0.150606 	-0.648293 	3.03772 	0
68.2408 	-0.150606 	-0.648293 	3.03772 	0
68.3109 	-0.150606 	-0.648293 	3.03772 	0
68.381 	-0.150606 	-0.648293 	3.03772 	0
68.4512 	-0.0485004 	-0.675651 	3.02376 	0
68.5213 	-0.0485004 	-0.675651 	3.02376 	0
68.5914 	-0.0485004 	-0.675651 	3.02376 	0
68.6616 	-0.0485004 	-0.675651 	3.02376 	0
68.7317 	-0.0485004 	-0.675651 	3.02376 	0
68.8018 	-0.0485004 	-0.675651 	3.02376 	0
68.872 	-0.0485004 	-0.675651 	3.02376 	0
68.9421 	-0.0485004 	-0.675651 	3.02376 	0
69.0122 	-0.0485004 	-0.675651 	3.02376 	0
