0.490941 	1.55722 	0.00593577 	3.00034 	-4.84485e-20
0.561075 	1.55722 	0.00593577 	3.00034 	-4.84485e-20
0.63121 	1.55722 	0.00593577 	3.00034 	-4.84485e-20
0.701344 	1.55722 	0.00593577 	3.00034 	-4.84485e-20
0.771478 	1.55722 	0.00593577 	3.00034 	-4.84485e-20
0.841613 	1.55722 	0.00593577 	3.00034 	-4.84485e-20
0.911747 	1.55722 	0.00593577 	3.00034 	-4.84485e-20
0.981881 	1.55722 	0.00593577 	3.00034 	-4.84485e-20
1.05202 	1.55722 	0.00593577 	3.00034 	-4.84485e-20
1.12215 	1.55722 	0.00593577 	3.00034 	-4.84485e-20
1.19228 	1.55722 	0.00593577 	3.00034 	-4.84485e-20
1.26242 	1.55722 	0.00593577 	3.00034 	-4.84485e-20
1.33255 	1.51965 	0.0139646 	3.01263 	-4.9424e-20
1.40269 	1.51965 	0.0139646 	3.01263 	-4.9424e-20
1.47282 	1.51965 	0.0139646 	3.01263 	-4.9424e-20
1.54296 	1.51965 	0.0139646 	3.01263 	-4.9424e-20
1.61309 	1.51965 	0.0139646 	3.01263 	-4.9424e-20
1.68323 	1.51965 	0.0139646 	3.01263 	-4.9424e-20
1.75336 	1.51965 	0.0139646 	3.01263 	-4.9424e-20
1.82349 	1.51965 	0.0139646 	3.01263 	-4.9424e-20
1.89363 	1.51965 	0.0139646 	3.01263 	-4.9424e-20
1.96376 	1.51965 	0.0139646 	3.01263 	-4.9424e-20
2.0339 	1.51965 	0.0139646 	3.01263 	-4.9424e-20
2.10403 	1.51965 	0.0139646 	3.01263 	-4.9424e-20
2.17417 	1.46089 	0.0142945 	3.03181 	1.02352e-19
2.2443 	1.46089 	0.0142945 	3.03181 	1.02352e-19
2.31443 	1.46089 	0.0142945 	3.03181 	1.02352e-19
2.38457 	1.46089 	0.0142945 	3.03181 	1.02352e-19
2.4547 	1.46089 	0.0142945 	3.03181 	1.02352e-19
2.52484 	1.46089 	0.0142945 	3.03181 	1.02352e-19
2.59497 	1.46089 	0.0142945 	3.03181 	1.02352e-19
2.66511 	1.46089 	0.0142945 	3.03181 	1.02352e-19
2.73524 	1.46089 	0.0142945 	3.03181 	1.02352e-19
2.80538 	1.46089 	0.0142945 	3.03181 	1.02352e-19
2.87551 	1.46089 	0.0142945 	3.03181 	1.02352e-19
2.94564 	1.46089 	0.0142945 	3.03181 	1.02352e-19
3.01578 	1.38497 	0.0151589 	3.05712 	-1.17827e-20
3.08591 	1.38497 	0.0151589 	3.05712 	-1.17827e-20
3.15605 	1.38497 	0.0151589 	3.05712 	-1.17827e-20
3.22618 	1.38497 	0.0151589 	3.05712 	-1.17827e-20
3.29632 	1.38497 	0.0151589 	3.05712 	-1.17827e-20
3.36645 	1.38497 	0.0151589 	3.05712 	-1.17827e-20
3.43659 	1.38497 	0.0151589 	3.05712 	-1.17827e-20
3.50672 	1.38497 	0.0151589 	3.05712 	-1.17827e-20
3.57685 	1.38497 	0.0151589 	3.05712 	-1.17827e-20
3.64699 	1.38497 	0.0151589 	3.05712 	-1.17827e-20
3.71712 	1.38497 	0.0151589 	3.05712 	-1.17827e-20
3.78726 	1.37796 	0.00535044 	3.05538 	2.30998e-20
3.85739 	1.29701 	0.00272244 	3.08465 	-1.68282e-19
3.92753 	1.29701 	0.00272244 	3.08465 	-1.68282e-19
3.99766 	1.29701 	0.00272244 	3.08465 	-1.68282e-19
4.06779 	1.29701 	0.00272244 	3.08465 	-1.68282e-19
4.13793 	1.29701 	0.00272244 	3.08465 	-1.68282e-19
4.20806 	1.29701 	0.00272244 	3.08465 	-1.68282e-19
4.2782 	1.29701 	0.00272244 	3.08465 	-1.68282e-19
4.34833 	1.29701 	0.00272244 	3.08465 	-1.68282e-19
4.41847 	1.29701 	0.00272244 	3.08465 	-1.68282e-19
4.4886 	1.29701 	0.00272244 	3.08465 	-1.68282e-19
4.55874 	1.29701 	0.00272244 	3.08465 	-1.68282e-19
4.62887 	1.29701 	0.00272244 	3.08465 	-1.68282e-19
4.699 	1.29701 	0.00272244 	3.08465 	-1.68282e-19
4.76914 	1.21968 	0.00322967 	3.10648 	3.26143e-19
4.83927 	1.21968 	0.00322967 	3.10648 	3.26143e-19
4.90941 	1.21968 	0.00322967 	3.10648 	3.26143e-19
4.97954 	1.21968 	0.00322967 	3.10648 	3.26143e-19
5.04968 	1.21968 	0.00322967 	3.10648 	3.26143e-19
5.11981 	1.21968 	0.00322967 	3.10648 	3.26143e-19
5.18994 	1.21968 	0.00322967 	3.10648 	3.26143e-19
5.26008 	1.21968 	0.00322967 	3.10648 	3.26143e-19
5.33021 	1.21968 	0.00322967 	3.10648 	3.26143e-19
5.40035 	1.21968 	0.00322967 	3.10648 	3.26143e-19
5.47048 	1.21968 	0.00322967 	3.10648 	3.26143e-19
5.54062 	1.21968 	0.00322967 	3.10648 	3.26143e-19
5.61075 	1.14254 	-0.000643577 	3.13373 	-1.57593e-19
5.68089 	1.14254 	-0.000643577 	3.13373 	-1.57593e-19
5.75102 	1.14254 	-0.000643577 	3.13373 	-1.57593e-19
5.82115 	1.14254 	-0.000643577 	3.13373 	-1.57593e-19
5.89129 	1.14254 	-0.000643577 	3.13373 	-1.57593e-19
5.96142 	1.14254 	-0.000643577 	3.13373 	-1.57593e-19
6.03156 	1.14254 	-0.000643577 	3.13373 	-1.57593e-19
6.10169 	1.14254 	-0.000643577 	3.13373 	-1.57593e-19
6.17183 	1.14254 	-0.000643577 	3.13373 	-1.57593e-19
6.24196 	1.14254 	-0.000643577 	3.13373 	-1.57593e-19
6.3121 	1.14254 	-0.000643577 	3.13373 	-1.57593e-19
6.38223 	1.14254 	-0.000643577 	3.13373 	-1.57593e-19
6.45236 	1.06624 	0.0055983 	3.15682 	0
6.5225 	1.06624 	0.0055983 	3.15682 	0
6.59263 	1.06624 	0.0055983 	3.15682 	0
6.66277 	1.06624 	0.0055983 	3.15682 	0
6.7329 	1.06624 	0.0055983 	3.15682 	0
6.80304 	1.06624 	0.0055983 	3.15682 	0
6.87317 	1.06624 	0.0055983 	3.15682 	0
6.9433 	1.06624 	0.0055983 	3.15682 	0
7.01344 	1.06624 	0.0055983 	3.15682 	0
7.08357 	1.06624 	0.0055983 	3.15682 	0
7.15371 	1.06624 	0.0055983 	3.15682 	0
7.22384 	1.06624 	0.0055983 	3.15682 	0
7.29398 	1.00339 	0.00586139 	3.17756 	0
7.36411 	1.00339 	0.00586139 	3.17756 	0
7.43425 	1.00339 	0.00586139 	3.17756 	0
7.50438 	1.00339 	0.00586139 	3.17756 	0
7.57451 	1.00339 	0.00586139 	3.17756 	0
7.64465 	1.00339 	0.00586139 	3.17756 	0
7.71478 	1.00339 	0.00586139 	3.17756 	0
7.78492 	1.00339 	0.00586139 	3.17756 	0
7.85505 	1.00339 	0.00586139 	3.17756 	0
7.92519 	1.00339 	0.00586139 	3.17756 	0
7.99532 	1.00339 	0.00586139 	3.17756 	0
8.06545 	1.00339 	0.00586139 	3.17756 	0
8.13559 	1.00339 	0.00586139 	3.17756 	0
8.20572 	0.948661 	0.0109475 	3.19512 	3.75243e-22
8.27586 	0.948661 	0.0109475 	3.19512 	3.75243e-22
8.34599 	0.948661 	0.0109475 	3.19512 	3.75243e-22
8.41613 	0.948661 	0.0109475 	3.19512 	3.75243e-22
8.48626 	0.948661 	0.0109475 	3.19512 	3.75243e-22
8.5564 	0.948661 	0.0109475 	3.19512 	3.75243e-22
8.62653 	0.948661 	0.0109475 	3.19512 	3.75243e-22
8.69666 	0.948661 	0.0109475 	3.19512 	3.75243e-22
8.7668 	0.948661 	0.0109475 	3.19512 	3.75243e-22
8.83693 	0.948661 	0.0109475 	3.19512 	3.75243e-22
8.90707 	0.948661 	0.0109475 	3.19512 	3.75243e-22
8.9772 	0.948661 	0.0109475 	3.19512 	3.75243e-22
9.04734 	0.886078 	0.0155939 	3.2113 	2.25799e-19
9.11747 	0.886078 	0.0155939 	3.2113 	2.25799e-19
9.18761 	0.886078 	0.0155939 	3.2113 	2.25799e-19
9.25774 	0.886078 	0.0155939 	3.2113 	2.25799e-19
9.32787 	0.886078 	0.0155939 	3.2113 	2.25799e-19
9.39801 	0.886078 	0.0155939 	3.2113 	2.25799e-19
9.46814 	0.886078 	0.0155939 	3.2113 	2.25799e-19
9.53828 	0.886078 	0.0155939 	3.2113 	2.25799e-19
9.60841 	0.886078 	0.0155939 	3.2113 	2.25799e-19
9.67855 	0.886078 	0.0155939 	3.2113 	2.25799e-19
9.74868 	0.886078 	0.0155939 	3.2113 	2.25799e-19
9.81881 	0.886078 	0.0155939 	3.2113 	2.25799e-19
9.88895 	0.886078 	0.0155939 	3.2113 	2.25799e-19
9.95908 	0.805474 	0.0283735 	3.24112 	-8.48662e-21
10.0292 	0.805474 	0.0283735 	3.24112 	-8.48662e-21
10.0994 	0.805474 	0.0283735 	3.24112 	-8.48662e-21
10.1695 	0.805474 	0.0283735 	3.24112 	-8.48662e-21
10.2396 	0.805474 	0.0283735 	3.24112 	-8.48662e-21
10.3098 	0.805474 	0.0283735 	3.24112 	-8.48662e-21
10.3799 	0.805474 	0.0283735 	3.24112 	-8.48662e-21
10.45 	0.805474 	0.0283735 	3.24112 	-8.48662e-21
10.5202 	0.805474 	0.0283735 	3.24112 	-8.48662e-21
10.5903 	0.805474 	0.0283735 	3.24112 	-8.48662e-21
10.6604 	0.805474 	0.0283735 	3.24112 	-8.48662e-21
10.7306 	0.805474 	0.0283735 	3.24112 	-8.48662e-21
10.8007 	0.725364 	0.0455692 	3.26712 	-2.13147e-19
10.8708 	0.725364 	0.0455692 	3.26712 	-2.13147e-19
10.941 	0.725364 	0.0455692 	3.26712 	-2.13147e-19
11.0111 	0.725364 	0.0455692 	3.26712 	-2.13147e-19
11.0812 	0.725364 	0.0455692 	3.26712 	-2.13147e-19
11.1514 	0.725364 	0.0455692 	3.26712 	-2.13147e-19
11.2215 	0.725364 	0.0455692 	3.26712 	-2.13147e-19
11.2916 	0.725364 	0.0455692 	3.26712 	-2.13147e-19
11.3618 	0.725364 	0.0455692 	3.26712 	-2.13147e-19
11.4319 	0.725364 	0.0455692 	3.26712 	-2.13147e-19
11.502 	0.725364 	0.0455692 	3.26712 	-2.13147e-19
11.5722 	0.725364 	0.0455692 	3.26712 	-2.13147e-19
11.6423 	0.725364 	0.0455692 	3.26712 	-2.13147e-19
11.7124 	0.640353 	0.0970967 	3.28111 	-3.00168e-19
11.7826 	0.640353 	0.0970967 	3.28111 	-3.00168e-19
11.8527 	0.640353 	0.0970967 	3.28111 	-3.00168e-19
11.9228 	0.640353 	0.0970967 	3.28111 	-3.00168e-19
11.993 	0.640353 	0.0970967 	3.28111 	-3.00168e-19
12.0631 	0.640353 	0.0970967 	3.28111 	-3.00168e-19
12.1332 	0.640353 	0.0970967 	3.28111 	-3.00168e-19
12.2034 	0.640353 	0.0970967 	3.28111 	-3.00168e-19
12.2735 	0.640353 	0.0970967 	3.28111 	-3.00168e-19
12.3437 	0.640353 	0.0970967 	3.28111 	-3.00168e-19
12.4138 	0.640353 	0.0970967 	3.28111 	-3.00168e-19
12.4839 	0.640353 	0.0970967 	3.28111 	-3.00168e-19
12.5541 	0.640353 	0.0970967 	3.28111 	-3.00168e-19
12.6242 	0.534351 	0.143162 	3.31776 	5.46712e-19
12.6943 	0.534351 	0.143162 	3.31776 	5.46712e-19
12.7645 	0.534351 	0.143162 	3.31776 	5.46712e-19
12.8346 	0.534351 	0.143162 	3.31776 	5.46712e-19
12.9047 	0.534351 	0.143162 	3.31776 	5.46712e-19
12.9749 	0.534351 	0.143162 	3.31776 	5.46712e-19
13.045 	0.534351 	0.143162 	3.31776 	5.46712e-19
13.1151 	0.534351 	0.143162 	3.31776 	5.46712e-19
13.1853 	0.534351 	0.143162 	3.31776 	5.46712e-19
13.2554 	0.534351 	0.143162 	3.31776 	5.46712e-19
13.3255 	0.534351 	0.143162 	3.31776 	5.46712e-19
13.3957 	0.534351 	0.143162 	3.31776 	5.46712e-19
13.4658 	0.534351 	0.143162 	3.31776 	5.46712e-19
13.5359 	0.365061 	0.27116 	3.36103 	-2.42615e-19
13.6061 	0.365061 	0.27116 	3.36103 	-2.42615e-19
13.6762 	0.365061 	0.27116 	3.36103 	-2.42615e-19
13.7463 	0.365061 	0.27116 	3.36103 	-2.42615e-19
13.8165 	0.365061 	0.27116 	3.36103 	-2.42615e-19
13.8866 	0.365061 	0.27116 	3.36103 	-2.42615e-19
13.9567 	0.365061 	0.27116 	3.36103 	-2.42615e-19
14.0269 	0.365061 	0.27116 	3.36103 	-2.42615e-19
14.097 	0.365061 	0.27116 	3.36103 	-2.42615e-19
14.1671 	0.365061 	0.27116 	3.36103 	-2.42615e-19
14.2373 	0.365061 	0.27116 	3.36103 	-2.42615e-19
14.3074 	0.365061 	0.27116 	3.36103 	-2.42615e-19
14.3776 	0.16776 	0.30787 	3.40648 	0
14.4477 	-0.180276 	0.295817 	3.51294 	-1.77963e-19
14.5178 	-0.180276 	0.295817 	3.51294 	-1.77963e-19
14.588 	-0.180276 	0.295817 	3.51294 	-1.77963e-19
14.6581 	-0.180276 	0.295817 	3.51294 	-1.77963e-19
14.7282 	-0.180276 	0.295817 	3.51294 	-1.77963e-19
14.7984 	-0.180276 	0.295817 	3.51294 	-1.77963e-19
14.8685 	-0.186153 	0.336995 	3.50491 	3.96552e-19
14.9386 	-0.186153 	0.336995 	3.50491 	3.96552e-19
15.0088 	-0.186153 	0.336995 	3.50491 	3.96552e-19
15.0789 	-0.186153 	0.336995 	3.50491 	3.96552e-19
15.149 	-0.186153 	0.336995 	3.50491 	3.96552e-19
15.2192 	-0.592952 	0.404883 	3.63348 	-1.00286e-18
15.2893 	-0.592952 	0.404883 	3.63348 	-1.00286e-18
15.3594 	-0.592952 	0.404883 	3.63348 	-1.00286e-18
15.4296 	-0.507771 	0.522943 	3.61188 	3.25224e-19
15.4997 	-0.507771 	0.522943 	3.61188 	3.25224e-19
15.5698 	-0.507771 	0.522943 	3.61188 	3.25224e-19
15.64 	-0.507771 	0.522943 	3.61188 	3.25224e-19
15.7101 	-0.507771 	0.522943 	3.61188 	3.25224e-19
15.7802 	-0.507771 	0.522943 	3.61188 	3.25224e-19
15.8504 	-0.507771 	0.522943 	3.61188 	3.25224e-19
15.9205 	-0.963441 	0.457772 	3.74855 	1.60982e-19
15.9906 	-0.963441 	0.457772 	3.74855 	1.60982e-19
16.0608 	-0.963441 	0.457772 	3.74855 	1.60982e-19
16.1309 	-0.823323 	0.592318 	3.70602 	-3.99619e-19
16.201 	-0.823323 	0.592318 	3.70602 	-3.99619e-19
16.2712 	-0.823323 	0.592318 	3.70602 	-3.99619e-19
16.3413 	-0.823323 	0.592318 	3.70602 	-3.99619e-19
16.4114 	-0.823323 	0.592318 	3.70602 	-3.99619e-19
16.4816 	-0.823323 	0.592318 	3.70602 	-3.99619e-19
16.5517 	-0.823323 	0.592318 	3.70602 	-3.99619e-19
16.6219 	-1.15091 	0.630326 	3.78827 	0
16.692 	-1.15091 	0.630326 	3.78827 	0
16.7621 	-1.15091 	0.630326 	3.78827 	0
16.8323 	-1.15091 	0.630326 	3.78827 	0
16.9024 	-1.15091 	0.630326 	3.78827 	0
16.9725 	-1.05366 	0.600025 	3.74495 	-5.28304e-19
17.0427 	-1.05366 	0.600025 	3.74495 	-5.28304e-19
17.1128 	-1.05366 	0.600025 	3.74495 	-5.28304e-19
17.1829 	-1.05366 	0.600025 	3.74495 	-5.28304e-19
17.2531 	-1.23322 	0.631597 	3.7644 	-1.14503e-18
17.3232 	-1.23322 	0.631597 	3.7644 	-1.14503e-18
17.3933 	-1.23322 	0.631597 	3.7644 	-1.14503e-18
17.4635 	-1.23322 	0.631597 	3.7644 	-1.14503e-18
17.5336 	-1.23322 	0.631597 	3.7644 	-1.14503e-18
17.6037 	-1.23322 	0.631597 	3.7644 	-1.14503e-18
17.6739 	-1.23322 	0.631597 	3.7644 	-1.14503e-18
17.744 	-1.23322 	0.631597 	3.7644 	-1.14503e-18
17.8141 	-1.23322 	0.631597 	3.7644 	-1.14503e-18
17.8843 	-1.23322 	0.631597 	3.7644 	-1.14503e-18
17.9544 	-1.05117 	0.599074 	3.62456 	0
18.0245 	-1.05117 	0.599074 	3.62456 	0
18.0947 	-1.05117 	0.599074 	3.62456 	0
18.1648 	-1.05117 	0.599074 	3.62456 	0
18.2349 	-1.05117 	0.599074 	3.62456 	0
18.3051 	-1.05117 	0.599074 	3.62456 	0
18.3752 	-1.05117 	0.599074 	3.62456 	0
18.4453 	-1.05117 	0.599074 	3.62456 	0
18.5155 	-1.05117 	0.599074 	3.62456 	0
18.5856 	-0.962578 	0.631447 	3.57336 	0
18.6557 	-0.962578 	0.631447 	3.57336 	0
18.7259 	-0.962578 	0.631447 	3.57336 	0
18.796 	-0.962578 	0.631447 	3.57336 	0
18.8662 	-0.962578 	0.631447 	3.57336 	0
18.9363 	-0.962578 	0.631447 	3.57336 	0
19.0064 	-0.962578 	0.631447 	3.57336 	0
19.0766 	-0.962578 	0.631447 	3.57336 	0
19.1467 	-0.962578 	0.631447 	3.57336 	0
19.2168 	-0.799747 	0.704326 	3.43768 	3.00244e-19
19.287 	-0.465307 	0.429315 	3.29114 	2.10339e-19
19.3571 	-0.465307 	0.429315 	3.29114 	2.10339e-19
19.4272 	-0.465307 	0.429315 	3.29114 	2.10339e-19
19.4974 	-0.465307 	0.429315 	3.29114 	2.10339e-19
19.5675 	-0.465307 	0.429315 	3.29114 	2.10339e-19
19.6376 	-0.465307 	0.429315 	3.29114 	2.10339e-19
19.7078 	-0.465307 	0.429315 	3.29114 	2.10339e-19
19.7779 	-0.465307 	0.429315 	3.29114 	2.10339e-19
19.848 	-0.465307 	0.429315 	3.29114 	2.10339e-19
19.9182 	-0.231908 	0.519324 	3.15004 	1.20735e-19
19.9883 	-0.231908 	0.519324 	3.15004 	1.20735e-19
20.0584 	-0.231908 	0.519324 	3.15004 	1.20735e-19
20.1286 	-0.231908 	0.519324 	3.15004 	1.20735e-19
20.1987 	-0.231908 	0.519324 	3.15004 	1.20735e-19
20.2688 	-0.231908 	0.519324 	3.15004 	1.20735e-19
20.339 	-0.231908 	0.519324 	3.15004 	1.20735e-19
20.4091 	-0.231908 	0.519324 	3.15004 	1.20735e-19
20.4792 	-0.231908 	0.519324 	3.15004 	1.20735e-19
20.5494 	-0.231908 	0.519324 	3.15004 	1.20735e-19
20.6195 	-0.0298418 	0.627439 	2.94756 	-4.3895e-20
20.6896 	-0.0298418 	0.627439 	2.94756 	-4.3895e-20
20.7598 	-0.0298418 	0.627439 	2.94756 	-4.3895e-20
20.8299 	-0.0298418 	0.627439 	2.94756 	-4.3895e-20
20.9 	0.233915 	0.21786 	2.54329 	-1.44686e-19
20.9702 	0.233915 	0.21786 	2.54329 	-1.44686e-19
21.0403 	0.233915 	0.21786 	2.54329 	-1.44686e-19
21.1105 	0.233915 	0.21786 	2.54329 	-1.44686e-19
21.1806 	0.233915 	0.21786 	2.54329 	-1.44686e-19
21.2507 	0.233915 	0.21786 	2.54329 	-1.44686e-19
21.3209 	0.367359 	0.357015 	2.42571 	0
21.391 	0.367359 	0.357015 	2.42571 	0
21.4611 	0.367359 	0.357015 	2.42571 	0
21.5313 	0.367359 	0.357015 	2.42571 	0
21.6014 	0.367359 	0.357015 	2.42571 	0
21.6715 	0.367359 	0.357015 	2.42571 	0
21.7417 	0.367359 	0.357015 	2.42571 	0
21.8118 	0.367359 	0.357015 	2.42571 	0
21.8819 	0.367359 	0.357015 	2.42571 	0
21.9521 	0.367359 	0.357015 	2.42571 	0
22.0222 	0.367359 	0.357015 	2.42571 	0
22.0923 	0.457501 	0.482499 	2.28221 	-3.77484e-19
22.1625 	0.457501 	0.482499 	2.28221 	-3.77484e-19
22.2326 	0.457501 	0.482499 	2.28221 	-3.77484e-19
22.3027 	0.457501 	0.482499 	2.28221 	-3.77484e-19
22.3729 	0.457501 	0.482499 	2.28221 	-3.77484e-19
22.443 	0.457501 	0.482499 	2.28221 	-3.77484e-19
22.5131 	0.457501 	0.482499 	2.28221 	-3.77484e-19
22.5833 	0.457501 	0.482499 	2.28221 	-3.77484e-19
22.6534 	0.457501 	0.482499 	2.28221 	-3.77484e-19
22.7235 	0.457501 	0.482499 	2.28221 	-3.77484e-19
22.7937 	0.457501 	0.482499 	2.28221 	-3.77484e-19
22.8638 	0.524927 	0.571974 	2.12394 	7.55405e-19
22.9339 	0.524927 	0.571974 	2.12394 	7.55405e-19
23.0041 	0.524927 	0.571974 	2.12394 	7.55405e-19
23.0742 	0.506038 	0.379663 	1.93832 	1.86504e-19
23.1443 	0.506038 	0.379663 	1.93832 	1.86504e-19
23.2145 	0.506038 	0.379663 	1.93832 	1.86504e-19
23.2846 	0.506038 	0.379663 	1.93832 	1.86504e-19
23.3548 	0.506038 	0.379663 	1.93832 	1.86504e-19
23.4249 	0.506038 	0.379663 	1.93832 	1.86504e-19
23.495 	0.506038 	0.379663 	1.93832 	1.86504e-19
23.5652 	0.506038 	0.379663 	1.93832 	1.86504e-19
23.6353 	0.506038 	0.379663 	1.93832 	1.86504e-19
23.7054 	0.527025 	0.451693 	1.87651 	-9.77247e-20
23.7756 	0.527025 	0.451693 	1.87651 	-9.77247e-20
23.8457 	0.527025 	0.451693 	1.87651 	-9.77247e-20
23.9158 	0.527025 	0.451693 	1.87651 	-9.77247e-20
23.986 	0.527025 	0.451693 	1.87651 	-9.77247e-20
24.0561 	0.527025 	0.451693 	1.87651 	-9.77247e-20
24.1262 	0.527025 	0.451693 	1.87651 	-9.77247e-20
24.1964 	0.527025 	0.451693 	1.87651 	-9.77247e-20
24.2665 	0.527025 	0.451693 	1.87651 	-9.77247e-20
24.3366 	0.527025 	0.451693 	1.87651 	-9.77247e-20
24.4068 	0.527025 	0.451693 	1.87651 	-9.77247e-20
24.4769 	0.527025 	0.451693 	1.87651 	-9.77247e-20
24.547 	0.527025 	0.451693 	1.87651 	-9.77247e-20
24.6172 	0.543147 	0.493239 	1.8141 	7.57317e-19
24.6873 	0.543147 	0.493239 	1.8141 	7.57317e-19
24.7574 	0.543147 	0.493239 	1.8141 	7.57317e-19
24.8276 	0.543147 	0.493239 	1.8141 	7.57317e-19
24.8977 	0.543147 	0.493239 	1.8141 	7.57317e-19
24.9678 	0.543147 	0.493239 	1.8141 	7.57317e-19
25.038 	0.543147 	0.493239 	1.8141 	7.57317e-19
25.1081 	0.543147 	0.493239 	1.8141 	7.57317e-19
25.1782 	0.543147 	0.493239 	1.8141 	7.57317e-19
25.2484 	0.543147 	0.493239 	1.8141 	7.57317e-19
25.3185 	0.543147 	0.493239 	1.8141 	7.57317e-19
25.3886 	0.543147 	0.493239 	1.8141 	7.57317e-19
25.4588 	0.553173 	0.511606 	1.76115 	-6.90938e-19
25.5289 	0.553173 	0.511606 	1.76115 	-6.90938e-19
25.5991 	0.553173 	0.511606 	1.76115 	-6.90938e-19
25.6692 	0.553173 	0.511606 	1.76115 	-6.90938e-19
25.7393 	0.553173 	0.511606 	1.76115 	-6.90938e-19
25.8095 	0.553173 	0.511606 	1.76115 	-6.90938e-19
25.8796 	0.553173 	0.511606 	1.76115 	-6.90938e-19
25.9497 	0.553173 	0.511606 	1.76115 	-6.90938e-19
26.0199 	0.553173 	0.511606 	1.76115 	-6.90938e-19
26.09 	0.439632 	0.464166 	1.73269 	-1.04579e-19
26.1601 	0.439632 	0.464166 	1.73269 	-1.04579e-19
26.2303 	0.439632 	0.464166 	1.73269 	-1.04579e-19
26.3004 	0.439632 	0.464166 	1.73269 	-1.04579e-19
26.3705 	0.439632 	0.464166 	1.73269 	-1.04579e-19
26.4407 	0.436572 	0.471339 	1.72199 	9.45191e-20
26.5108 	0.436572 	0.471339 	1.72199 	9.45191e-20
26.5809 	0.436572 	0.471339 	1.72199 	9.45191e-20
26.6511 	0.436572 	0.471339 	1.72199 	9.45191e-20
26.7212 	0.436572 	0.471339 	1.72199 	9.45191e-20
26.7913 	0.436572 	0.471339 	1.72199 	9.45191e-20
26.8615 	0.436572 	0.471339 	1.72199 	9.45191e-20
26.9316 	0.436572 	0.471339 	1.72199 	9.45191e-20
27.0017 	0.436572 	0.471339 	1.72199 	9.45191e-20
27.0719 	0.436572 	0.471339 	1.72199 	9.45191e-20
27.142 	0.436572 	0.471339 	1.72199 	9.45191e-20
27.2121 	0.436572 	0.471339 	1.72199 	9.45191e-20
27.2823 	0.436572 	0.471339 	1.72199 	9.45191e-20
27.3524 	0.431508 	0.467436 	1.71184 	0
27.4225 	0.431508 	0.467436 	1.71184 	0
27.4927 	0.431508 	0.467436 	1.71184 	0
27.5628 	0.431508 	0.467436 	1.71184 	0
27.6329 	0.431508 	0.467436 	1.71184 	0
27.7031 	0.431508 	0.467436 	1.71184 	0
27.7732 	0.431508 	0.467436 	1.71184 	0
27.8434 	0.431508 	0.467436 	1.71184 	0
27.9135 	0.431508 	0.467436 	1.71184 	0
27.9836 	0.431508 	0.467436 	1.71184 	0
28.0538 	0.431508 	0.467436 	1.71184 	0
28.1239 	0.431508 	0.467436 	1.71184 	0
28.194 	0.431508 	0.467436 	1.71184 	0
28.2642 	0.431508 	0.467436 	1.71184 	0
28.3343 	0.431508 	0.467436 	1.71184 	0
28.4044 	0.424563 	0.452058 	1.70592 	0
28.4746 	0.424563 	0.452058 	1.70592 	0
28.5447 	0.424563 	0.452058 	1.70592 	0
28.6148 	0.424563 	0.452058 	1.70592 	0
28.685 	0.424563 	0.452058 	1.70592 	0
28.7551 	0.424563 	0.452058 	1.70592 	0
28.8252 	0.424563 	0.452058 	1.70592 	0
28.8954 	0.424563 	0.452058 	1.70592 	0
28.9655 	0.424563 	0.452058 	1.70592 	0
29.0356 	0.424563 	0.452058 	1.70592 	0
29.1058 	0.424563 	0.452058 	1.70592 	0
29.1759 	0.424563 	0.452058 	1.70592 	0
29.246 	0.424563 	0.452058 	1.70592 	0
29.3162 	0.424563 	0.452058 	1.70592 	0
29.3863 	0.424563 	0.452058 	1.70592 	0
29.4564 	0.41513 	0.423803 	1.70459 	1.73138e-19
29.5266 	0.41513 	0.423803 	1.70459 	1.73138e-19
29.5967 	0.41513 	0.423803 	1.70459 	1.73138e-19
29.6668 	0.41513 	0.423803 	1.70459 	1.73138e-19
29.737 	0.41513 	0.423803 	1.70459 	1.73138e-19
29.8071 	0.41513 	0.423803 	1.70459 	1.73138e-19
29.8773 	0.41513 	0.423803 	1.70459 	1.73138e-19
29.9474 	0.41513 	0.423803 	1.70459 	1.73138e-19
30.0175 	0.41513 	0.423803 	1.70459 	1.73138e-19
30.0877 	0.41513 	0.423803 	1.70459 	1.73138e-19
30.1578 	0.41513 	0.423803 	1.70459 	1.73138e-19
30.2279 	0.41513 	0.423803 	1.70459 	1.73138e-19
30.2981 	0.41513 	0.423803 	1.70459 	1.73138e-19
30.3682 	0.41513 	0.423803 	1.70459 	1.73138e-19
30.4383 	0.41513 	0.423803 	1.70459 	1.73138e-19
30.5085 	0.41513 	0.423803 	1.70459 	1.73138e-19
30.5786 	0.402019 	0.387017 	1.70744 	2.12948e-20
30.6487 	0.402019 	0.387017 	1.70744 	2.12948e-20
30.7189 	0.402019 	0.387017 	1.70744 	2.12948e-20
30.789 	0.402019 	0.387017 	1.70744 	2.12948e-20
30.8591 	0.402019 	0.387017 	1.70744 	2.12948e-20
30.9293 	0.402019 	0.387017 	1.70744 	2.12948e-20
30.9994 	0.402019 	0.387017 	1.70744 	2.12948e-20
31.0695 	0.402019 	0.387017 	1.70744 	2.12948e-20
31.1397 	0.402019 	0.387017 	1.70744 	2.12948e-20
31.2098 	0.402019 	0.387017 	1.70744 	2.12948e-20
31.2799 	0.402019 	0.387017 	1.70744 	2.12948e-20
31.3501 	0.402019 	0.387017 	1.70744 	2.12948e-20
31.4202 	0.402019 	0.387017 	1.70744 	2.12948e-20
31.4903 	0.402019 	0.387017 	1.70744 	2.12948e-20
31.5605 	0.260374 	0.395748 	1.75804 	1.77372e-19
31.6306 	0.260374 	0.395748 	1.75804 	1.77372e-19
31.7007 	0.249223 	0.355963 	1.76894 	-1.15197e-19
31.7709 	0.249223 	0.355963 	1.76894 	-1.15197e-19
31.841 	0.249223 	0.355963 	1.76894 	-1.15197e-19
31.9111 	0.249223 	0.355963 	1.76894 	-1.15197e-19
31.9813 	0.249223 	0.355963 	1.76894 	-1.15197e-19
32.0514 	0.249223 	0.355963 	1.76894 	-1.15197e-19
32.1216 	0.249223 	0.355963 	1.76894 	-1.15197e-19
32.1917 	0.249223 	0.355963 	1.76894 	-1.15197e-19
32.2618 	0.249223 	0.355963 	1.76894 	-1.15197e-19
32.332 	0.249223 	0.355963 	1.76894 	-1.15197e-19
32.4021 	0.249223 	0.355963 	1.76894 	-1.15197e-19
32.4722 	0.249223 	0.355963 	1.76894 	-1.15197e-19
32.5424 	0.249223 	0.355963 	1.76894 	-1.15197e-19
32.6125 	0.249223 	0.355963 	1.76894 	-1.15197e-19
32.6826 	0.249223 	0.355963 	1.76894 	-1.15197e-19
32.7528 	0.249223 	0.355963 	1.76894 	-1.15197e-19
32.8229 	0.249223 	0.355963 	1.76894 	-1.15197e-19
32.893 	0.249223 	0.355963 	1.76894 	-1.15197e-19
32.9632 	0.234784 	0.310903 	1.77962 	-1.70788e-20
33.0333 	0.234784 	0.310903 	1.77962 	-1.70788e-20
33.1034 	0.234784 	0.310903 	1.77962 	-1.70788e-20
33.1736 	0.234784 	0.310903 	1.77962 	-1.70788e-20
33.2437 	0.234784 	0.310903 	1.77962 	-1.70788e-20
33.3138 	0.234784 	0.310903 	1.77962 	-1.70788e-20
33.384 	0.234784 	0.310903 	1.77962 	-1.70788e-20
33.4541 	0.234784 	0.310903 	1.77962 	-1.70788e-20
33.5242 	0.234784 	0.310903 	1.77962 	-1.70788e-20
33.5944 	0.234784 	0.310903 	1.77962 	-1.70788e-20
33.6645 	0.234784 	0.310903 	1.77962 	-1.70788e-20
33.7346 	0.234784 	0.310903 	1.77962 	-1.70788e-20
33.8048 	0.234784 	0.310903 	1.77962 	-1.70788e-20
33.8749 	0.234784 	0.310903 	1.77962 	-1.70788e-20
33.945 	0.234784 	0.310903 	1.77962 	-1.70788e-20
34.0152 	0.234784 	0.310903 	1.77962 	-1.70788e-20
34.0853 	0.234784 	0.310903 	1.77962 	-1.70788e-20
34.1554 	0.234784 	0.310903 	1.77962 	-1.70788e-20
34.2256 	0.219087 	0.261894 	1.79078 	2.40492e-20
34.2957 	0.219087 	0.261894 	1.79078 	2.40492e-20
34.3659 	0.219087 	0.261894 	1.79078 	2.40492e-20
34.436 	0.219087 	0.261894 	1.79078 	2.40492e-20
34.5061 	0.219087 	0.261894 	1.79078 	2.40492e-20
34.5763 	0.219087 	0.261894 	1.79078 	2.40492e-20
34.6464 	0.219087 	0.261894 	1.79078 	2.40492e-20
34.7165 	0.219087 	0.261894 	1.79078 	2.40492e-20
34.7867 	0.219087 	0.261894 	1.79078 	2.40492e-20
34.8568 	0.219087 	0.261894 	1.79078 	2.40492e-20
34.9269 	0.219087 	0.261894 	1.79078 	2.40492e-20
34.9971 	0.219087 	0.261894 	1.79078 	2.40492e-20
35.0672 	0.219087 	0.261894 	1.79078 	2.40492e-20
35.1373 	0.219087 	0.261894 	1.79078 	2.40492e-20
35.2075 	0.219087 	0.261894 	1.79078 	2.40492e-20
35.2776 	0.219087 	0.261894 	1.79078 	2.40492e-20
35.3477 	0.219087 	0.261894 	1.79078 	2.40492e-20
35.4179 	0.219087 	0.261894 	1.79078 	2.40492e-20
35.488 	0.219087 	0.261894 	1.79078 	2.40492e-20
35.5581 	0.219087 	0.261894 	1.79078 	2.40492e-20
35.6283 	0.202318 	0.211672 	1.80036 	2.83693e-21
35.6984 	0.202318 	0.211672 	1.80036 	2.83693e-21
35.7685 	0.202318 	0.211672 	1.80036 	2.83693e-21
35.8387 	0.202318 	0.211672 	1.80036 	2.83693e-21
35.9088 	0.202318 	0.211672 	1.80036 	2.83693e-21
35.9789 	0.202318 	0.211672 	1.80036 	2.83693e-21
36.0491 	0.202318 	0.211672 	1.80036 	2.83693e-21
36.1192 	0.202318 	0.211672 	1.80036 	2.83693e-21
36.1893 	0.202318 	0.211672 	1.80036 	2.83693e-21
36.2595 	0.202318 	0.211672 	1.80036 	2.83693e-21
36.3296 	0.202318 	0.211672 	1.80036 	2.83693e-21
36.3997 	0.202318 	0.211672 	1.80036 	2.83693e-21
36.4699 	0.202318 	0.211672 	1.80036 	2.83693e-21
36.54 	0.202318 	0.211672 	1.80036 	2.83693e-21
36.6102 	0.202318 	0.211672 	1.80036 	2.83693e-21
36.6803 	0.202318 	0.211672 	1.80036 	2.83693e-21
36.7504 	0.202318 	0.211672 	1.80036 	2.83693e-21
36.8206 	0.202318 	0.211672 	1.80036 	2.83693e-21
36.8907 	0.202318 	0.211672 	1.80036 	2.83693e-21
36.9608 	0.202318 	0.211672 	1.80036 	2.83693e-21
37.031 	0.202318 	0.211672 	1.80036 	2.83693e-21
37.1011 	0.187191 	0.168215 	1.80687 	0
37.1712 	0.187191 	0.168215 	1.80687 	0
37.2414 	0.187191 	0.168215 	1.80687 	0
37.3115 	0.187191 	0.168215 	1.80687 	0
37.3816 	0.187191 	0.168215 	1.80687 	0
37.4518 	0.187191 	0.168215 	1.80687 	0
37.5219 	0.187191 	0.168215 	1.80687 	0
37.592 	0.187191 	0.168215 	1.80687 	0
37.6622 	0.187191 	0.168215 	1.80687 	0
37.7323 	0.187191 	0.168215 	1.80687 	0
37.8024 	0.187191 	0.168215 	1.80687 	0
37.8726 	0.187191 	0.168215 	1.80687 	0
37.9427 	0.187191 	0.168215 	1.80687 	0
38.0128 	0.187191 	0.168215 	1.80687 	0
38.083 	0.187191 	0.168215 	1.80687 	0
38.1531 	0.187191 	0.168215 	1.80687 	0
38.2232 	0.187191 	0.168215 	1.80687 	0
38.2934 	0.175216 	0.132983 	1.81116 	0
38.3635 	0.175216 	0.132983 	1.81116 	0
38.4336 	0.175216 	0.132983 	1.81116 	0
38.5038 	0.175216 	0.132983 	1.81116 	0
38.5739 	0.175216 	0.132983 	1.81116 	0
38.644 	0.175216 	0.132983 	1.81116 	0
38.7142 	0.175216 	0.132983 	1.81116 	0
38.7843 	0.175216 	0.132983 	1.81116 	0
38.8545 	0.175216 	0.132983 	1.81116 	0
38.9246 	0.175216 	0.132983 	1.81116 	0
38.9947 	0.175216 	0.132983 	1.81116 	0
39.0649 	0.175216 	0.132983 	1.81116 	0
39.135 	0.175216 	0.132983 	1.81116 	0
39.2051 	0.175216 	0.132983 	1.81116 	0
39.2753 	0.175216 	0.132983 	1.81116 	0
39.3454 	0.175216 	0.132983 	1.81116 	0
39.4155 	0.175216 	0.132983 	1.81116 	0
39.4857 	0.175216 	0.132983 	1.81116 	0
39.5558 	0.166358 	0.103208 	1.81258 	0
39.6259 	0.166358 	0.103208 	1.81258 	0
39.6961 	0.166358 	0.103208 	1.81258 	0
39.7662 	0.166358 	0.103208 	1.81258 	0
39.8363 	0.166358 	0.103208 	1.81258 	0
39.9065 	0.166358 	0.103208 	1.81258 	0
39.9766 	0.166358 	0.103208 	1.81258 	0
40.0467 	0.166358 	0.103208 	1.81258 	0
40.1169 	0.166358 	0.103208 	1.81258 	0
40.187 	0.166358 	0.103208 	1.81258 	0
40.2571 	0.166358 	0.103208 	1.81258 	0
40.3273 	0.166358 	0.103208 	1.81258 	0
40.3974 	0.166358 	0.103208 	1.81258 	0
40.4675 	0.166358 	0.103208 	1.81258 	0
40.5377 	0.166358 	0.103208 	1.81258 	0
40.6078 	0.166358 	0.103208 	1.81258 	0
40.6779 	0.166358 	0.103208 	1.81258 	0
40.7481 	0.161083 	0.0794247 	1.81079 	0
40.8182 	0.161083 	0.0794247 	1.81079 	0
40.8883 	0.161083 	0.0794247 	1.81079 	0
40.9585 	0.161083 	0.0794247 	1.81079 	0
41.0286 	0.161083 	0.0794247 	1.81079 	0
41.0988 	0.161083 	0.0794247 	1.81079 	0
41.1689 	0.161083 	0.0794247 	1.81079 	0
41.239 	0.161083 	0.0794247 	1.81079 	0
41.3092 	0.161083 	0.0794247 	1.81079 	0
41.3793 	0.161083 	0.0794247 	1.81079 	0
41.4494 	0.161083 	0.0794247 	1.81079 	0
41.5196 	0.161083 	0.0794247 	1.81079 	0
41.5897 	0.161083 	0.0794247 	1.81079 	0
41.6598 	0.161083 	0.0794247 	1.81079 	0
41.73 	0.161083 	0.0794247 	1.81079 	0
41.8001 	0.161083 	0.0794247 	1.81079 	0
41.8702 	0.161083 	0.0794247 	1.81079 	0
41.9404 	0.161083 	0.0794247 	1.81079 	0
42.0105 	0.157145 	0.0612959 	1.80811 	0
42.0806 	0.157145 	0.0612959 	1.80811 	0
42.1508 	0.157145 	0.0612959 	1.80811 	0
42.2209 	0.157145 	0.0612959 	1.80811 	0
42.291 	0.157145 	0.0612959 	1.80811 	0
42.3612 	0.157145 	0.0612959 	1.80811 	0
42.4313 	0.157145 	0.0612959 	1.80811 	0
42.5014 	0.157145 	0.0612959 	1.80811 	0
42.5716 	0.157145 	0.0612959 	1.80811 	0
42.6417 	0.157145 	0.0612959 	1.80811 	0
42.7118 	0.157145 	0.0612959 	1.80811 	0
42.782 	0.157145 	0.0612959 	1.80811 	0
42.8521 	0.157145 	0.0612959 	1.80811 	0
42.9222 	0.157145 	0.0612959 	1.80811 	0
42.9924 	0.157145 	0.0612959 	1.80811 	0
43.0625 	0.157145 	0.0612959 	1.80811 	0
43.1327 	0.157145 	0.0612959 	1.80811 	0
43.2028 	0.152422 	0.0474686 	1.80616 	0
43.2729 	0.152422 	0.0474686 	1.80616 	0
43.3431 	0.152422 	0.0474686 	1.80616 	0
43.4132 	0.152422 	0.0474686 	1.80616 	0
43.4833 	0.152422 	0.0474686 	1.80616 	0
43.5535 	0.152422 	0.0474686 	1.80616 	0
43.6236 	0.152422 	0.0474686 	1.80616 	0
43.6937 	0.152422 	0.0474686 	1.80616 	0
43.7639 	0.152422 	0.0474686 	1.80616 	0
43.834 	0.152422 	0.0474686 	1.80616 	0
43.9041 	0.152422 	0.0474686 	1.80616 	0
43.9743 	0.152422 	0.0474686 	1.80616 	0
44.0444 	0.152422 	0.0474686 	1.80616 	0
44.1145 	0.152422 	0.0474686 	1.80616 	0
44.1847 	0.152422 	0.0474686 	1.80616 	0
44.2548 	0.152422 	0.0474686 	1.80616 	0
44.3249 	0.152422 	0.0474686 	1.80616 	0
44.3951 	0.152422 	0.0474686 	1.80616 	0
44.4652 	0.146715 	0.0366642 	1.80471 	0
44.5353 	0.146715 	0.0366642 	1.80471 	0
44.6055 	0.146715 	0.0366642 	1.80471 	0
44.6756 	0.146715 	0.0366642 	1.80471 	0
44.7457 	0.146715 	0.0366642 	1.80471 	0
44.8159 	0.146715 	0.0366642 	1.80471 	0
44.886 	0.146715 	0.0366642 	1.80471 	0
44.9561 	0.146715 	0.0366642 	1.80471 	0
45.0263 	0.146715 	0.0366642 	1.80471 	0
45.0964 	0.146715 	0.0366642 	1.80471 	0
45.1665 	0.146715 	0.0366642 	1.80471 	0
45.2367 	0.146715 	0.0366642 	1.80471 	0
45.3068 	0.146715 	0.0366642 	1.80471 	0
45.377 	0.146715 	0.0366642 	1.80471 	0
45.4471 	0.146715 	0.0366642 	1.80471 	0
45.5172 	0.146715 	0.0366642 	1.80471 	0
45.5874 	0.146715 	0.0366642 	1.80471 	0
45.6575 	0.14066 	0.0282282 	1.8033 	0
45.7276 	0.14066 	0.0282282 	1.8033 	0
45.7978 	0.14066 	0.0282282 	1.8033 	0
45.8679 	0.14066 	0.0282282 	1.8033 	0
45.938 	0.14066 	0.0282282 	1.8033 	0
46.0082 	0.14066 	0.0282282 	1.8033 	0
46.0783 	0.14066 	0.0282282 	1.8033 	0
46.1484 	0.14066 	0.0282282 	1.8033 	0
46.2186 	0.14066 	0.0282282 	1.8033 	0
46.2887 	0.14066 	0.0282282 	1.8033 	0
46.3588 	0.14066 	0.0282282 	1.8033 	0
46.429 	0.14066 	0.0282282 	1.8033 	0
46.4991 	0.14066 	0.0282282 	1.8033 	0
46.5692 	0.14066 	0.0282282 	1.8033 	0
46.6394 	0.14066 	0.0282282 	1.8033 	0
46.7095 	0.14066 	0.0282282 	1.8033 	0
46.7796 	0.162453 	0.028248 	1.79341 	0
46.8498 	0.162453 	0.028248 	1.79341 	0
46.9199 	0.151693 	0.0218427 	1.79434 	0
46.99 	0.151693 	0.0218427 	1.79434 	0
47.0602 	0.151693 	0.0218427 	1.79434 	0
47.1303 	0.151693 	0.0218427 	1.79434 	0
47.2004 	0.151693 	0.0218427 	1.79434 	0
47.2706 	0.151693 	0.0218427 	1.79434 	0
47.3407 	0.151693 	0.0218427 	1.79434 	0
47.4108 	0.151693 	0.0218427 	1.79434 	0
47.481 	0.151693 	0.0218427 	1.79434 	0
47.5511 	0.151693 	0.0218427 	1.79434 	0
47.6213 	0.151693 	0.0218427 	1.79434 	0
47.6914 	0.151693 	0.0218427 	1.79434 	0
47.7615 	0.151693 	0.0218427 	1.79434 	0
47.8317 	0.151693 	0.0218427 	1.79434 	0
47.9018 	0.151693 	0.0218427 	1.79434 	0
47.9719 	0.151693 	0.0218427 	1.79434 	0
48.0421 	0.151693 	0.0218427 	1.79434 	0
48.1122 	0.151693 	0.0218427 	1.79434 	0
48.1823 	0.141525 	0.0168891 	1.79505 	0
48.2525 	0.141525 	0.0168891 	1.79505 	0
48.3226 	0.141525 	0.0168891 	1.79505 	0
48.3927 	0.141525 	0.0168891 	1.79505 	0
48.4629 	0.141525 	0.0168891 	1.79505 	0
48.533 	0.141525 	0.0168891 	1.79505 	0
48.6031 	0.141525 	0.0168891 	1.79505 	0
48.6733 	0.141525 	0.0168891 	1.79505 	0
48.7434 	0.141525 	0.0168891 	1.79505 	0
48.8135 	0.141525 	0.0168891 	1.79505 	0
48.8837 	0.141525 	0.0168891 	1.79505 	0
48.9538 	0.141525 	0.0168891 	1.79505 	0
49.0239 	0.141525 	0.0168891 	1.79505 	0
49.0941 	0.141525 	0.0168891 	1.79505 	0
49.1642 	0.141525 	0.0168891 	1.79505 	0
49.2343 	0.141525 	0.0168891 	1.79505 	0
49.3045 	0.141525 	0.0168891 	1.79505 	0
49.3746 	0.1318 	0.0130531 	1.79561 	0
49.4447 	0.1318 	0.0130531 	1.79561 	0
49.5149 	0.1318 	0.0130531 	1.79561 	0
49.585 	0.1318 	0.0130531 	1.79561 	0
49.6551 	0.1318 	0.0130531 	1.79561 	0
49.7253 	0.1318 	0.0130531 	1.79561 	0
49.7954 	0.1318 	0.0130531 	1.79561 	0
49.8656 	0.1318 	0.0130531 	1.79561 	0
49.9357 	0.1318 	0.0130531 	1.79561 	0
50.0058 	0.1318 	0.0130531 	1.79561 	0
50.076 	0.1318 	0.0130531 	1.79561 	0
50.1461 	0.1318 	0.0130531 	1.79561 	0
50.2162 	0.1318 	0.0130531 	1.79561 	0
50.2864 	0.1318 	0.0130531 	1.79561 	0
50.3565 	0.1318 	0.0130531 	1.79561 	0
50.4266 	0.1318 	0.0130531 	1.79561 	0
50.4968 	0.1318 	0.0130531 	1.79561 	0
50.5669 	0.1318 	0.0130531 	1.79561 	0
50.637 	0.122428 	0.0100797 	1.79604 	0
50.7072 	0.122428 	0.0100797 	1.79604 	0
50.7773 	0.122428 	0.0100797 	1.79604 	0
50.8474 	0.122428 	0.0100797 	1.79604 	0
50.9176 	0.122428 	0.0100797 	1.79604 	0
50.9877 	0.122428 	0.0100797 	1.79604 	0
51.0578 	0.122428 	0.0100797 	1.79604 	0
51.128 	0.122428 	0.0100797 	1.79604 	0
51.1981 	0.122428 	0.0100797 	1.79604 	0
51.2682 	0.122428 	0.0100797 	1.79604 	0
51.3384 	0.122428 	0.0100797 	1.79604 	0
51.4085 	0.122428 	0.0100797 	1.79604 	0
51.4786 	0.122428 	0.0100797 	1.79604 	0
51.5488 	0.122428 	0.0100797 	1.79604 	0
51.6189 	0.122428 	0.0100797 	1.79604 	0
51.689 	0.122428 	0.0100797 	1.79604 	0
51.7592 	0.122428 	0.0100797 	1.79604 	0
51.8293 	0.113329 	0.00777785 	1.79637 	0
51.8994 	0.113329 	0.00777785 	1.79637 	0
51.9696 	0.113329 	0.00777785 	1.79637 	0
52.0397 	0.113329 	0.00777785 	1.79637 	0
52.1099 	0.113329 	0.00777785 	1.79637 	0
52.18 	0.113329 	0.00777785 	1.79637 	0
52.2501 	0.113329 	0.00777785 	1.79637 	0
52.3203 	0.113329 	0.00777785 	1.79637 	0
52.3904 	0.113329 	0.00777785 	1.79637 	0
52.4605 	0.113329 	0.00777785 	1.79637 	0
52.5307 	0.113329 	0.00777785 	1.79637 	0
52.6008 	0.113329 	0.00777785 	1.79637 	0
52.6709 	0.113329 	0.00777785 	1.79637 	0
52.7411 	0.113329 	0.00777785 	1.79637 	0
52.8112 	0.113329 	0.00777785 	1.79637 	0
52.8813 	0.113329 	0.00777785 	1.79637 	0
52.9515 	0.113329 	0.00777785 	1.79637 	0
53.0216 	0.113329 	0.00777785 	1.79637 	0
53.0917 	0.104443 	0.0060062 	1.79665 	0
53.1619 	0.104443 	0.0060062 	1.79665 	0
53.232 	0.104443 	0.0060062 	1.79665 	0
53.3021 	0.104443 	0.0060062 	1.79665 	0
53.3723 	0.104443 	0.0060062 	1.79665 	0
53.4424 	0.104443 	0.0060062 	1.79665 	0
53.5125 	0.104443 	0.0060062 	1.79665 	0
53.5827 	0.104443 	0.0060062 	1.79665 	0
53.6528 	0.104443 	0.0060062 	1.79665 	0
53.7229 	0.104443 	0.0060062 	1.79665 	0
53.7931 	0.104443 	0.0060062 	1.79665 	0
53.8632 	0.104443 	0.0060062 	1.79665 	0
53.9333 	0.104443 	0.0060062 	1.79665 	0
54.0035 	0.104443 	0.0060062 	1.79665 	0
54.0736 	0.104443 	0.0060062 	1.79665 	0
54.1437 	0.104443 	0.0060062 	1.79665 	0
54.2139 	0.104443 	0.0060062 	1.79665 	0
54.284 	0.0957147 	0.00463261 	1.79683 	0
54.3542 	0.0957147 	0.00463261 	1.79683 	0
54.4243 	0.0957147 	0.00463261 	1.79683 	0
54.4944 	0.0957147 	0.00463261 	1.79683 	0
54.5646 	0.0957147 	0.00463261 	1.79683 	0
54.6347 	0.0957147 	0.00463261 	1.79683 	0
54.7048 	0.0957147 	0.00463261 	1.79683 	0
54.775 	0.0957147 	0.00463261 	1.79683 	0
54.8451 	0.0957147 	0.00463261 	1.79683 	0
54.9152 	0.0957147 	0.00463261 	1.79683 	0
54.9854 	0.0957147 	0.00463261 	1.79683 	0
55.0555 	0.0957147 	0.00463261 	1.79683 	0
55.1256 	0.0957147 	0.00463261 	1.79683 	0
55.1958 	0.0957147 	0.00463261 	1.79683 	0
55.2659 	0.0957147 	0.00463261 	1.79683 	0
55.336 	0.0957147 	0.00463261 	1.79683 	0
55.4062 	0.0957147 	0.00463261 	1.79683 	0
55.4763 	0.0957147 	0.00463261 	1.79683 	0
55.5464 	0.087118 	0.00359081 	1.79704 	0
55.6166 	0.087118 	0.00359081 	1.79704 	0
55.6867 	0.087118 	0.00359081 	1.79704 	0
55.7568 	0.087118 	0.00359081 	1.79704 	0
55.827 	0.087118 	0.00359081 	1.79704 	0
55.8971 	0.087118 	0.00359081 	1.79704 	0
55.9672 	0.087118 	0.00359081 	1.79704 	0
56.0374 	0.087118 	0.00359081 	1.79704 	0
56.1075 	0.087118 	0.00359081 	1.79704 	0
56.1776 	0.087118 	0.00359081 	1.79704 	0
56.2478 	0.087118 	0.00359081 	1.79704 	0
56.3179 	0.087118 	0.00359081 	1.79704 	0
56.3881 	0.087118 	0.00359081 	1.79704 	0
56.4582 	0.087118 	0.00359081 	1.79704 	0
56.5283 	0.087118 	0.00359081 	1.79704 	0
56.5985 	0.087118 	0.00359081 	1.79704 	0
56.6686 	0.087118 	0.00359081 	1.79704 	0
56.7387 	0.087118 	0.00359081 	1.79704 	0
56.8089 	0.0786192 	0.00276685 	1.7971 	0
56.879 	0.0786192 	0.00276685 	1.7971 	0
56.9491 	0.0786192 	0.00276685 	1.7971 	0
57.0193 	0.0786192 	0.00276685 	1.7971 	0
57.0894 	0.0786192 	0.00276685 	1.7971 	0
57.1595 	0.0786192 	0.00276685 	1.7971 	0
57.2297 	0.0786192 	0.00276685 	1.7971 	0
57.2998 	0.0786192 	0.00276685 	1.7971 	0
57.3699 	0.0786192 	0.00276685 	1.7971 	0
57.4401 	0.0786192 	0.00276685 	1.7971 	0
57.5102 	0.0786192 	0.00276685 	1.7971 	0
57.5803 	0.0786192 	0.00276685 	1.7971 	0
57.6505 	0.0786192 	0.00276685 	1.7971 	0
57.7206 	0.0786192 	0.00276685 	1.7971 	0
57.7907 	0.0786192 	0.00276685 	1.7971 	0
57.8609 	0.0786192 	0.00276685 	1.7971 	0
57.931 	0.0786192 	0.00276685 	1.7971 	0
58.0011 	0.0701937 	0.00215602 	1.79728 	0
58.0713 	0.0701937 	0.00215602 	1.79728 	0
58.1414 	0.0701937 	0.00215602 	1.79728 	0
58.2115 	0.0701937 	0.00215602 	1.79728 	0
58.2817 	0.0701937 	0.00215602 	1.79728 	0
58.3518 	0.0701937 	0.00215602 	1.79728 	0
58.4219 	0.0701937 	0.00215602 	1.79728 	0
58.4921 	0.0701937 	0.00215602 	1.79728 	0
58.5622 	0.0701937 	0.00215602 	1.79728 	0
58.6324 	0.0701937 	0.00215602 	1.79728 	0
58.7025 	0.0701937 	0.00215602 	1.79728 	0
58.7726 	0.0701937 	0.00215602 	1.79728 	0
58.8428 	0.0701937 	0.00215602 	1.79728 	0
58.9129 	0.0701937 	0.00215602 	1.79728 	0
58.983 	0.0701937 	0.00215602 	1.79728 	0
59.0532 	0.0701937 	0.00215602 	1.79728 	0
59.1233 	0.0701937 	0.00215602 	1.79728 	0
59.1934 	0.0701937 	0.00215602 	1.79728 	0
59.2636 	0.0618401 	0.00169014 	1.79727 	0
59.3337 	0.0618401 	0.00169014 	1.79727 	0
59.4038 	0.0618401 	0.00169014 	1.79727 	0
59.474 	0.0618401 	0.00169014 	1.79727 	0
59.5441 	0.0618401 	0.00169014 	1.79727 	0
59.6142 	0.0618401 	0.00169014 	1.79727 	0
59.6844 	0.0618401 	0.00169014 	1.79727 	0
59.7545 	0.0618401 	0.00169014 	1.79727 	0
59.8246 	0.0618401 	0.00169014 	1.79727 	0
59.8948 	0.0618401 	0.00169014 	1.79727 	0
59.9649 	0.0618401 	0.00169014 	1.79727 	0
60.035 	0.0618401 	0.00169014 	1.79727 	0
60.1052 	0.0618401 	0.00169014 	1.79727 	0
60.1753 	0.0618401 	0.00169014 	1.79727 	0
60.2454 	0.0618401 	0.00169014 	1.79727 	0
60.3156 	0.0618401 	0.00169014 	1.79727 	0
60.3857 	0.0618401 	0.00169014 	1.79727 	0
60.4558 	0.0535111 	0.00129005 	1.79742 	0
60.526 	0.0535111 	0.00129005 	1.79742 	0
60.5961 	0.0535111 	0.00129005 	1.79742 	0
60.6662 	0.0535111 	0.00129005 	1.79742 	0
60.7364 	0.0535111 	0.00129005 	1.79742 	0
60.8065 	0.0535111 	0.00129005 	1.79742 	0
60.8767 	0.0535111 	0.00129005 	1.79742 	0
60.9468 	0.0535111 	0.00129005 	1.79742 	0
61.0169 	0.0535111 	0.00129005 	1.79742 	0
61.0871 	0.0535111 	0.00129005 	1.79742 	0
61.1572 	0.0535111 	0.00129005 	1.79742 	0
61.2273 	0.0535111 	0.00129005 	1.79742 	0
61.2975 	0.0535111 	0.00129005 	1.79742 	0
61.3676 	0.0535111 	0.00129005 	1.79742 	0
61.4377 	0.0535111 	0.00129005 	1.79742 	0
61.5079 	0.0535111 	0.00129005 	1.79742 	0
61.578 	0.0535111 	0.00129005 	1.79742 	0
61.6481 	0.0535111 	0.00129005 	1.79742 	0
61.7183 	0.0452402 	0.00108365 	1.7974 	0
61.7884 	0.0452402 	0.00108365 	1.7974 	0
61.8585 	0.0452402 	0.00108365 	1.7974 	0
61.9287 	0.0452402 	0.00108365 	1.7974 	0
61.9988 	0.0452402 	0.00108365 	1.7974 	0
62.0689 	0.0452402 	0.00108365 	1.7974 	0
62.1391 	0.0452402 	0.00108365 	1.7974 	0
62.2092 	0.0452402 	0.00108365 	1.7974 	0
62.2793 	0.0452402 	0.00108365 	1.7974 	0
62.3495 	0.0452402 	0.00108365 	1.7974 	0
62.4196 	0.0452402 	0.00108365 	1.7974 	0
62.4897 	0.0452402 	0.00108365 	1.7974 	0
62.5599 	0.0452402 	0.00108365 	1.7974 	0
62.63 	0.0452402 	0.00108365 	1.7974 	0
62.7001 	0.0452402 	0.00108365 	1.7974 	0
62.7703 	0.0452402 	0.00108365 	1.7974 	0
62.8404 	0.0452402 	0.00108365 	1.7974 	0
62.9105 	0.0369907 	0.000828045 	1.79746 	0
62.9807 	0.0369907 	0.000828045 	1.79746 	0
63.0508 	0.0369907 	0.000828045 	1.79746 	0
63.121 	0.0369907 	0.000828045 	1.79746 	0
63.1911 	0.0369907 	0.000828045 	1.79746 	0
63.2612 	0.0369907 	0.000828045 	1.79746 	0
63.3314 	0.0369907 	0.000828045 	1.79746 	0
63.4015 	0.0369907 	0.000828045 	1.79746 	0
63.4716 	0.0369907 	0.000828045 	1.79746 	0
63.5418 	0.0369907 	0.000828045 	1.79746 	0
63.6119 	0.0369907 	0.000828045 	1.79746 	0
63.682 	0.0369907 	0.000828045 	1.79746 	0
63.7522 	0.0369907 	0.000828045 	1.79746 	0
63.8223 	0.0369907 	0.000828045 	1.79746 	0
63.8924 	0.0369907 	0.000828045 	1.79746 	0
63.9626 	0.0369907 	0.000828045 	1.79746 	0
64.0327 	0.0369907 	0.000828045 	1.79746 	0
64.1028 	0.0369907 	0.000828045 	1.79746 	0
64.173 	0.0287318 	0.000710168 	1.79753 	0
64.2431 	0.0287318 	0.000710168 	1.79753 	0
64.3132 	0.0287318 	0.000710168 	1.79753 	0
64.3834 	0.0287318 	0.000710168 	1.79753 	0
64.4535 	0.0287318 	0.000710168 	1.79753 	0
64.5236 	0.0287318 	0.000710168 	1.79753 	0
64.5938 	0.0287318 	0.000710168 	1.79753 	0
64.6639 	0.0287318 	0.000710168 	1.79753 	0
64.734 	0.0287318 	0.000710168 	1.79753 	0
64.8042 	0.0287318 	0.000710168 	1.79753 	0
64.8743 	0.0287318 	0.000710168 	1.79753 	0
64.9444 	0.0287318 	0.000710168 	1.79753 	0
65.0146 	0.0287318 	0.000710168 	1.79753 	0
65.0847 	0.0287318 	0.000710168 	1.79753 	0
65.1548 	0.0287318 	0.000710168 	1.79753 	0
65.225 	0.0287318 	0.000710168 	1.79753 	0
65.2951 	0.0287318 	0.000710168 	1.79753 	0
65.3653 	0.0287318 	0.000710168 	1.79753 	0
65.4354 	0.0205436 	0.000587861 	1.79752 	0
65.5055 	0.0205436 	0.000587861 	1.79752 	0
65.5757 	0.0205436 	0.000587861 	1.79752 	0
65.6458 	0.0205436 	0.000587861 	1.79752 	0
65.7159 	0.0205436 	0.000587861 	1.79752 	0
65.7861 	0.0205436 	0.000587861 	1.79752 	0
65.8562 	0.0205436 	0.000587861 	1.79752 	0
65.9263 	0.0205436 	0.000587861 	1.79752 	0
65.9965 	0.0205436 	0.000587861 	1.79752 	0
66.0666 	0.0205436 	0.000587861 	1.79752 	0
66.1367 	0.0205436 	0.000587861 	1.79752 	0
66.2069 	0.0205436 	0.000587861 	1.79752 	0
66.277 	0.0205436 	0.000587861 	1.79752 	0
66.3471 	0.0205436 	0.000587861 	1.79752 	0
66.4173 	0.0205436 	0.000587861 	1.79752 	0
66.4874 	0.0205436 	0.000587861 	1.79752 	0
66.5575 	0.0205436 	0.000587861 	1.79752 	0
66.6277 	0.0123245 	0.000586151 	1.79755 	0
66.6978 	0.0123245 	0.000586151 	1.79755 	0
66.7679 	0.0123245 	0.000586151 	1.79755 	0
66.8381 	0.0123245 	0.000586151 	1.79755 	0
66.9082 	0.0123245 	0.000586151 	1.79755 	0
66.9783 	0.0123245 	0.000586151 	1.79755 	0
67.0485 	0.0123245 	0.000586151 	1.79755 	0
67.1186 	0.0123245 	0.000586151 	1.79755 	0
67.1887 	0.0123245 	0.000586151 	1.79755 	0
67.2589 	0.0123245 	0.000586151 	1.79755 	0
67.329 	0.0123245 	0.000586151 	1.79755 	0
67.3991 	0.0123245 	0.000586151 	1.79755 	0
67.4693 	0.0123245 	0.000586151 	1.79755 	0
67.5394 	0.0123245 	0.000586151 	1.79755 	0
67.6096 	0.0123245 	0.000586151 	1.79755 	0
67.6797 	0.0123245 	0.000586151 	1.79755 	0
67.7498 	0.0123245 	0.000586151 	1.79755 	0
67.82 	0.0123245 	0.000586151 	1.79755 	0
67.8901 	0.00410007 	0.000535951 	1.7976 	0
67.9602 	0.00410007 	0.000535951 	1.7976 	0
68.0304 	0.00410007 	0.000535951 	1.7976 	0
68.1005 	0.00410007 	0.000535951 	1.7976 	0
68.1706 	0.00410007 	0.000535951 	1.7976 	0
68.2408 	0.00410007 	0.000535951 	1.7976 	0
68.3109 	0.00410007 	0.000535951 	1.7976 	0
68.381 	0.00410007 	0.000535951 	1.7976 	0
68.4512 	0.00410007 	0.000535951 	1.7976 	0
68.5213 	0.00410007 	0.000535951 	1.7976 	0
68.5914 	0.00410007 	0.000535951 	1.7976 	0
68.6616 	0.00410007 	0.000535951 	1.7976 	0
68.7317 	0.00410007 	0.000535951 	1.7976 	0
68.8018 	0.00410007 	0.000535951 	1.7976 	0
68.872 	0.00410007 	0.000535951 	1.7976 	0
68.9421 	0.00410007 	0.000535951 	1.7976 	0
69.0122 	0.00410007 	0.000535951 	1.7976 	0
