0.490941 	2.74783 	0.00434673 	3.00033 	-3.89753e-20
0.561075 	2.74783 	0.00434673 	3.00033 	-3.89753e-20
0.63121 	2.74783 	0.00434673 	3.00033 	-3.89753e-20
0.701344 	2.74783 	0.00434673 	3.00033 	-3.89753e-20
0.771478 	2.74783 	0.00434673 	3.00033 	-3.89753e-20
0.841613 	2.74783 	0.00434673 	3.00033 	-3.89753e-20
0.911747 	2.7228 	0.0145056 	3.00801 	-9.02412e-20
0.981881 	2.7228 	0.0145056 	3.00801 	-9.02412e-20
1.05202 	2.7228 	0.0145056 	3.00801 	-9.02412e-20
1.12215 	2.7228 	0.0145056 	3.00801 	-9.02412e-20
1.19228 	2.7228 	0.0145056 	3.00801 	-9.02412e-20
1.26242 	2.7228 	0.0145056 	3.00801 	-9.02412e-20
1.33255 	2.67884 	0.0193014 	3.02331 	9.01793e-20
1.40269 	2.67884 	0.0193014 	3.02331 	9.01793e-20
1.47282 	2.67884 	0.0193014 	3.02331 	9.01793e-20
1.54296 	2.67884 	0.0193014 	3.02331 	9.01793e-20
1.61309 	2.67884 	0.0193014 	3.02331 	9.01793e-20
1.68323 	2.67884 	0.0193014 	3.02331 	9.01793e-20
1.75336 	2.61849 	0.0247369 	3.04252 	4.36325e-20
1.82349 	2.61849 	0.0247369 	3.04252 	4.36325e-20
1.89363 	2.61849 	0.0247369 	3.04252 	4.36325e-20
1.96376 	2.61849 	0.0247369 	3.04252 	4.36325e-20
2.0339 	2.61849 	0.0247369 	3.04252 	4.36325e-20
2.10403 	2.61849 	0.0247369 	3.04252 	4.36325e-20
2.17417 	2.54723 	0.0242459 	3.06668 	0
2.2443 	2.54723 	0.0242459 	3.06668 	0
2.31443 	2.54723 	0.0242459 	3.06668 	0
2.38457 	2.54723 	0.0242459 	3.06668 	0
2.4547 	2.54723 	0.0242459 	3.06668 	0
2.52484 	2.54723 	0.0242459 	3.06668 	0
2.59497 	2.4709 	0.0256761 	3.09073 	-2.03305e-19
2.66511 	2.4709 	0.0256761 	3.09073 	-2.03305e-19
2.73524 	2.4709 	0.0256761 	3.09073 	-2.03305e-19
2.80538 	2.4709 	0.0256761 	3.09073 	-2.03305e-19
2.87551 	2.4709 	0.0256761 	3.09073 	-2.03305e-19
2.94564 	2.4709 	0.0256761 	3.09073 	-2.03305e-19
3.01578 	2.39459 	0.0233622 	3.11625 	1.62023e-19
3.08591 	2.39459 	0.0233622 	3.11625 	1.62023e-19
3.15605 	2.39459 	0.0233622 	3.11625 	1.62023e-19
3.22618 	2.39459 	0.0233622 	3.11625 	1.62023e-19
3.29632 	2.39459 	0.0233622 	3.11625 	1.62023e-19
3.36645 	2.39459 	0.0233622 	3.11625 	1.62023e-19
3.43659 	2.32012 	0.0250072 	3.13924 	-3.03967e-19
3.50672 	2.32012 	0.0250072 	3.13924 	-3.03967e-19
3.57685 	2.32012 	0.0250072 	3.13924 	-3.03967e-19
3.64699 	2.32012 	0.0250072 	3.13924 	-3.03967e-19
3.71712 	2.32012 	0.0250072 	3.13924 	-3.03967e-19
3.78726 	2.31221 	0.0142039 	3.13799 	-3.3777e-19
3.85739 	2.23903 	0.0119833 	3.16284 	6.26507e-19
3.92753 	2.23903 	0.0119833 	3.16284 	6.26507e-19
3.99766 	2.23903 	0.0119833 	3.16284 	6.26507e-19
4.06779 	2.23903 	0.0119833 	3.16284 	6.26507e-19
4.13793 	2.23903 	0.0119833 	3.16284 	6.26507e-19
4.20806 	2.23903 	0.0119833 	3.16284 	6.26507e-19
4.2782 	2.16783 	0.014422 	3.18371 	-3.61435e-19
4.34833 	2.16783 	0.014422 	3.18371 	-3.61435e-19
4.41847 	2.16783 	0.014422 	3.18371 	-3.61435e-19
4.4886 	2.16783 	0.014422 	3.18371 	-3.61435e-19
4.55874 	2.16783 	0.014422 	3.18371 	-3.61435e-19
4.62887 	2.16783 	0.014422 	3.18371 	-3.61435e-19
4.699 	2.16783 	0.014422 	3.18371 	-3.61435e-19
4.76914 	2.09843 	0.0119783 	3.20719 	-2.71786e-19
4.83927 	2.09843 	0.0119783 	3.20719 	-2.71786e-19
4.90941 	2.09843 	0.0119783 	3.20719 	-2.71786e-19
4.97954 	2.09843 	0.0119783 	3.20719 	-2.71786e-19
5.04968 	2.09843 	0.0119783 	3.20719 	-2.71786e-19
5.11981 	2.09843 	0.0119783 	3.20719 	-2.71786e-19
5.18994 	2.03072 	0.0141888 	3.22652 	2.38362e-19
5.26008 	2.03072 	0.0141888 	3.22652 	2.38362e-19
5.33021 	2.03072 	0.0141888 	3.22652 	2.38362e-19
5.40035 	2.03072 	0.0141888 	3.22652 	2.38362e-19
5.47048 	2.03072 	0.0141888 	3.22652 	2.38362e-19
5.54062 	2.03072 	0.0141888 	3.22652 	2.38362e-19
5.61075 	1.96562 	0.011455 	3.24854 	-4.7672e-19
5.68089 	1.96562 	0.011455 	3.24854 	-4.7672e-19
5.75102 	1.96562 	0.011455 	3.24854 	-4.7672e-19
5.82115 	1.96562 	0.011455 	3.24854 	-4.7672e-19
5.89129 	1.96562 	0.011455 	3.24854 	-4.7672e-19
5.96142 	1.96562 	0.011455 	3.24854 	-4.7672e-19
6.03156 	1.90368 	0.0138692 	3.26568 	5.08724e-19
6.10169 	1.90368 	0.0138692 	3.26568 	5.08724e-19
6.17183 	1.90368 	0.0138692 	3.26568 	5.08724e-19
6.24196 	1.90368 	0.0138692 	3.26568 	5.08724e-19
6.3121 	1.90368 	0.0138692 	3.26568 	5.08724e-19
6.38223 	1.90368 	0.0138692 	3.26568 	5.08724e-19
6.45236 	1.84578 	0.011359 	3.28544 	3.02435e-20
6.5225 	1.84578 	0.011359 	3.28544 	3.02435e-20
6.59263 	1.84578 	0.011359 	3.28544 	3.02435e-20
6.66277 	1.84578 	0.011359 	3.28544 	3.02435e-20
6.7329 	1.84578 	0.011359 	3.28544 	3.02435e-20
6.80304 	1.84578 	0.011359 	3.28544 	3.02435e-20
6.87317 	1.79195 	0.0143879 	3.29972 	-2.93468e-20
6.9433 	1.79195 	0.0143879 	3.29972 	-2.93468e-20
7.01344 	1.79195 	0.0143879 	3.29972 	-2.93468e-20
7.08357 	1.79195 	0.0143879 	3.29972 	-2.93468e-20
7.15371 	1.79195 	0.0143879 	3.29972 	-2.93468e-20
7.22384 	1.79195 	0.0143879 	3.29972 	-2.93468e-20
7.29398 	1.7424 	0.0122741 	3.31698 	0
7.36411 	1.7424 	0.0122741 	3.31698 	0
7.43425 	1.7424 	0.0122741 	3.31698 	0
7.50438 	1.7424 	0.0122741 	3.31698 	0
7.57451 	1.7424 	0.0122741 	3.31698 	0
7.64465 	1.7424 	0.0122741 	3.31698 	0
7.71478 	1.7424 	0.0122741 	3.31698 	0
7.78492 	1.6966 	0.0159805 	3.32849 	0
7.85505 	1.6966 	0.0159805 	3.32849 	0
7.92519 	1.6966 	0.0159805 	3.32849 	0
7.99532 	1.6966 	0.0159805 	3.32849 	0
8.06545 	1.6966 	0.0159805 	3.32849 	0
8.13559 	1.6966 	0.0159805 	3.32849 	0
8.20572 	1.65438 	0.0142727 	3.34365 	0
8.27586 	1.65438 	0.0142727 	3.34365 	0
8.34599 	1.65438 	0.0142727 	3.34365 	0
8.41613 	1.65438 	0.0142727 	3.34365 	0
8.48626 	1.65438 	0.0142727 	3.34365 	0
8.5564 	1.65438 	0.0142727 	3.34365 	0
8.62653 	1.61503 	0.0188217 	3.35288 	2.2216e-22
8.69666 	1.61503 	0.0188217 	3.35288 	2.2216e-22
8.7668 	1.61503 	0.0188217 	3.35288 	2.2216e-22
8.83693 	1.61503 	0.0188217 	3.35288 	2.2216e-22
8.90707 	1.61503 	0.0188217 	3.35288 	2.2216e-22
8.9772 	1.61503 	0.0188217 	3.35288 	2.2216e-22
9.04734 	1.57835 	0.0177276 	3.36657 	-3.84141e-19
9.11747 	1.57835 	0.0177276 	3.36657 	-3.84141e-19
9.18761 	1.57835 	0.0177276 	3.36657 	-3.84141e-19
9.25774 	1.56362 	0.0137646 	3.36924 	-3.48629e-20
9.32787 	1.56362 	0.0137646 	3.36924 	-3.48629e-20
9.39801 	1.56362 	0.0137646 	3.36924 	-3.48629e-20
9.46814 	1.56362 	0.0137646 	3.36924 	-3.48629e-20
9.53828 	1.52796 	0.0206425 	3.37777 	-3.99915e-19
9.60841 	1.52796 	0.0206425 	3.37777 	-3.99915e-19
9.67855 	1.52796 	0.0206425 	3.37777 	-3.99915e-19
9.74868 	1.52796 	0.0206425 	3.37777 	-3.99915e-19
9.81881 	1.52796 	0.0206425 	3.37777 	-3.99915e-19
9.88895 	1.52796 	0.0206425 	3.37777 	-3.99915e-19
9.95908 	1.49382 	0.0206358 	3.39012 	-2.42873e-20
10.0292 	1.49382 	0.0206358 	3.39012 	-2.42873e-20
10.0994 	1.49382 	0.0206358 	3.39012 	-2.42873e-20
10.1695 	1.49382 	0.0206358 	3.39012 	-2.42873e-20
10.2396 	1.49382 	0.0206358 	3.39012 	-2.42873e-20
10.3098 	1.49382 	0.0206358 	3.39012 	-2.42873e-20
10.3799 	1.46063 	0.0296144 	3.3976 	3.73394e-19
10.45 	1.46063 	0.0296144 	3.3976 	3.73394e-19
10.5202 	1.46063 	0.0296144 	3.3976 	3.73394e-19
10.5903 	1.46063 	0.0296144 	3.3976 	3.73394e-19
10.6604 	1.46063 	0.0296144 	3.3976 	3.73394e-19
10.7306 	1.46063 	0.0296144 	3.3976 	3.73394e-19
10.8007 	1.42822 	0.0315673 	3.40962 	-3.96642e-19
10.8708 	1.42822 	0.0315673 	3.40962 	-3.96642e-19
10.941 	1.42822 	0.0315673 	3.40962 	-3.96642e-19
11.0111 	1.42822 	0.0315673 	3.40962 	-3.96642e-19
11.0812 	1.42822 	0.0315673 	3.40962 	-3.96642e-19
11.1514 	1.42822 	0.0315673 	3.40962 	-3.96642e-19
11.2215 	1.42822 	0.0315673 	3.40962 	-3.96642e-19
11.2916 	1.3959 	0.0439107 	3.41646 	-7.12536e-19
11.3618 	1.3959 	0.0439107 	3.41646 	-7.12536e-19
11.4319 	1.3959 	0.0439107 	3.41646 	-7.12536e-19
11.502 	1.3959 	0.0439107 	3.41646 	-7.12536e-19
11.5722 	1.3959 	0.0439107 	3.41646 	-7.12536e-19
11.6423 	1.3959 	0.0439107 	3.41646 	-7.12536e-19
11.7124 	1.36321 	0.0491614 	3.42873 	6.88781e-19
11.7826 	1.36321 	0.0491614 	3.42873 	6.88781e-19
11.8527 	1.36321 	0.0491614 	3.42873 	6.88781e-19
11.9228 	1.36321 	0.0491614 	3.42873 	6.88781e-19
11.993 	1.36321 	0.0491614 	3.42873 	6.88781e-19
12.0631 	1.36321 	0.0491614 	3.42873 	6.88781e-19
12.1332 	1.32904 	0.066937 	3.43577 	0
12.2034 	1.32904 	0.066937 	3.43577 	0
12.2735 	1.32904 	0.066937 	3.43577 	0
12.3437 	1.32904 	0.066937 	3.43577 	0
12.4138 	1.32904 	0.066937 	3.43577 	0
12.4839 	1.32904 	0.066937 	3.43577 	0
12.5541 	1.32904 	0.066937 	3.43577 	0
12.6242 	1.29253 	0.0765043 	3.449 	-2.04116e-20
12.6943 	1.29253 	0.0765043 	3.449 	-2.04116e-20
12.7645 	1.29253 	0.0765043 	3.449 	-2.04116e-20
12.8346 	1.29253 	0.0765043 	3.449 	-2.04116e-20
12.9047 	1.29253 	0.0765043 	3.449 	-2.04116e-20
12.9749 	1.29253 	0.0765043 	3.449 	-2.04116e-20
13.045 	1.25252 	0.102111 	3.45743 	2.05018e-20
13.1151 	1.25252 	0.102111 	3.45743 	2.05018e-20
13.1853 	1.25252 	0.102111 	3.45743 	2.05018e-20
13.2554 	1.25252 	0.102111 	3.45743 	2.05018e-20
13.3255 	1.25252 	0.102111 	3.45743 	2.05018e-20
13.3957 	1.25252 	0.102111 	3.45743 	2.05018e-20
13.4658 	1.25252 	0.102111 	3.45743 	2.05018e-20
13.5359 	1.20868 	0.116828 	3.47226 	0
13.6061 	1.20868 	0.116828 	3.47226 	0
13.6762 	1.20868 	0.116828 	3.47226 	0
13.7463 	1.20868 	0.116828 	3.47226 	0
13.8165 	1.20868 	0.116828 	3.47226 	0
13.8866 	1.20868 	0.116828 	3.47226 	0
13.9567 	1.16139 	0.165651 	3.48627 	8.87606e-22
14.0269 	1.16139 	0.165651 	3.48627 	8.87606e-22
14.097 	1.16139 	0.165651 	3.48627 	8.87606e-22
14.1671 	1.16139 	0.165651 	3.48627 	8.87606e-22
14.2373 	1.16139 	0.165651 	3.48627 	8.87606e-22
14.3074 	1.16139 	0.165651 	3.48627 	8.87606e-22
14.3776 	1.13881 	0.16406 	3.49074 	2.27368e-19
14.4477 	1.03292 	0.166346 	3.51983 	-3.61332e-20
14.5178 	1.03292 	0.166346 	3.51983 	-3.61332e-20
14.588 	1.03292 	0.166346 	3.51983 	-3.61332e-20
14.6581 	1.05265 	0.18052 	3.51263 	0
14.7282 	1.05265 	0.18052 	3.51263 	0
14.7984 	0.964247 	0.195789 	3.53811 	-3.941e-19
14.8685 	0.995426 	0.220607 	3.52751 	-3.85548e-19
14.9386 	0.995426 	0.220607 	3.52751 	-3.85548e-19
15.0088 	0.995426 	0.220607 	3.52751 	-3.85548e-19
15.0789 	0.995426 	0.220607 	3.52751 	-3.85548e-19
15.149 	1.03397 	0.238953 	3.51614 	4.00021e-19
15.2192 	0.932459 	0.256954 	3.55234 	3.71352e-19
15.2893 	0.932459 	0.256954 	3.55234 	3.71352e-19
15.3594 	0.932459 	0.256954 	3.55234 	3.71352e-19
15.4296 	0.970518 	0.279178 	3.5308 	-1.07677e-18
15.4997 	0.970518 	0.279178 	3.5308 	-1.07677e-18
15.5698 	0.8693 	0.294582 	3.56103 	6.39999e-19
15.64 	0.8693 	0.294582 	3.56103 	6.39999e-19
15.7101 	0.8693 	0.294582 	3.56103 	6.39999e-19
15.7802 	0.912067 	0.314652 	3.55439 	-1.01242e-18
15.8504 	0.912067 	0.314652 	3.55439 	-1.01242e-18
15.9205 	0.810903 	0.334146 	3.56884 	-3.11367e-19
15.9906 	0.810903 	0.334146 	3.56884 	-3.11367e-19
16.0608 	0.810903 	0.334146 	3.56884 	-3.11367e-19
16.1309 	0.865185 	0.361095 	3.54895 	0
16.201 	0.865185 	0.361095 	3.54895 	0
16.2712 	0.764744 	0.37408 	3.58388 	0
16.3413 	0.764744 	0.37408 	3.58388 	0
16.4114 	0.764744 	0.37408 	3.58388 	0
16.4816 	0.764744 	0.37408 	3.58388 	0
16.5517 	0.837549 	0.392103 	3.55985 	-4.92062e-19
16.6219 	0.743372 	0.427451 	3.58333 	5.80234e-20
16.692 	0.743372 	0.427451 	3.58333 	5.80234e-20
16.7621 	0.743372 	0.427451 	3.58333 	5.80234e-20
16.8323 	0.743372 	0.427451 	3.58333 	5.80234e-20
16.9024 	0.743372 	0.427451 	3.58333 	5.80234e-20
16.9725 	0.751391 	0.470725 	3.57636 	0
17.0427 	0.751391 	0.470725 	3.57636 	0
17.1128 	0.751391 	0.470725 	3.57636 	0
17.1829 	0.751391 	0.470725 	3.57636 	0
17.2531 	0.671597 	0.501632 	3.59302 	0
17.3232 	0.671597 	0.501632 	3.59302 	0
17.3933 	0.671597 	0.501632 	3.59302 	0
17.4635 	0.779661 	0.529211 	3.57376 	4.33308e-19
17.5336 	0.779661 	0.529211 	3.57376 	4.33308e-19
17.6037 	0.710081 	0.549292 	3.58158 	0
17.6739 	0.710081 	0.549292 	3.58158 	0
17.744 	0.710081 	0.549292 	3.58158 	0
17.8141 	0.710081 	0.549292 	3.58158 	0
17.8843 	0.710081 	0.549292 	3.58158 	0
17.9544 	0.756636 	0.60745 	3.56947 	4.90691e-19
18.0245 	0.756636 	0.60745 	3.56947 	4.90691e-19
18.0947 	0.756636 	0.60745 	3.56947 	4.90691e-19
18.1648 	0.756636 	0.60745 	3.56947 	4.90691e-19
18.2349 	0.699823 	0.625328 	3.57882 	-6.69304e-19
18.3051 	0.699823 	0.625328 	3.57882 	-6.69304e-19
18.3752 	0.699823 	0.625328 	3.57882 	-6.69304e-19
18.4453 	0.699823 	0.625328 	3.57882 	-6.69304e-19
18.5155 	0.699823 	0.625328 	3.57882 	-6.69304e-19
18.5856 	0.74515 	0.665113 	3.55818 	-9.45028e-19
18.6557 	0.74515 	0.665113 	3.55818 	-9.45028e-19
18.7259 	0.74515 	0.665113 	3.55818 	-9.45028e-19
18.796 	0.74515 	0.665113 	3.55818 	-9.45028e-19
18.8662 	0.691406 	0.684638 	3.56923 	8.91556e-19
18.9363 	0.691406 	0.684638 	3.56923 	8.91556e-19
19.0064 	0.691406 	0.684638 	3.56923 	8.91556e-19
19.0766 	0.691406 	0.684638 	3.56923 	8.91556e-19
19.1467 	0.691406 	0.684638 	3.56923 	8.91556e-19
19.2168 	0.640597 	0.715304 	3.58618 	2.41905e-19
19.287 	0.741339 	0.705674 	3.53574 	5.16473e-19
19.3571 	0.741339 	0.705674 	3.53574 	5.16473e-19
19.4272 	0.741339 	0.705674 	3.53574 	5.16473e-19
19.4974 	0.741339 	0.705674 	3.53574 	5.16473e-19
19.5675 	0.689488 	0.730859 	3.55217 	1.9795e-19
19.6376 	0.689488 	0.730859 	3.55217 	1.9795e-19
19.7078 	0.689488 	0.730859 	3.55217 	1.9795e-19
19.7779 	0.689488 	0.730859 	3.55217 	1.9795e-19
19.848 	0.689488 	0.730859 	3.55217 	1.9795e-19
19.9182 	0.639016 	0.763952 	3.57264 	-2.334e-19
19.9883 	0.639016 	0.763952 	3.57264 	-2.334e-19
20.0584 	0.743197 	0.731043 	3.48423 	0
20.1286 	0.743197 	0.731043 	3.48423 	0
20.1987 	0.743197 	0.731043 	3.48423 	0
20.2688 	0.691014 	0.760021 	3.51601 	2.1455e-19
20.339 	0.691014 	0.760021 	3.51601 	2.1455e-19
20.4091 	0.691014 	0.760021 	3.51601 	2.1455e-19
20.4792 	0.691014 	0.760021 	3.51601 	2.1455e-19
20.5494 	0.691014 	0.760021 	3.51601 	2.1455e-19
20.6195 	0.639981 	0.797635 	3.54766 	-2.97218e-20
20.6896 	0.639981 	0.797635 	3.54766 	-2.97218e-20
20.7598 	0.639981 	0.797635 	3.54766 	-2.97218e-20
20.8299 	0.639981 	0.797635 	3.54766 	-2.97218e-20
20.9 	0.743059 	0.738202 	3.33721 	9.61324e-19
20.9702 	0.692537 	0.771312 	3.41033 	5.06426e-19
21.0403 	0.692537 	0.771312 	3.41033 	5.06426e-19
21.1105 	0.692537 	0.771312 	3.41033 	5.06426e-19
21.1806 	0.692537 	0.771312 	3.41033 	5.06426e-19
21.2507 	0.692537 	0.771312 	3.41033 	5.06426e-19
21.3209 	0.641379 	0.811998 	3.47023 	-3.26611e-19
21.391 	0.641379 	0.811998 	3.47023 	-3.26611e-19
21.4611 	0.641379 	0.811998 	3.47023 	-3.26611e-19
21.5313 	0.641379 	0.811998 	3.47023 	-3.26611e-19
21.6014 	0.641379 	0.811998 	3.47023 	-3.26611e-19
21.6715 	0.641379 	0.811998 	3.47023 	-3.26611e-19
21.7417 	0.592347 	0.840111 	3.50589 	1.23844e-19
21.8118 	0.592347 	0.840111 	3.50589 	1.23844e-19
21.8819 	0.592347 	0.840111 	3.50589 	1.23844e-19
21.9521 	0.671578 	0.7565 	3.1362 	1.6814e-19
22.0222 	0.671578 	0.7565 	3.1362 	1.6814e-19
22.0923 	0.634529 	0.800596 	3.25135 	6.8832e-19
22.1625 	0.634529 	0.800596 	3.25135 	6.8832e-19
22.2326 	0.634529 	0.800596 	3.25135 	6.8832e-19
22.3027 	0.634529 	0.800596 	3.25135 	6.8832e-19
22.3729 	0.634529 	0.800596 	3.25135 	6.8832e-19
22.443 	0.634529 	0.800596 	3.25135 	6.8832e-19
22.5131 	0.593729 	0.835594 	3.34071 	-3.7631e-20
22.5833 	0.593729 	0.835594 	3.34071 	-3.7631e-20
22.6534 	0.593729 	0.835594 	3.34071 	-3.7631e-20
22.7235 	0.593729 	0.835594 	3.34071 	-3.7631e-20
22.7937 	0.593729 	0.835594 	3.34071 	-3.7631e-20
22.8638 	0.549087 	0.874798 	3.4087 	-3.73825e-19
22.9339 	0.549087 	0.874798 	3.4087 	-3.73825e-19
23.0041 	0.549087 	0.874798 	3.4087 	-3.73825e-19
23.0742 	0.599879 	0.733066 	2.70586 	5.71966e-19
23.1443 	0.599879 	0.733066 	2.70586 	5.71966e-19
23.2145 	0.599879 	0.733066 	2.70586 	5.71966e-19
23.2846 	0.561438 	0.781901 	2.88354 	9.75742e-20
23.3548 	0.561438 	0.781901 	2.88354 	9.75742e-20
23.4249 	0.561438 	0.781901 	2.88354 	9.75742e-20
23.495 	0.561438 	0.781901 	2.88354 	9.75742e-20
23.5652 	0.561438 	0.781901 	2.88354 	9.75742e-20
23.6353 	0.561438 	0.781901 	2.88354 	9.75742e-20
23.7054 	0.522894 	0.821222 	2.9876 	1.87254e-19
23.7756 	0.522894 	0.821222 	2.9876 	1.87254e-19
23.8457 	0.522894 	0.821222 	2.9876 	1.87254e-19
23.9158 	0.522894 	0.821222 	2.9876 	1.87254e-19
23.986 	0.522894 	0.821222 	2.9876 	1.87254e-19
24.0561 	0.522894 	0.821222 	2.9876 	1.87254e-19
24.1262 	0.485639 	0.866906 	3.12557 	0
24.1964 	0.485639 	0.866906 	3.12557 	0
24.2665 	0.485639 	0.866906 	3.12557 	0
24.3366 	0.485639 	0.866906 	3.12557 	0
24.4068 	0.485639 	0.866906 	3.12557 	0
24.4769 	0.527428 	0.676603 	2.23507 	3.90772e-19
24.547 	0.527428 	0.676603 	2.23507 	3.90772e-19
24.6172 	0.491768 	0.704179 	2.30402 	4.73682e-19
24.6873 	0.491768 	0.704179 	2.30402 	4.73682e-19
24.7574 	0.491768 	0.704179 	2.30402 	4.73682e-19
24.8276 	0.491768 	0.704179 	2.30402 	4.73682e-19
24.8977 	0.491768 	0.704179 	2.30402 	4.73682e-19
24.9678 	0.491768 	0.704179 	2.30402 	4.73682e-19
25.038 	0.458039 	0.751522 	2.46057 	-1.6091e-19
25.1081 	0.458039 	0.751522 	2.46057 	-1.6091e-19
25.1782 	0.458039 	0.751522 	2.46057 	-1.6091e-19
25.2484 	0.458039 	0.751522 	2.46057 	-1.6091e-19
25.3185 	0.458039 	0.751522 	2.46057 	-1.6091e-19
25.3886 	0.458039 	0.751522 	2.46057 	-1.6091e-19
25.4588 	0.425758 	0.777165 	2.52093 	0
25.5289 	0.425758 	0.777165 	2.52093 	0
25.5991 	0.425758 	0.777165 	2.52093 	0
25.6692 	0.425758 	0.777165 	2.52093 	0
25.7393 	0.425758 	0.777165 	2.52093 	0
25.8095 	0.425758 	0.777165 	2.52093 	0
25.8796 	0.425758 	0.777165 	2.52093 	0
25.9497 	0.395442 	0.823683 	2.65618 	2.36967e-19
26.0199 	0.395442 	0.823683 	2.65618 	2.36967e-19
26.09 	0.41941 	0.626938 	1.90286 	2.19001e-19
26.1601 	0.41941 	0.626938 	1.90286 	2.19001e-19
26.2303 	0.41941 	0.626938 	1.90286 	2.19001e-19
26.3004 	0.41941 	0.626938 	1.90286 	2.19001e-19
26.3705 	0.41941 	0.626938 	1.90286 	2.19001e-19
26.4407 	0.394048 	0.642252 	1.93065 	-4.92137e-19
26.5108 	0.394048 	0.642252 	1.93065 	-4.92137e-19
26.5809 	0.394048 	0.642252 	1.93065 	-4.92137e-19
26.6511 	0.394048 	0.642252 	1.93065 	-4.92137e-19
26.7212 	0.394048 	0.642252 	1.93065 	-4.92137e-19
26.7913 	0.394048 	0.642252 	1.93065 	-4.92137e-19
26.8615 	0.394048 	0.642252 	1.93065 	-4.92137e-19
26.9316 	0.370651 	0.666386 	1.99705 	2.84463e-19
27.0017 	0.370651 	0.666386 	1.99705 	2.84463e-19
27.0719 	0.370651 	0.666386 	1.99705 	2.84463e-19
27.142 	0.370651 	0.666386 	1.99705 	2.84463e-19
27.2121 	0.370651 	0.666386 	1.99705 	2.84463e-19
27.2823 	0.370651 	0.666386 	1.99705 	2.84463e-19
27.3524 	0.347004 	0.679166 	2.01502 	7.74962e-20
27.4225 	0.347004 	0.679166 	2.01502 	7.74962e-20
27.4927 	0.347004 	0.679166 	2.01502 	7.74962e-20
27.5628 	0.347004 	0.679166 	2.01502 	7.74962e-20
27.6329 	0.347004 	0.679166 	2.01502 	7.74962e-20
27.7031 	0.347004 	0.679166 	2.01502 	7.74962e-20
27.7732 	0.347004 	0.679166 	2.01502 	7.74962e-20
27.8434 	0.347004 	0.679166 	2.01502 	7.74962e-20
27.9135 	0.324236 	0.700311 	2.06057 	7.16404e-20
27.9836 	0.324236 	0.700311 	2.06057 	7.16404e-20
28.0538 	0.324236 	0.700311 	2.06057 	7.16404e-20
28.1239 	0.324236 	0.700311 	2.06057 	7.16404e-20
28.194 	0.324236 	0.700311 	2.06057 	7.16404e-20
28.2642 	0.324236 	0.700311 	2.06057 	7.16404e-20
28.3343 	0.314587 	0.57445 	1.68509 	-7.05106e-20
28.4044 	0.292586 	0.57494 	1.69376 	1.39051e-19
28.4746 	0.292586 	0.57494 	1.69376 	1.39051e-19
28.5447 	0.292586 	0.57494 	1.69376 	1.39051e-19
28.6148 	0.292586 	0.57494 	1.69376 	1.39051e-19
28.685 	0.292586 	0.57494 	1.69376 	1.39051e-19
28.7551 	0.292586 	0.57494 	1.69376 	1.39051e-19
28.8252 	0.292586 	0.57494 	1.69376 	1.39051e-19
28.8954 	0.292586 	0.57494 	1.69376 	1.39051e-19
28.9655 	0.273752 	0.5846 	1.70311 	1.13991e-19
29.0356 	0.273752 	0.5846 	1.70311 	1.13991e-19
29.1058 	0.273752 	0.5846 	1.70311 	1.13991e-19
29.1759 	0.273752 	0.5846 	1.70311 	1.13991e-19
29.246 	0.273752 	0.5846 	1.70311 	1.13991e-19
29.3162 	0.273752 	0.5846 	1.70311 	1.13991e-19
29.3863 	0.273752 	0.5846 	1.70311 	1.13991e-19
29.4564 	0.258624 	0.586715 	1.69797 	-1.05279e-19
29.5266 	0.258624 	0.586715 	1.69797 	-1.05279e-19
29.5967 	0.258624 	0.586715 	1.69797 	-1.05279e-19
29.6668 	0.258624 	0.586715 	1.69797 	-1.05279e-19
29.737 	0.258624 	0.586715 	1.69797 	-1.05279e-19
29.8071 	0.258624 	0.586715 	1.69797 	-1.05279e-19
29.8773 	0.258624 	0.586715 	1.69797 	-1.05279e-19
29.9474 	0.258624 	0.586715 	1.69797 	-1.05279e-19
30.0175 	0.249437 	0.594737 	1.6963 	1.03638e-19
30.0877 	0.249437 	0.594737 	1.6963 	1.03638e-19
30.1578 	0.249437 	0.594737 	1.6963 	1.03638e-19
30.2279 	0.249437 	0.594737 	1.6963 	1.03638e-19
30.2981 	0.249437 	0.594737 	1.6963 	1.03638e-19
30.3682 	0.249437 	0.594737 	1.6963 	1.03638e-19
30.4383 	0.249437 	0.594737 	1.6963 	1.03638e-19
30.5085 	0.249437 	0.594737 	1.6963 	1.03638e-19
30.5786 	0.244106 	0.594313 	1.67813 	-1.95473e-19
30.6487 	0.244106 	0.594313 	1.67813 	-1.95473e-19
30.7189 	0.244106 	0.594313 	1.67813 	-1.95473e-19
30.789 	0.244106 	0.594313 	1.67813 	-1.95473e-19
30.8591 	0.244106 	0.594313 	1.67813 	-1.95473e-19
30.9293 	0.244106 	0.594313 	1.67813 	-1.95473e-19
30.9994 	0.244106 	0.594313 	1.67813 	-1.95473e-19
31.0695 	0.244106 	0.594313 	1.67813 	-1.95473e-19
31.1397 	0.245306 	0.599831 	1.66137 	9.74536e-20
31.2098 	0.245306 	0.599831 	1.66137 	9.74536e-20
31.2799 	0.245306 	0.599831 	1.66137 	9.74536e-20
31.3501 	0.245306 	0.599831 	1.66137 	9.74536e-20
31.4202 	0.245306 	0.599831 	1.66137 	9.74536e-20
31.4903 	0.245306 	0.599831 	1.66137 	9.74536e-20
31.5605 	0.246597 	0.566025 	1.596 	-1.48374e-19
31.6306 	0.246597 	0.566025 	1.596 	-1.48374e-19
31.7007 	0.254138 	0.559256 	1.58538 	4.89382e-20
31.7709 	0.254138 	0.559256 	1.58538 	4.89382e-20
31.841 	0.254138 	0.559256 	1.58538 	4.89382e-20
31.9111 	0.254138 	0.559256 	1.58538 	4.89382e-20
31.9813 	0.254138 	0.559256 	1.58538 	4.89382e-20
32.0514 	0.254138 	0.559256 	1.58538 	4.89382e-20
32.1216 	0.254138 	0.559256 	1.58538 	4.89382e-20
32.1917 	0.254138 	0.559256 	1.58538 	4.89382e-20
32.2618 	0.254138 	0.559256 	1.58538 	4.89382e-20
32.332 	0.269836 	0.555166 	1.56802 	0
32.4021 	0.269836 	0.555166 	1.56802 	0
32.4722 	0.269836 	0.555166 	1.56802 	0
32.5424 	0.269836 	0.555166 	1.56802 	0
32.6125 	0.269836 	0.555166 	1.56802 	0
32.6826 	0.269836 	0.555166 	1.56802 	0
32.7528 	0.269836 	0.555166 	1.56802 	0
32.8229 	0.269836 	0.555166 	1.56802 	0
32.893 	0.269836 	0.555166 	1.56802 	0
32.9632 	0.293807 	0.539293 	1.54574 	0
33.0333 	0.293807 	0.539293 	1.54574 	0
33.1034 	0.293807 	0.539293 	1.54574 	0
33.1736 	0.293807 	0.539293 	1.54574 	0
33.2437 	0.293807 	0.539293 	1.54574 	0
33.3138 	0.293807 	0.539293 	1.54574 	0
33.384 	0.293807 	0.539293 	1.54574 	0
33.4541 	0.293807 	0.539293 	1.54574 	0
33.5242 	0.293807 	0.539293 	1.54574 	0
33.5944 	0.322878 	0.517019 	1.52274 	-2.7591e-20
33.6645 	0.322878 	0.517019 	1.52274 	-2.7591e-20
33.7346 	0.322878 	0.517019 	1.52274 	-2.7591e-20
33.8048 	0.322878 	0.517019 	1.52274 	-2.7591e-20
33.8749 	0.322878 	0.517019 	1.52274 	-2.7591e-20
33.945 	0.322878 	0.517019 	1.52274 	-2.7591e-20
34.0152 	0.322878 	0.517019 	1.52274 	-2.7591e-20
34.0853 	0.322878 	0.517019 	1.52274 	-2.7591e-20
34.1554 	0.322878 	0.517019 	1.52274 	-2.7591e-20
34.2256 	0.354 	0.48158 	1.50364 	3.18076e-20
34.2957 	0.354 	0.48158 	1.50364 	3.18076e-20
34.3659 	0.354 	0.48158 	1.50364 	3.18076e-20
34.436 	0.354 	0.48158 	1.50364 	3.18076e-20
34.5061 	0.354 	0.48158 	1.50364 	3.18076e-20
34.5763 	0.354 	0.48158 	1.50364 	3.18076e-20
34.6464 	0.354 	0.48158 	1.50364 	3.18076e-20
34.7165 	0.354 	0.48158 	1.50364 	3.18076e-20
34.7867 	0.354 	0.48158 	1.50364 	3.18076e-20
34.8568 	0.354 	0.48158 	1.50364 	3.18076e-20
34.9269 	0.386326 	0.438723 	1.48594 	-6.90415e-20
34.9971 	0.386326 	0.438723 	1.48594 	-6.90415e-20
35.0672 	0.386326 	0.438723 	1.48594 	-6.90415e-20
35.1373 	0.386326 	0.438723 	1.48594 	-6.90415e-20
35.2075 	0.386326 	0.438723 	1.48594 	-6.90415e-20
35.2776 	0.386326 	0.438723 	1.48594 	-6.90415e-20
35.3477 	0.386326 	0.438723 	1.48594 	-6.90415e-20
35.4179 	0.386326 	0.438723 	1.48594 	-6.90415e-20
35.488 	0.386326 	0.438723 	1.48594 	-6.90415e-20
35.5581 	0.386326 	0.438723 	1.48594 	-6.90415e-20
35.6283 	0.416773 	0.391627 	1.47199 	1.4037e-20
35.6984 	0.416773 	0.391627 	1.47199 	1.4037e-20
35.7685 	0.416773 	0.391627 	1.47199 	1.4037e-20
35.8387 	0.416773 	0.391627 	1.47199 	1.4037e-20
35.9088 	0.416773 	0.391627 	1.47199 	1.4037e-20
35.9789 	0.416773 	0.391627 	1.47199 	1.4037e-20
36.0491 	0.416773 	0.391627 	1.47199 	1.4037e-20
36.1192 	0.416773 	0.391627 	1.47199 	1.4037e-20
36.1893 	0.416773 	0.391627 	1.47199 	1.4037e-20
36.2595 	0.416773 	0.391627 	1.47199 	1.4037e-20
36.3296 	0.43934 	0.347685 	1.46492 	-1.86491e-20
36.3997 	0.43934 	0.347685 	1.46492 	-1.86491e-20
36.4699 	0.43934 	0.347685 	1.46492 	-1.86491e-20
36.54 	0.43934 	0.347685 	1.46492 	-1.86491e-20
36.6102 	0.43934 	0.347685 	1.46492 	-1.86491e-20
36.6803 	0.43934 	0.347685 	1.46492 	-1.86491e-20
36.7504 	0.43934 	0.347685 	1.46492 	-1.86491e-20
36.8206 	0.43934 	0.347685 	1.46492 	-1.86491e-20
36.8907 	0.43934 	0.347685 	1.46492 	-1.86491e-20
36.9608 	0.43934 	0.347685 	1.46492 	-1.86491e-20
37.031 	0.43934 	0.347685 	1.46492 	-1.86491e-20
37.1011 	0.451382 	0.310459 	1.4646 	0
37.1712 	0.451382 	0.310459 	1.4646 	0
37.2414 	0.451382 	0.310459 	1.4646 	0
37.3115 	0.451382 	0.310459 	1.4646 	0
37.3816 	0.451382 	0.310459 	1.4646 	0
37.4518 	0.451382 	0.310459 	1.4646 	0
37.5219 	0.451382 	0.310459 	1.4646 	0
37.592 	0.451382 	0.310459 	1.4646 	0
37.6622 	0.457633 	0.277267 	1.46678 	0
37.7323 	0.457633 	0.277267 	1.46678 	0
37.8024 	0.457633 	0.277267 	1.46678 	0
37.8726 	0.457633 	0.277267 	1.46678 	0
37.9427 	0.457633 	0.277267 	1.46678 	0
38.0128 	0.457633 	0.277267 	1.46678 	0
38.083 	0.457633 	0.277267 	1.46678 	0
38.1531 	0.457633 	0.277267 	1.46678 	0
38.2232 	0.457633 	0.277267 	1.46678 	0
38.2934 	0.460682 	0.245334 	1.46981 	0
38.3635 	0.460682 	0.245334 	1.46981 	0
38.4336 	0.460682 	0.245334 	1.46981 	0
38.5038 	0.460682 	0.245334 	1.46981 	0
38.5739 	0.460682 	0.245334 	1.46981 	0
38.644 	0.460682 	0.245334 	1.46981 	0
38.7142 	0.460682 	0.245334 	1.46981 	0
38.7843 	0.460682 	0.245334 	1.46981 	0
38.8545 	0.460682 	0.245334 	1.46981 	0
38.9246 	0.461436 	0.215432 	1.47316 	0
38.9947 	0.461436 	0.215432 	1.47316 	0
39.0649 	0.461436 	0.215432 	1.47316 	0
39.135 	0.461436 	0.215432 	1.47316 	0
39.2051 	0.461436 	0.215432 	1.47316 	0
39.2753 	0.461436 	0.215432 	1.47316 	0
39.3454 	0.461436 	0.215432 	1.47316 	0
39.4155 	0.461436 	0.215432 	1.47316 	0
39.4857 	0.461436 	0.215432 	1.47316 	0
39.5558 	0.460697 	0.187272 	1.4759 	0
39.6259 	0.460697 	0.187272 	1.4759 	0
39.6961 	0.460697 	0.187272 	1.4759 	0
39.7662 	0.460697 	0.187272 	1.4759 	0
39.8363 	0.460697 	0.187272 	1.4759 	0
39.9065 	0.460697 	0.187272 	1.4759 	0
39.9766 	0.460697 	0.187272 	1.4759 	0
40.0467 	0.460697 	0.187272 	1.4759 	0
40.1169 	0.45887 	0.160524 	1.47823 	0
40.187 	0.45887 	0.160524 	1.47823 	0
40.2571 	0.45887 	0.160524 	1.47823 	0
40.3273 	0.45887 	0.160524 	1.47823 	0
40.3974 	0.45887 	0.160524 	1.47823 	0
40.4675 	0.45887 	0.160524 	1.47823 	0
40.5377 	0.45887 	0.160524 	1.47823 	0
40.6078 	0.45887 	0.160524 	1.47823 	0
40.6779 	0.45887 	0.160524 	1.47823 	0
40.7481 	0.456326 	0.135959 	1.47984 	0
40.8182 	0.456326 	0.135959 	1.47984 	0
40.8883 	0.456326 	0.135959 	1.47984 	0
40.9585 	0.456326 	0.135959 	1.47984 	0
41.0286 	0.456326 	0.135959 	1.47984 	0
41.0988 	0.456326 	0.135959 	1.47984 	0
41.1689 	0.456326 	0.135959 	1.47984 	0
41.239 	0.456326 	0.135959 	1.47984 	0
41.3092 	0.456326 	0.135959 	1.47984 	0
41.3793 	0.4539 	0.113882 	1.48001 	0
41.4494 	0.4539 	0.113882 	1.48001 	0
41.5196 	0.4539 	0.113882 	1.48001 	0
41.5897 	0.4539 	0.113882 	1.48001 	0
41.6598 	0.4539 	0.113882 	1.48001 	0
41.73 	0.4539 	0.113882 	1.48001 	0
41.8001 	0.4539 	0.113882 	1.48001 	0
41.8702 	0.4539 	0.113882 	1.48001 	0
41.9404 	0.4539 	0.113882 	1.48001 	0
42.0105 	0.452182 	0.093852 	1.47866 	0
42.0806 	0.452182 	0.093852 	1.47866 	0
42.1508 	0.452182 	0.093852 	1.47866 	0
42.2209 	0.452182 	0.093852 	1.47866 	0
42.291 	0.452182 	0.093852 	1.47866 	0
42.3612 	0.452182 	0.093852 	1.47866 	0
42.4313 	0.452182 	0.093852 	1.47866 	0
42.5014 	0.452182 	0.093852 	1.47866 	0
42.5716 	0.452182 	0.093852 	1.47866 	0
42.6417 	0.450972 	0.0752834 	1.47675 	0
42.7118 	0.450972 	0.0752834 	1.47675 	0
42.782 	0.450972 	0.0752834 	1.47675 	0
42.8521 	0.450972 	0.0752834 	1.47675 	0
42.9222 	0.450972 	0.0752834 	1.47675 	0
42.9924 	0.450972 	0.0752834 	1.47675 	0
43.0625 	0.450972 	0.0752834 	1.47675 	0
43.1327 	0.450972 	0.0752834 	1.47675 	0
43.2028 	0.450092 	0.0585197 	1.47444 	0
43.2729 	0.450092 	0.0585197 	1.47444 	0
43.3431 	0.450092 	0.0585197 	1.47444 	0
43.4132 	0.450092 	0.0585197 	1.47444 	0
43.4833 	0.450092 	0.0585197 	1.47444 	0
43.5535 	0.450092 	0.0585197 	1.47444 	0
43.6236 	0.450092 	0.0585197 	1.47444 	0
43.6937 	0.450092 	0.0585197 	1.47444 	0
43.7639 	0.450092 	0.0585197 	1.47444 	0
43.834 	0.449922 	0.0443833 	1.4711 	0
43.9041 	0.449922 	0.0443833 	1.4711 	0
43.9743 	0.449922 	0.0443833 	1.4711 	0
44.0444 	0.449922 	0.0443833 	1.4711 	0
44.1145 	0.449922 	0.0443833 	1.4711 	0
44.1847 	0.449922 	0.0443833 	1.4711 	0
44.2548 	0.449922 	0.0443833 	1.4711 	0
44.3249 	0.449922 	0.0443833 	1.4711 	0
44.3951 	0.449922 	0.0443833 	1.4711 	0
44.4652 	0.450618 	0.0326646 	1.46754 	0
44.5353 	0.450618 	0.0326646 	1.46754 	0
44.6055 	0.450618 	0.0326646 	1.46754 	0
44.6756 	0.450618 	0.0326646 	1.46754 	0
44.7457 	0.450618 	0.0326646 	1.46754 	0
44.8159 	0.450618 	0.0326646 	1.46754 	0
44.886 	0.450618 	0.0326646 	1.46754 	0
44.9561 	0.450618 	0.0326646 	1.46754 	0
45.0263 	0.450618 	0.0326646 	1.46754 	0
45.0964 	0.451893 	0.0224045 	1.46472 	0
45.1665 	0.451893 	0.0224045 	1.46472 	0
45.2367 	0.451893 	0.0224045 	1.46472 	0
45.3068 	0.451893 	0.0224045 	1.46472 	0
45.377 	0.451893 	0.0224045 	1.46472 	0
45.4471 	0.451893 	0.0224045 	1.46472 	0
45.5172 	0.451893 	0.0224045 	1.46472 	0
45.5874 	0.451893 	0.0224045 	1.46472 	0
45.6575 	0.453751 	0.0127997 	1.46285 	0
45.7276 	0.453751 	0.0127997 	1.46285 	0
45.7978 	0.453751 	0.0127997 	1.46285 	0
45.8679 	0.453751 	0.0127997 	1.46285 	0
45.938 	0.453751 	0.0127997 	1.46285 	0
46.0082 	0.453751 	0.0127997 	1.46285 	0
46.0783 	0.453751 	0.0127997 	1.46285 	0
46.1484 	0.453751 	0.0127997 	1.46285 	0
46.2186 	0.453751 	0.0127997 	1.46285 	0
46.2887 	0.456491 	0.00422211 	1.46159 	0
46.3588 	0.456491 	0.00422211 	1.46159 	0
46.429 	0.456491 	0.00422211 	1.46159 	0
46.4991 	0.456491 	0.00422211 	1.46159 	0
46.5692 	0.456491 	0.00422211 	1.46159 	0
46.6394 	0.456491 	0.00422211 	1.46159 	0
46.7095 	0.456491 	0.00422211 	1.46159 	0
46.7796 	0.468184 	0.000180905 	1.45175 	0
46.8498 	0.468184 	0.000180905 	1.45175 	0
46.9199 	0.470137 	-0.0073912 	1.45479 	0
46.99 	0.470137 	-0.0073912 	1.45479 	0
47.0602 	0.470137 	-0.0073912 	1.45479 	0
47.1303 	0.470137 	-0.0073912 	1.45479 	0
47.2004 	0.470137 	-0.0073912 	1.45479 	0
47.2706 	0.470137 	-0.0073912 	1.45479 	0
47.3407 	0.470137 	-0.0073912 	1.45479 	0
47.4108 	0.470137 	-0.0073912 	1.45479 	0
47.481 	0.470137 	-0.0073912 	1.45479 	0
47.5511 	0.473254 	-0.0111644 	1.45891 	0
47.6213 	0.473254 	-0.0111644 	1.45891 	0
47.6914 	0.473254 	-0.0111644 	1.45891 	0
47.7615 	0.473254 	-0.0111644 	1.45891 	0
47.8317 	0.473254 	-0.0111644 	1.45891 	0
47.9018 	0.473254 	-0.0111644 	1.45891 	0
47.9719 	0.473254 	-0.0111644 	1.45891 	0
48.0421 	0.473254 	-0.0111644 	1.45891 	0
48.1122 	0.473254 	-0.0111644 	1.45891 	0
48.1823 	0.477422 	-0.0119622 	1.46401 	0
48.2525 	0.477422 	-0.0119622 	1.46401 	0
48.3226 	0.477422 	-0.0119622 	1.46401 	0
48.3927 	0.477422 	-0.0119622 	1.46401 	0
48.4629 	0.477422 	-0.0119622 	1.46401 	0
48.533 	0.477422 	-0.0119622 	1.46401 	0
48.6031 	0.477422 	-0.0119622 	1.46401 	0
48.6733 	0.477422 	-0.0119622 	1.46401 	0
48.7434 	0.482343 	-0.0114626 	1.47093 	0
48.8135 	0.482343 	-0.0114626 	1.47093 	0
48.8837 	0.482343 	-0.0114626 	1.47093 	0
48.9538 	0.482343 	-0.0114626 	1.47093 	0
49.0239 	0.482343 	-0.0114626 	1.47093 	0
49.0941 	0.482343 	-0.0114626 	1.47093 	0
49.1642 	0.482343 	-0.0114626 	1.47093 	0
49.2343 	0.482343 	-0.0114626 	1.47093 	0
49.3045 	0.482343 	-0.0114626 	1.47093 	0
49.3746 	0.487483 	-0.0106508 	1.47953 	0
49.4447 	0.487483 	-0.0106508 	1.47953 	0
49.5149 	0.487483 	-0.0106508 	1.47953 	0
49.585 	0.487483 	-0.0106508 	1.47953 	0
49.6551 	0.487483 	-0.0106508 	1.47953 	0
49.7253 	0.487483 	-0.0106508 	1.47953 	0
49.7954 	0.487483 	-0.0106508 	1.47953 	0
49.8656 	0.487483 	-0.0106508 	1.47953 	0
49.9357 	0.487483 	-0.0106508 	1.47953 	0
50.0058 	0.492628 	-0.0100102 	1.48974 	0
50.076 	0.492628 	-0.0100102 	1.48974 	0
50.1461 	0.492628 	-0.0100102 	1.48974 	0
50.2162 	0.492628 	-0.0100102 	1.48974 	0
50.2864 	0.492628 	-0.0100102 	1.48974 	0
50.3565 	0.492628 	-0.0100102 	1.48974 	0
50.4266 	0.492628 	-0.0100102 	1.48974 	0
50.4968 	0.492628 	-0.0100102 	1.48974 	0
50.5669 	0.492628 	-0.0100102 	1.48974 	0
50.637 	0.497076 	-0.00721047 	1.50072 	0
50.7072 	0.497076 	-0.00721047 	1.50072 	0
50.7773 	0.497076 	-0.00721047 	1.50072 	0
50.8474 	0.497076 	-0.00721047 	1.50072 	0
50.9176 	0.497076 	-0.00721047 	1.50072 	0
50.9877 	0.497076 	-0.00721047 	1.50072 	0
51.0578 	0.497076 	-0.00721047 	1.50072 	0
51.128 	0.497076 	-0.00721047 	1.50072 	0
51.1981 	0.497076 	-0.00721047 	1.50072 	0
51.2682 	0.500453 	-8.74215e-05 	1.51239 	0
51.3384 	0.500453 	-8.74215e-05 	1.51239 	0
51.4085 	0.500453 	-8.74215e-05 	1.51239 	0
51.4786 	0.500453 	-8.74215e-05 	1.51239 	0
51.5488 	0.500453 	-8.74215e-05 	1.51239 	0
51.6189 	0.500453 	-8.74215e-05 	1.51239 	0
51.689 	0.500453 	-8.74215e-05 	1.51239 	0
51.7592 	0.500453 	-8.74215e-05 	1.51239 	0
51.8293 	0.502349 	0.0143396 	1.52565 	0
51.8994 	0.502349 	0.0143396 	1.52565 	0
51.9696 	0.502349 	0.0143396 	1.52565 	0
52.0397 	0.502349 	0.0143396 	1.52565 	0
52.1099 	0.502349 	0.0143396 	1.52565 	0
52.18 	0.502349 	0.0143396 	1.52565 	0
52.2501 	0.502349 	0.0143396 	1.52565 	0
52.3203 	0.502349 	0.0143396 	1.52565 	0
52.3904 	0.502349 	0.0143396 	1.52565 	0
52.4605 	0.502466 	0.0372932 	1.54005 	0
52.5307 	0.502466 	0.0372932 	1.54005 	0
52.6008 	0.502466 	0.0372932 	1.54005 	0
52.6709 	0.502466 	0.0372932 	1.54005 	0
52.7411 	0.502466 	0.0372932 	1.54005 	0
52.8112 	0.502466 	0.0372932 	1.54005 	0
52.8813 	0.502466 	0.0372932 	1.54005 	0
52.9515 	0.502466 	0.0372932 	1.54005 	0
53.0216 	0.502466 	0.0372932 	1.54005 	0
53.0917 	0.500773 	0.0682809 	1.55648 	0
53.1619 	0.500773 	0.0682809 	1.55648 	0
53.232 	0.500773 	0.0682809 	1.55648 	0
53.3021 	0.500773 	0.0682809 	1.55648 	0
53.3723 	0.500773 	0.0682809 	1.55648 	0
53.4424 	0.500773 	0.0682809 	1.55648 	0
53.5125 	0.500773 	0.0682809 	1.55648 	0
53.5827 	0.500773 	0.0682809 	1.55648 	0
53.6528 	0.500773 	0.0682809 	1.55648 	0
53.7229 	0.496837 	0.105123 	1.57443 	0
53.7931 	0.496837 	0.105123 	1.57443 	0
53.8632 	0.496837 	0.105123 	1.57443 	0
53.9333 	0.496837 	0.105123 	1.57443 	0
54.0035 	0.496837 	0.105123 	1.57443 	0
54.0736 	0.496837 	0.105123 	1.57443 	0
54.1437 	0.496837 	0.105123 	1.57443 	0
54.2139 	0.496837 	0.105123 	1.57443 	0
54.284 	0.490109 	0.147312 	1.59454 	0
54.3542 	0.490109 	0.147312 	1.59454 	0
54.4243 	0.490109 	0.147312 	1.59454 	0
54.4944 	0.490109 	0.147312 	1.59454 	0
54.5646 	0.490109 	0.147312 	1.59454 	0
54.6347 	0.490109 	0.147312 	1.59454 	0
54.7048 	0.490109 	0.147312 	1.59454 	0
54.775 	0.490109 	0.147312 	1.59454 	0
54.8451 	0.490109 	0.147312 	1.59454 	0
54.9152 	0.479868 	0.19567 	1.61472 	0
54.9854 	0.479868 	0.19567 	1.61472 	0
55.0555 	0.479868 	0.19567 	1.61472 	0
55.1256 	0.479868 	0.19567 	1.61472 	0
55.1958 	0.479868 	0.19567 	1.61472 	0
55.2659 	0.479868 	0.19567 	1.61472 	0
55.336 	0.479868 	0.19567 	1.61472 	0
55.4062 	0.479868 	0.19567 	1.61472 	0
55.4763 	0.479868 	0.19567 	1.61472 	0
55.5464 	0.46471 	0.250006 	1.63582 	0
55.6166 	0.46471 	0.250006 	1.63582 	0
55.6867 	0.46471 	0.250006 	1.63582 	0
55.7568 	0.46471 	0.250006 	1.63582 	0
55.827 	0.46471 	0.250006 	1.63582 	0
55.8971 	0.46471 	0.250006 	1.63582 	0
55.9672 	0.46471 	0.250006 	1.63582 	0
56.0374 	0.46471 	0.250006 	1.63582 	0
56.1075 	0.46471 	0.250006 	1.63582 	0
56.1776 	0.442236 	0.308124 	1.65959 	0
56.2478 	0.442236 	0.308124 	1.65959 	0
56.3179 	0.442236 	0.308124 	1.65959 	0
56.3881 	0.442236 	0.308124 	1.65959 	0
56.4582 	0.442236 	0.308124 	1.65959 	0
56.5283 	0.442236 	0.308124 	1.65959 	0
56.5985 	0.442236 	0.308124 	1.65959 	0
56.6686 	0.442236 	0.308124 	1.65959 	0
56.7387 	0.442236 	0.308124 	1.65959 	0
56.8089 	0.408934 	0.366071 	1.68991 	0
56.879 	0.408934 	0.366071 	1.68991 	0
56.9491 	0.408934 	0.366071 	1.68991 	0
57.0193 	0.408934 	0.366071 	1.68991 	0
57.0894 	0.408934 	0.366071 	1.68991 	0
57.1595 	0.408934 	0.366071 	1.68991 	0
57.2297 	0.408934 	0.366071 	1.68991 	0
57.2998 	0.408934 	0.366071 	1.68991 	0
57.3699 	0.361052 	0.41834 	1.72867 	0
57.4401 	0.361052 	0.41834 	1.72867 	0
57.5102 	0.361052 	0.41834 	1.72867 	0
57.5803 	0.361052 	0.41834 	1.72867 	0
57.6505 	0.361052 	0.41834 	1.72867 	0
57.7206 	0.361052 	0.41834 	1.72867 	0
57.7907 	0.361052 	0.41834 	1.72867 	0
57.8609 	0.361052 	0.41834 	1.72867 	0
57.931 	0.361052 	0.41834 	1.72867 	0
58.0011 	0.295092 	0.459763 	1.77795 	0
58.0713 	0.295092 	0.459763 	1.77795 	0
58.1414 	0.295092 	0.459763 	1.77795 	0
58.2115 	0.295092 	0.459763 	1.77795 	0
58.2817 	0.295092 	0.459763 	1.77795 	0
58.3518 	0.295092 	0.459763 	1.77795 	0
58.4219 	0.295092 	0.459763 	1.77795 	0
58.4921 	0.295092 	0.459763 	1.77795 	0
58.5622 	0.295092 	0.459763 	1.77795 	0
58.6324 	0.208553 	0.488189 	1.83378 	0
58.7025 	0.208553 	0.488189 	1.83378 	0
58.7726 	0.208553 	0.488189 	1.83378 	0
58.8428 	0.208553 	0.488189 	1.83378 	0
58.9129 	0.208553 	0.488189 	1.83378 	0
58.983 	0.208553 	0.488189 	1.83378 	0
59.0532 	0.208553 	0.488189 	1.83378 	0
59.1233 	0.208553 	0.488189 	1.83378 	0
59.1934 	0.208553 	0.488189 	1.83378 	0
59.2636 	0.0997562 	0.502435 	1.89763 	0
59.3337 	0.0997562 	0.502435 	1.89763 	0
59.4038 	0.0997562 	0.502435 	1.89763 	0
59.474 	0.0997562 	0.502435 	1.89763 	0
59.5441 	0.0997562 	0.502435 	1.89763 	0
59.6142 	0.0997562 	0.502435 	1.89763 	0
59.6844 	0.0997562 	0.502435 	1.89763 	0
59.7545 	0.0997562 	0.502435 	1.89763 	0
59.8246 	-0.0323811 	0.49796 	1.96331 	0
59.8948 	-0.0323811 	0.49796 	1.96331 	0
59.9649 	-0.0323811 	0.49796 	1.96331 	0
60.035 	-0.0323811 	0.49796 	1.96331 	0
60.1052 	-0.0323811 	0.49796 	1.96331 	0
60.1753 	-0.0323811 	0.49796 	1.96331 	0
60.2454 	-0.0323811 	0.49796 	1.96331 	0
60.3156 	-0.0323811 	0.49796 	1.96331 	0
60.3857 	-0.0323811 	0.49796 	1.96331 	0
60.4558 	-0.185199 	0.466111 	2.04419 	0
60.526 	-0.185199 	0.466111 	2.04419 	0
60.5961 	-0.185199 	0.466111 	2.04419 	0
60.6662 	-0.185199 	0.466111 	2.04419 	0
60.7364 	-0.185199 	0.466111 	2.04419 	0
60.8065 	-0.185199 	0.466111 	2.04419 	0
60.8767 	-0.185199 	0.466111 	2.04419 	0
60.9468 	-0.185199 	0.466111 	2.04419 	0
61.0169 	-0.185199 	0.466111 	2.04419 	0
61.0871 	-0.350239 	0.400234 	2.12111 	0
61.1572 	-0.350239 	0.400234 	2.12111 	0
61.2273 	-0.350239 	0.400234 	2.12111 	0
61.2975 	-0.350239 	0.400234 	2.12111 	0
61.3676 	-0.350239 	0.400234 	2.12111 	0
61.4377 	-0.350239 	0.400234 	2.12111 	0
61.5079 	-0.350239 	0.400234 	2.12111 	0
61.578 	-0.350239 	0.400234 	2.12111 	0
61.6481 	-0.350239 	0.400234 	2.12111 	0
61.7183 	-0.513782 	0.305788 	2.20837 	0
61.7884 	-0.513782 	0.305788 	2.20837 	0
61.8585 	-0.513782 	0.305788 	2.20837 	0
61.9287 	-0.513782 	0.305788 	2.20837 	0
61.9988 	-0.513782 	0.305788 	2.20837 	0
62.0689 	-0.513782 	0.305788 	2.20837 	0
62.1391 	-0.513782 	0.305788 	2.20837 	0
62.2092 	-0.513782 	0.305788 	2.20837 	0
62.2793 	-0.513782 	0.305788 	2.20837 	0
62.3495 	-0.66061 	0.187231 	2.27806 	0
62.4196 	-0.66061 	0.187231 	2.27806 	0
62.4897 	-0.66061 	0.187231 	2.27806 	0
62.5599 	-0.66061 	0.187231 	2.27806 	0
62.63 	-0.66061 	0.187231 	2.27806 	0
62.7001 	-0.66061 	0.187231 	2.27806 	0
62.7703 	-0.66061 	0.187231 	2.27806 	0
62.8404 	-0.66061 	0.187231 	2.27806 	0
62.9105 	-0.780273 	0.0511812 	2.3564 	0
62.9807 	-0.780273 	0.0511812 	2.3564 	0
63.0508 	-0.780273 	0.0511812 	2.3564 	0
63.121 	-0.780273 	0.0511812 	2.3564 	0
63.1911 	-0.780273 	0.0511812 	2.3564 	0
63.2612 	-0.780273 	0.0511812 	2.3564 	0
63.3314 	-0.780273 	0.0511812 	2.3564 	0
63.4015 	-0.780273 	0.0511812 	2.3564 	0
63.4716 	-0.780273 	0.0511812 	2.3564 	0
63.5418 	-0.85043 	-0.0868652 	2.4148 	0
63.6119 	-0.85043 	-0.0868652 	2.4148 	0
63.682 	-0.85043 	-0.0868652 	2.4148 	0
63.7522 	-0.85043 	-0.0868652 	2.4148 	0
63.8223 	-0.85043 	-0.0868652 	2.4148 	0
63.8924 	-0.85043 	-0.0868652 	2.4148 	0
63.9626 	-0.85043 	-0.0868652 	2.4148 	0
64.0327 	-0.85043 	-0.0868652 	2.4148 	0
64.1028 	-0.85043 	-0.0868652 	2.4148 	0
64.173 	-0.878187 	-0.230789 	2.47755 	0
64.2431 	-0.878187 	-0.230789 	2.47755 	0
64.3132 	-0.878187 	-0.230789 	2.47755 	0
64.3834 	-0.878187 	-0.230789 	2.47755 	0
64.4535 	-0.878187 	-0.230789 	2.47755 	0
64.5236 	-0.878187 	-0.230789 	2.47755 	0
64.5938 	-0.878187 	-0.230789 	2.47755 	0
64.6639 	-0.878187 	-0.230789 	2.47755 	0
64.734 	-0.878187 	-0.230789 	2.47755 	0
64.8042 	-0.858742 	-0.365661 	2.51773 	0
64.8743 	-0.858742 	-0.365661 	2.51773 	0
64.9444 	-0.858742 	-0.365661 	2.51773 	0
65.0146 	-0.858742 	-0.365661 	2.51773 	0
65.0847 	-0.858742 	-0.365661 	2.51773 	0
65.1548 	-0.858742 	-0.365661 	2.51773 	0
65.225 	-0.858742 	-0.365661 	2.51773 	0
65.2951 	-0.695369 	-0.410079 	2.92238 	0
65.3653 	-0.695369 	-0.410079 	2.92238 	0
65.4354 	-0.645732 	-0.522085 	2.95618 	0
65.5055 	-0.645732 	-0.522085 	2.95618 	0
65.5757 	-0.645732 	-0.522085 	2.95618 	0
65.6458 	-0.645732 	-0.522085 	2.95618 	0
65.7159 	-0.645732 	-0.522085 	2.95618 	0
65.7861 	-0.645732 	-0.522085 	2.95618 	0
65.8562 	-0.645732 	-0.522085 	2.95618 	0
65.9263 	-0.645732 	-0.522085 	2.95618 	0
65.9965 	-0.558047 	-0.602757 	2.95614 	0
66.0666 	-0.558047 	-0.602757 	2.95614 	0
66.1367 	-0.558047 	-0.602757 	2.95614 	0
66.2069 	-0.558047 	-0.602757 	2.95614 	0
66.277 	-0.558047 	-0.602757 	2.95614 	0
66.3471 	-0.558047 	-0.602757 	2.95614 	0
66.4173 	-0.558047 	-0.602757 	2.95614 	0
66.4874 	-0.558047 	-0.602757 	2.95614 	0
66.5575 	-0.558047 	-0.602757 	2.95614 	0
66.6277 	-0.443074 	-0.665066 	2.94984 	0
66.6978 	-0.443074 	-0.665066 	2.94984 	0
66.7679 	-0.443074 	-0.665066 	2.94984 	0
66.8381 	-0.443074 	-0.665066 	2.94984 	0
66.9082 	-0.443074 	-0.665066 	2.94984 	0
66.9783 	-0.443074 	-0.665066 	2.94984 	0
67.0485 	-0.443074 	-0.665066 	2.94984 	0
67.1186 	-0.443074 	-0.665066 	2.94984 	0
67.1887 	-0.443074 	-0.665066 	2.94984 	0
67.2589 	-0.315099 	-0.693008 	2.90762 	0
67.329 	-0.315099 	-0.693008 	2.90762 	0
67.3991 	-0.315099 	-0.693008 	2.90762 	0
67.4693 	-0.315099 	-0.693008 	2.90762 	0
67.5394 	-0.315099 	-0.693008 	2.90762 	0
67.6096 	-0.315099 	-0.693008 	2.90762 	0
67.6797 	-0.315099 	-0.693008 	2.90762 	0
67.7498 	-0.315099 	-0.693008 	2.90762 	0
67.82 	-0.315099 	-0.693008 	2.90762 	0
67.8901 	-0.186521 	-0.680424 	2.87987 	0
67.9602 	-0.186521 	-0.680424 	2.87987 	0
68.0304 	-0.186521 	-0.680424 	2.87987 	0
68.1005 	-0.186521 	-0.680424 	2.87987 	0
68.1706 	-0.186521 	-0.680424 	2.87987 	0
68.2408 	-0.186521 	-0.680424 	2.87987 	0
68.3109 	-0.186521 	-0.680424 	2.87987 	0
68.381 	-0.186521 	-0.680424 	2.87987 	0
68.4512 	-0.0662795 	-0.675813 	2.80146 	0
68.5213 	-0.0662795 	-0.675813 	2.80146 	0
68.5914 	-0.0662795 	-0.675813 	2.80146 	0
68.6616 	-0.0662795 	-0.675813 	2.80146 	0
68.7317 	-0.0662795 	-0.675813 	2.80146 	0
68.8018 	-0.0662795 	-0.675813 	2.80146 	0
68.872 	-0.0662795 	-0.675813 	2.80146 	0
68.9421 	-0.0662795 	-0.675813 	2.80146 	0
69.0122 	-0.0662795 	-0.675813 	2.80146 	0
