0.490941 	2.20358 	0.00437023 	3.00034 	-3.12408e-20
0.561075 	2.20358 	0.00437023 	3.00034 	-3.12408e-20
0.63121 	2.20358 	0.00437023 	3.00034 	-3.12408e-20
0.701344 	2.20358 	0.00437023 	3.00034 	-3.12408e-20
0.771478 	2.20358 	0.00437023 	3.00034 	-3.12408e-20
0.841613 	2.20358 	0.00437023 	3.00034 	-3.12408e-20
0.911747 	2.17855 	0.014464 	3.008 	-7.20567e-20
0.981881 	2.17855 	0.014464 	3.008 	-7.20567e-20
1.05202 	2.17855 	0.014464 	3.008 	-7.20567e-20
1.12215 	2.17855 	0.014464 	3.008 	-7.20567e-20
1.19228 	2.17855 	0.014464 	3.008 	-7.20567e-20
1.26242 	2.17855 	0.014464 	3.008 	-7.20567e-20
1.33255 	2.1346 	0.0193282 	3.02331 	7.20072e-20
1.40269 	2.1346 	0.0193282 	3.02331 	7.20072e-20
1.47282 	2.1346 	0.0193282 	3.02331 	7.20072e-20
1.54296 	2.1346 	0.0193282 	3.02331 	7.20072e-20
1.61309 	2.1346 	0.0193282 	3.02331 	7.20072e-20
1.68323 	2.1346 	0.0193282 	3.02331 	7.20072e-20
1.75336 	2.07426 	0.0246888 	3.04251 	3.45531e-20
1.82349 	2.07426 	0.0246888 	3.04251 	3.45531e-20
1.89363 	2.07426 	0.0246888 	3.04251 	3.45531e-20
1.96376 	2.07426 	0.0246888 	3.04251 	3.45531e-20
2.0339 	2.07426 	0.0246888 	3.04251 	3.45531e-20
2.10403 	2.07426 	0.0246888 	3.04251 	3.45531e-20
2.17417 	2.00298 	0.0242431 	3.06668 	0
2.2443 	2.00298 	0.0242431 	3.06668 	0
2.31443 	2.00298 	0.0242431 	3.06668 	0
2.38457 	2.00298 	0.0242431 	3.06668 	0
2.4547 	2.00298 	0.0242431 	3.06668 	0
2.52484 	2.00298 	0.0242431 	3.06668 	0
2.59497 	1.92664 	0.0255951 	3.09072 	-1.57972e-19
2.66511 	1.92664 	0.0255951 	3.09072 	-1.57972e-19
2.73524 	1.92664 	0.0255951 	3.09072 	-1.57972e-19
2.80538 	1.92664 	0.0255951 	3.09072 	-1.57972e-19
2.87551 	1.92664 	0.0255951 	3.09072 	-1.57972e-19
2.94564 	1.92664 	0.0255951 	3.09072 	-1.57972e-19
3.01578 	1.85029 	0.0233303 	3.11627 	1.25774e-19
3.08591 	1.85029 	0.0233303 	3.11627 	1.25774e-19
3.15605 	1.85029 	0.0233303 	3.11627 	1.25774e-19
3.22618 	1.85029 	0.0233303 	3.11627 	1.25774e-19
3.29632 	1.85029 	0.0233303 	3.11627 	1.25774e-19
3.36645 	1.85029 	0.0233303 	3.11627 	1.25774e-19
3.43659 	1.7758 	0.0248974 	3.13925 	-2.31525e-19
3.50672 	1.7758 	0.0248974 	3.13925 	-2.31525e-19
3.57685 	1.7758 	0.0248974 	3.13925 	-2.31525e-19
3.64699 	1.7758 	0.0248974 	3.13925 	-2.31525e-19
3.71712 	1.7758 	0.0248974 	3.13925 	-2.31525e-19
3.78726 	1.76791 	0.0140733 	3.13808 	-2.57106e-19
3.85739 	1.69471 	0.0119317 	3.1628 	4.74213e-19
3.92753 	1.69471 	0.0119317 	3.1628 	4.74213e-19
3.99766 	1.69471 	0.0119317 	3.1628 	4.74213e-19
4.06779 	1.69471 	0.0119317 	3.1628 	4.74213e-19
4.13793 	1.69471 	0.0119317 	3.1628 	4.74213e-19
4.20806 	1.69471 	0.0119317 	3.1628 	4.74213e-19
4.2782 	1.62349 	0.0142452 	3.18381 	-2.71856e-19
4.34833 	1.62349 	0.0142452 	3.18381 	-2.71856e-19
4.41847 	1.62349 	0.0142452 	3.18381 	-2.71856e-19
4.4886 	1.62349 	0.0142452 	3.18381 	-2.71856e-19
4.55874 	1.62349 	0.0142452 	3.18381 	-2.71856e-19
4.62887 	1.62349 	0.0142452 	3.18381 	-2.71856e-19
4.699 	1.62349 	0.0142452 	3.18381 	-2.71856e-19
4.76914 	1.55407 	0.0118693 	3.20714 	-2.00125e-19
4.83927 	1.55407 	0.0118693 	3.20714 	-2.00125e-19
4.90941 	1.55407 	0.0118693 	3.20714 	-2.00125e-19
4.97954 	1.55407 	0.0118693 	3.20714 	-2.00125e-19
5.04968 	1.55407 	0.0118693 	3.20714 	-2.00125e-19
5.11981 	1.55407 	0.0118693 	3.20714 	-2.00125e-19
5.18994 	1.48635 	0.0139384 	3.22664 	1.75684e-19
5.26008 	1.48635 	0.0139384 	3.22664 	1.75684e-19
5.33021 	1.48635 	0.0139384 	3.22664 	1.75684e-19
5.40035 	1.48635 	0.0139384 	3.22664 	1.75684e-19
5.47048 	1.48635 	0.0139384 	3.22664 	1.75684e-19
5.54062 	1.48635 	0.0139384 	3.22664 	1.75684e-19
5.61075 	1.42123 	0.0112529 	3.2485 	-3.42459e-19
5.68089 	1.42123 	0.0112529 	3.2485 	-3.42459e-19
5.75102 	1.42123 	0.0112529 	3.2485 	-3.42459e-19
5.82115 	1.42123 	0.0112529 	3.2485 	-3.42459e-19
5.89129 	1.42123 	0.0112529 	3.2485 	-3.42459e-19
5.96142 	1.42123 	0.0112529 	3.2485 	-3.42459e-19
6.03156 	1.35928 	0.0134966 	3.26581 	3.65521e-19
6.10169 	1.35928 	0.0134966 	3.26581 	3.65521e-19
6.17183 	1.35928 	0.0134966 	3.26581 	3.65521e-19
6.24196 	1.35928 	0.0134966 	3.26581 	3.65521e-19
6.3121 	1.35928 	0.0134966 	3.26581 	3.65521e-19
6.38223 	1.35928 	0.0134966 	3.26581 	3.65521e-19
6.45236 	1.30135 	0.0110006 	3.28539 	2.12935e-20
6.5225 	1.30135 	0.0110006 	3.28539 	2.12935e-20
6.59263 	1.30135 	0.0110006 	3.28539 	2.12935e-20
6.66277 	1.30135 	0.0110006 	3.28539 	2.12935e-20
6.7329 	1.30135 	0.0110006 	3.28539 	2.12935e-20
6.80304 	1.30135 	0.0110006 	3.28539 	2.12935e-20
6.87317 	1.2475 	0.0138151 	3.29988 	-2.03997e-20
6.9433 	1.2475 	0.0138151 	3.29988 	-2.03997e-20
7.01344 	1.2475 	0.0138151 	3.29988 	-2.03997e-20
7.08357 	1.2475 	0.0138151 	3.29988 	-2.03997e-20
7.15371 	1.2475 	0.0138151 	3.29988 	-2.03997e-20
7.22384 	1.2475 	0.0138151 	3.29988 	-2.03997e-20
7.29398 	1.19792 	0.0116686 	3.31694 	0
7.36411 	1.19792 	0.0116686 	3.31694 	0
7.43425 	1.19792 	0.0116686 	3.31694 	0
7.50438 	1.19792 	0.0116686 	3.31694 	0
7.57451 	1.19792 	0.0116686 	3.31694 	0
7.64465 	1.19792 	0.0116686 	3.31694 	0
7.71478 	1.19792 	0.0116686 	3.31694 	0
7.78492 	1.15209 	0.0151002 	3.32868 	0
7.85505 	1.15209 	0.0151002 	3.32868 	0
7.92519 	1.15209 	0.0151002 	3.32868 	0
7.99532 	1.15209 	0.0151002 	3.32868 	0
8.06545 	1.15209 	0.0151002 	3.32868 	0
8.13559 	1.15209 	0.0151002 	3.32868 	0
8.20572 	1.10983 	0.013293 	3.34362 	0
8.27586 	1.10983 	0.013293 	3.34362 	0
8.34599 	1.10983 	0.013293 	3.34362 	0
8.41613 	1.10983 	0.013293 	3.34362 	0
8.48626 	1.10983 	0.013293 	3.34362 	0
8.5564 	1.10983 	0.013293 	3.34362 	0
8.62653 	1.07045 	0.0174774 	3.35311 	2.15424e-22
8.69666 	1.07045 	0.0174774 	3.35311 	2.15424e-22
8.7668 	1.07045 	0.0174774 	3.35311 	2.15424e-22
8.83693 	1.07045 	0.0174774 	3.35311 	2.15424e-22
8.90707 	1.07045 	0.0174774 	3.35311 	2.15424e-22
8.9772 	1.07045 	0.0174774 	3.35311 	2.15424e-22
9.04734 	1.03374 	0.0161838 	3.36655 	-2.50062e-19
9.11747 	1.03374 	0.0161838 	3.36655 	-2.50062e-19
9.18761 	1.03374 	0.0161838 	3.36655 	-2.50062e-19
9.25774 	1.01956 	0.0121466 	3.36908 	-2.60283e-20
9.32787 	1.01956 	0.0121466 	3.36908 	-2.60283e-20
9.39801 	1.01956 	0.0121466 	3.36908 	-2.60283e-20
9.46814 	1.01956 	0.0121466 	3.36908 	-2.60283e-20
9.53828 	0.984044 	0.018433 	3.3778 	-2.59179e-19
9.60841 	0.984044 	0.018433 	3.3778 	-2.59179e-19
9.67855 	0.984044 	0.018433 	3.3778 	-2.59179e-19
9.74868 	0.984044 	0.018433 	3.3778 	-2.59179e-19
9.81881 	0.984044 	0.018433 	3.3778 	-2.59179e-19
9.88895 	0.984044 	0.018433 	3.3778 	-2.59179e-19
9.95908 	0.950129 	0.0181196 	3.38984 	-1.54912e-20
10.0292 	0.950129 	0.0181196 	3.38984 	-1.54912e-20
10.0994 	0.950129 	0.0181196 	3.38984 	-1.54912e-20
10.1695 	0.950129 	0.0181196 	3.38984 	-1.54912e-20
10.2396 	0.950129 	0.0181196 	3.38984 	-1.54912e-20
10.3098 	0.950129 	0.0181196 	3.38984 	-1.54912e-20
10.3799 	0.917281 	0.0262835 	3.39748 	2.33034e-19
10.45 	0.917281 	0.0262835 	3.39748 	2.33034e-19
10.5202 	0.917281 	0.0262835 	3.39748 	2.33034e-19
10.5903 	0.917281 	0.0262835 	3.39748 	2.33034e-19
10.6604 	0.917281 	0.0262835 	3.39748 	2.33034e-19
10.7306 	0.917281 	0.0262835 	3.39748 	2.33034e-19
10.8007 	0.885351 	0.0276986 	3.40911 	-2.47462e-19
10.8708 	0.885351 	0.0276986 	3.40911 	-2.47462e-19
10.941 	0.885351 	0.0276986 	3.40911 	-2.47462e-19
11.0111 	0.885351 	0.0276986 	3.40911 	-2.47462e-19
11.0812 	0.885351 	0.0276986 	3.40911 	-2.47462e-19
11.1514 	0.885351 	0.0276986 	3.40911 	-2.47462e-19
11.2215 	0.885351 	0.0276986 	3.40911 	-2.47462e-19
11.2916 	0.853745 	0.038907 	3.41602 	-4.32865e-19
11.3618 	0.853745 	0.038907 	3.41602 	-4.32865e-19
11.4319 	0.853745 	0.038907 	3.41602 	-4.32865e-19
11.502 	0.853745 	0.038907 	3.41602 	-4.32865e-19
11.5722 	0.853745 	0.038907 	3.41602 	-4.32865e-19
11.6423 	0.853745 	0.038907 	3.41602 	-4.32865e-19
11.7124 	0.82208 	0.0432982 	3.42774 	4.18864e-19
11.7826 	0.82208 	0.0432982 	3.42774 	4.18864e-19
11.8527 	0.82208 	0.0432982 	3.42774 	4.18864e-19
11.9228 	0.82208 	0.0432982 	3.42774 	4.18864e-19
11.993 	0.82208 	0.0432982 	3.42774 	4.18864e-19
12.0631 	0.82208 	0.0432982 	3.42774 	4.18864e-19
12.1332 	0.789404 	0.0593952 	3.43462 	0
12.2034 	0.789404 	0.0593952 	3.43462 	0
12.2735 	0.789404 	0.0593952 	3.43462 	0
12.3437 	0.789404 	0.0593952 	3.43462 	0
12.4138 	0.789404 	0.0593952 	3.43462 	0
12.4839 	0.789404 	0.0593952 	3.43462 	0
12.5541 	0.789404 	0.0593952 	3.43462 	0
12.6242 	0.755037 	0.0678783 	3.44708 	-1.1809e-20
12.6943 	0.755037 	0.0678783 	3.44708 	-1.1809e-20
12.7645 	0.755037 	0.0678783 	3.44708 	-1.1809e-20
12.8346 	0.755037 	0.0678783 	3.44708 	-1.1809e-20
12.9047 	0.755037 	0.0678783 	3.44708 	-1.1809e-20
12.9749 	0.755037 	0.0678783 	3.44708 	-1.1809e-20
13.045 	0.718042 	0.0910277 	3.45485 	1.18884e-20
13.1151 	0.718042 	0.0910277 	3.45485 	1.18884e-20
13.1853 	0.718042 	0.0910277 	3.45485 	1.18884e-20
13.2554 	0.718042 	0.0910277 	3.45485 	1.18884e-20
13.3255 	0.718042 	0.0910277 	3.45485 	1.18884e-20
13.3957 	0.718042 	0.0910277 	3.45485 	1.18884e-20
13.4658 	0.718042 	0.0910277 	3.45485 	1.18884e-20
13.5359 	0.678248 	0.104426 	3.46855 	0
13.6061 	0.678248 	0.104426 	3.46855 	0
13.6762 	0.678248 	0.104426 	3.46855 	0
13.7463 	0.678248 	0.104426 	3.46855 	0
13.8165 	0.678248 	0.104426 	3.46855 	0
13.8866 	0.678248 	0.104426 	3.46855 	0
13.9567 	0.636009 	0.149208 	3.48084 	8.08304e-22
14.0269 	0.636009 	0.149208 	3.48084 	8.08304e-22
14.097 	0.636009 	0.149208 	3.48084 	8.08304e-22
14.1671 	0.636009 	0.149208 	3.48084 	8.08304e-22
14.2373 	0.636009 	0.149208 	3.48084 	8.08304e-22
14.3074 	0.636009 	0.149208 	3.48084 	8.08304e-22
14.3776 	0.617378 	0.147617 	3.48481 	1.24649e-19
14.4477 	0.51962 	0.150136 	3.51157 	-1.80616e-20
14.5178 	0.51962 	0.150136 	3.51157 	-1.80616e-20
14.588 	0.51962 	0.150136 	3.51157 	-1.80616e-20
14.6581 	0.538965 	0.163298 	3.50468 	0
14.7282 	0.538965 	0.163298 	3.50468 	0
14.7984 	0.456919 	0.177776 	3.52821 	-1.86616e-19
14.8685 	0.48687 	0.20077 	3.51828 	-1.87327e-19
14.9386 	0.48687 	0.20077 	3.51828 	-1.87327e-19
15.0088 	0.48687 	0.20077 	3.51828 	-1.87327e-19
15.0789 	0.48687 	0.20077 	3.51828 	-1.87327e-19
15.149 	0.524208 	0.217706 	3.50758 	1.86085e-19
15.2192 	0.429556 	0.234609 	3.54169 	1.6021e-19
15.2893 	0.429556 	0.234609 	3.54169 	1.6021e-19
15.3594 	0.429556 	0.234609 	3.54169 	1.6021e-19
15.4296 	0.466788 	0.255051 	3.52112 	-5.3254e-19
15.4997 	0.466788 	0.255051 	3.52112 	-5.3254e-19
15.5698 	0.372744 	0.27047 	3.5496 	2.82786e-19
15.64 	0.372744 	0.27047 	3.5496 	2.82786e-19
15.7101 	0.372744 	0.27047 	3.5496 	2.82786e-19
15.7802 	0.414384 	0.288459 	3.5417 	-4.68671e-19
15.8504 	0.414384 	0.288459 	3.5417 	-4.68671e-19
15.9205 	0.320603 	0.307529 	3.55772 	-1.3326e-19
15.9906 	0.320603 	0.307529 	3.55772 	-1.3326e-19
16.0608 	0.320603 	0.307529 	3.55772 	-1.3326e-19
16.1309 	0.372571 	0.332094 	3.53815 	0
16.201 	0.372571 	0.332094 	3.53815 	0
16.2712 	0.279172 	0.345348 	3.57036 	0
16.3413 	0.279172 	0.345348 	3.57036 	0
16.4114 	0.279172 	0.345348 	3.57036 	0
16.4816 	0.279172 	0.345348 	3.57036 	0
16.5517 	0.347695 	0.361547 	3.54819 	-1.88931e-19
16.6219 	0.259303 	0.395773 	3.56735 	5.45268e-20
16.692 	0.259303 	0.395773 	3.56735 	5.45268e-20
16.7621 	0.259303 	0.395773 	3.56735 	5.45268e-20
16.8323 	0.259303 	0.395773 	3.56735 	5.45268e-20
16.9024 	0.259303 	0.395773 	3.56735 	5.45268e-20
16.9725 	0.266071 	0.435517 	3.56038 	0
17.0427 	0.266071 	0.435517 	3.56038 	0
17.1128 	0.266071 	0.435517 	3.56038 	0
17.1829 	0.266071 	0.435517 	3.56038 	0
17.2531 	0.190718 	0.462714 	3.57937 	0
17.3232 	0.190718 	0.462714 	3.57937 	0
17.3933 	0.190718 	0.462714 	3.57937 	0
17.4635 	0.292014 	0.487598 	3.56084 	1.7342e-19
17.5336 	0.292014 	0.487598 	3.56084 	1.7342e-19
17.6037 	0.225913 	0.507228 	3.56914 	0
17.6739 	0.225913 	0.507228 	3.56914 	0
17.744 	0.225913 	0.507228 	3.56914 	0
17.8141 	0.225913 	0.507228 	3.56914 	0
17.8843 	0.225913 	0.507228 	3.56914 	0
17.9544 	0.267718 	0.562885 	3.55844 	1.50902e-19
18.0245 	0.267718 	0.562885 	3.55844 	1.50902e-19
18.0947 	0.267718 	0.562885 	3.55844 	1.50902e-19
18.1648 	0.267718 	0.562885 	3.55844 	1.50902e-19
18.2349 	0.213546 	0.577523 	3.56868 	-2.21157e-19
18.3051 	0.213546 	0.577523 	3.56868 	-2.21157e-19
18.3752 	0.213546 	0.577523 	3.56868 	-2.21157e-19
18.4453 	0.213546 	0.577523 	3.56868 	-2.21157e-19
18.5155 	0.213546 	0.577523 	3.56868 	-2.21157e-19
18.5856 	0.252433 	0.618795 	3.55069 	-3.18338e-19
18.6557 	0.252433 	0.618795 	3.55069 	-3.18338e-19
18.7259 	0.252433 	0.618795 	3.55069 	-3.18338e-19
18.796 	0.252433 	0.618795 	3.55069 	-3.18338e-19
18.8662 	0.201552 	0.63607 	3.56198 	2.64589e-19
18.9363 	0.201552 	0.63607 	3.56198 	2.64589e-19
19.0064 	0.201552 	0.63607 	3.56198 	2.64589e-19
19.0766 	0.201552 	0.63607 	3.56198 	2.64589e-19
19.1467 	0.201552 	0.63607 	3.56198 	2.64589e-19
19.2168 	0.153382 	0.66097 	3.57874 	4.37942e-20
19.287 	0.243477 	0.659849 	3.53563 	1.81526e-19
19.3571 	0.243477 	0.659849 	3.53563 	1.81526e-19
19.4272 	0.243477 	0.659849 	3.53563 	1.81526e-19
19.4974 	0.243477 	0.659849 	3.53563 	1.81526e-19
19.5675 	0.194377 	0.680831 	3.55002 	3.40117e-20
19.6376 	0.194377 	0.680831 	3.55002 	3.40117e-20
19.7078 	0.194377 	0.680831 	3.55002 	3.40117e-20
19.7779 	0.194377 	0.680831 	3.55002 	3.40117e-20
19.848 	0.194377 	0.680831 	3.55002 	3.40117e-20
19.9182 	0.147185 	0.708961 	3.56807 	-7.55731e-20
19.9883 	0.147185 	0.708961 	3.56807 	-7.55731e-20
20.0584 	0.238663 	0.684497 	3.5003 	0
20.1286 	0.238663 	0.684497 	3.5003 	0
20.1987 	0.238663 	0.684497 	3.5003 	0
20.2688 	0.189135 	0.709638 	3.52648 	5.73025e-20
20.339 	0.189135 	0.709638 	3.52648 	5.73025e-20
20.4091 	0.189135 	0.709638 	3.52648 	5.73025e-20
20.4792 	0.189135 	0.709638 	3.52648 	5.73025e-20
20.5494 	0.189135 	0.709638 	3.52648 	5.73025e-20
20.6195 	0.140704 	0.742012 	3.55109 	-2.78278e-20
20.6896 	0.140704 	0.742012 	3.55109 	-2.78278e-20
20.7598 	0.140704 	0.742012 	3.55109 	-2.78278e-20
20.8299 	0.140704 	0.742012 	3.55109 	-2.78278e-20
20.9 	0.232436 	0.691641 	3.39607 	3.19268e-19
20.9702 	0.182849 	0.720268 	3.45492 	1.24841e-19
21.0403 	0.182849 	0.720268 	3.45492 	1.24841e-19
21.1105 	0.182849 	0.720268 	3.45492 	1.24841e-19
21.1806 	0.182849 	0.720268 	3.45492 	1.24841e-19
21.2507 	0.182849 	0.720268 	3.45492 	1.24841e-19
21.3209 	0.135993 	0.755776 	3.50174 	-8.73694e-20
21.391 	0.135993 	0.755776 	3.50174 	-8.73694e-20
21.4611 	0.135993 	0.755776 	3.50174 	-8.73694e-20
21.5313 	0.135993 	0.755776 	3.50174 	-8.73694e-20
21.6014 	0.135993 	0.755776 	3.50174 	-8.73694e-20
21.6715 	0.135993 	0.755776 	3.50174 	-8.73694e-20
21.7417 	0.0926463 	0.778573 	3.5278 	1.09341e-20
21.8118 	0.0926463 	0.778573 	3.5278 	1.09341e-20
21.8819 	0.0926463 	0.778573 	3.5278 	1.09341e-20
21.9521 	0.169937 	0.711666 	3.26153 	4.37148e-20
22.0222 	0.169937 	0.711666 	3.26153 	4.37148e-20
22.0923 	0.132333 	0.748676 	3.35332 	1.19941e-19
22.1625 	0.132333 	0.748676 	3.35332 	1.19941e-19
22.2326 	0.132333 	0.748676 	3.35332 	1.19941e-19
22.3027 	0.132333 	0.748676 	3.35332 	1.19941e-19
22.3729 	0.132333 	0.748676 	3.35332 	1.19941e-19
22.443 	0.132333 	0.748676 	3.35332 	1.19941e-19
22.5131 	0.0907101 	0.777222 	3.42079 	-3.68777e-20
22.5833 	0.0907101 	0.777222 	3.42079 	-3.68777e-20
22.6534 	0.0907101 	0.777222 	3.42079 	-3.68777e-20
22.7235 	0.0907101 	0.777222 	3.42079 	-3.68777e-20
22.7937 	0.0907101 	0.777222 	3.42079 	-3.68777e-20
22.8638 	0.0474253 	0.809558 	3.47267 	-5.5512e-20
22.9339 	0.0474253 	0.809558 	3.47267 	-5.5512e-20
23.0041 	0.0474253 	0.809558 	3.47267 	-5.5512e-20
23.0742 	0.0882045 	0.702347 	2.93402 	9.66547e-20
23.1443 	0.0882045 	0.702347 	2.93402 	9.66547e-20
23.2145 	0.0882045 	0.702347 	2.93402 	9.66547e-20
23.2846 	0.053771 	0.74316 	3.09492 	5.0972e-21
23.3548 	0.053771 	0.74316 	3.09492 	5.0972e-21
23.4249 	0.053771 	0.74316 	3.09492 	5.0972e-21
23.495 	0.053771 	0.74316 	3.09492 	5.0972e-21
23.5652 	0.053771 	0.74316 	3.09492 	5.0972e-21
23.6353 	0.053771 	0.74316 	3.09492 	5.0972e-21
23.7054 	0.0216498 	0.774583 	3.20375 	9.96901e-21
23.7756 	0.0216498 	0.774583 	3.20375 	9.96901e-21
23.8457 	0.0216498 	0.774583 	3.20375 	9.96901e-21
23.9158 	0.0216498 	0.774583 	3.20375 	9.96901e-21
23.986 	0.0216498 	0.774583 	3.20375 	9.96901e-21
24.0561 	0.0216498 	0.774583 	3.20375 	9.96901e-21
24.1262 	-0.0116503 	0.806952 	3.29764 	0
24.1964 	-0.0116503 	0.806952 	3.29764 	0
24.2665 	-0.0116503 	0.806952 	3.29764 	0
24.3366 	-0.0116503 	0.806952 	3.29764 	0
24.4068 	-0.0116503 	0.806952 	3.29764 	0
24.4769 	0.000165353 	0.65974 	2.49623 	1.31455e-20
24.547 	0.000165353 	0.65974 	2.49623 	1.31455e-20
24.6172 	-0.0346065 	0.680649 	2.59432 	-4.76112e-20
24.6873 	-0.0346065 	0.680649 	2.59432 	-4.76112e-20
24.7574 	-0.0346065 	0.680649 	2.59432 	-4.76112e-20
24.8276 	-0.0346065 	0.680649 	2.59432 	-4.76112e-20
24.8977 	-0.0346065 	0.680649 	2.59432 	-4.76112e-20
24.9678 	-0.0346065 	0.680649 	2.59432 	-4.76112e-20
25.038 	-0.0673241 	0.726124 	2.78069 	1.34544e-20
25.1081 	-0.0673241 	0.726124 	2.78069 	1.34544e-20
25.1782 	-0.0673241 	0.726124 	2.78069 	1.34544e-20
25.2484 	-0.0673241 	0.726124 	2.78069 	1.34544e-20
25.3185 	-0.0673241 	0.726124 	2.78069 	1.34544e-20
25.3886 	-0.0673241 	0.726124 	2.78069 	1.34544e-20
25.4588 	-0.0980602 	0.747095 	2.86187 	0
25.5289 	-0.0980602 	0.747095 	2.86187 	0
25.5991 	-0.0980602 	0.747095 	2.86187 	0
25.6692 	-0.0980602 	0.747095 	2.86187 	0
25.7393 	-0.0980602 	0.747095 	2.86187 	0
25.8095 	-0.0980602 	0.747095 	2.86187 	0
25.8796 	-0.0980602 	0.747095 	2.86187 	0
25.9497 	-0.127932 	0.786881 	3.01105 	-8.81141e-20
26.0199 	-0.127932 	0.786881 	3.01105 	-8.81141e-20
26.09 	-0.112043 	0.613855 	2.13385 	-6.79759e-20
26.1601 	-0.112043 	0.613855 	2.13385 	-6.79759e-20
26.2303 	-0.112043 	0.613855 	2.13385 	-6.79759e-20
26.3004 	-0.112043 	0.613855 	2.13385 	-6.79759e-20
26.3705 	-0.112043 	0.613855 	2.13385 	-6.79759e-20
26.4407 	-0.141986 	0.629995 	2.1834 	1.79317e-19
26.5108 	-0.141986 	0.629995 	2.1834 	1.79317e-19
26.5809 	-0.141986 	0.629995 	2.1834 	1.79317e-19
26.6511 	-0.141986 	0.629995 	2.1834 	1.79317e-19
26.7212 	-0.141986 	0.629995 	2.1834 	1.79317e-19
26.7913 	-0.141986 	0.629995 	2.1834 	1.79317e-19
26.8615 	-0.141986 	0.629995 	2.1834 	1.79317e-19
26.9316 	-0.171582 	0.656847 	2.29994 	-1.22566e-19
27.0017 	-0.171582 	0.656847 	2.29994 	-1.22566e-19
27.0719 	-0.171582 	0.656847 	2.29994 	-1.22566e-19
27.142 	-0.171582 	0.656847 	2.29994 	-1.22566e-19
27.2121 	-0.171582 	0.656847 	2.29994 	-1.22566e-19
27.2823 	-0.171582 	0.656847 	2.29994 	-1.22566e-19
27.3524 	-0.201483 	0.672238 	2.3439 	-4.8821e-20
27.4225 	-0.201483 	0.672238 	2.3439 	-4.8821e-20
27.4927 	-0.201483 	0.672238 	2.3439 	-4.8821e-20
27.5628 	-0.201483 	0.672238 	2.3439 	-4.8821e-20
27.6329 	-0.201483 	0.672238 	2.3439 	-4.8821e-20
27.7031 	-0.201483 	0.672238 	2.3439 	-4.8821e-20
27.7732 	-0.201483 	0.672238 	2.3439 	-4.8821e-20
27.8434 	-0.201483 	0.672238 	2.3439 	-4.8821e-20
27.9135 	-0.228916 	0.698125 	2.44679 	-5.81798e-20
27.9836 	-0.228916 	0.698125 	2.44679 	-5.81798e-20
28.0538 	-0.228916 	0.698125 	2.44679 	-5.81798e-20
28.1239 	-0.228916 	0.698125 	2.44679 	-5.81798e-20
28.194 	-0.228916 	0.698125 	2.44679 	-5.81798e-20
28.2642 	-0.228916 	0.698125 	2.44679 	-5.81798e-20
28.3343 	-0.239847 	0.555527 	1.85316 	6.62475e-20
28.4044 	-0.268194 	0.55951 	1.8729 	-1.15016e-19
28.4746 	-0.268194 	0.55951 	1.8729 	-1.15016e-19
28.5447 	-0.268194 	0.55951 	1.8729 	-1.15016e-19
28.6148 	-0.268194 	0.55951 	1.8729 	-1.15016e-19
28.685 	-0.268194 	0.55951 	1.8729 	-1.15016e-19
28.7551 	-0.268194 	0.55951 	1.8729 	-1.15016e-19
28.8252 	-0.268194 	0.55951 	1.8729 	-1.15016e-19
28.8954 	-0.268194 	0.55951 	1.8729 	-1.15016e-19
28.9655 	-0.296382 	0.568552 	1.91834 	-1.40833e-19
29.0356 	-0.296382 	0.568552 	1.91834 	-1.40833e-19
29.1058 	-0.296382 	0.568552 	1.91834 	-1.40833e-19
29.1759 	-0.296382 	0.568552 	1.91834 	-1.40833e-19
29.246 	-0.296382 	0.568552 	1.91834 	-1.40833e-19
29.3162 	-0.296382 	0.568552 	1.91834 	-1.40833e-19
29.3863 	-0.296382 	0.568552 	1.91834 	-1.40833e-19
29.4564 	-0.325357 	0.570282 	1.929 	1.32422e-19
29.5266 	-0.325357 	0.570282 	1.929 	1.32422e-19
29.5967 	-0.325357 	0.570282 	1.929 	1.32422e-19
29.6668 	-0.325357 	0.570282 	1.929 	1.32422e-19
29.737 	-0.325357 	0.570282 	1.929 	1.32422e-19
29.8071 	-0.325357 	0.570282 	1.929 	1.32422e-19
29.8773 	-0.325357 	0.570282 	1.929 	1.32422e-19
29.9474 	-0.325357 	0.570282 	1.929 	1.32422e-19
30.0175 	-0.354313 	0.575387 	1.95186 	-1.43627e-19
30.0877 	-0.354313 	0.575387 	1.95186 	-1.43627e-19
30.1578 	-0.354313 	0.575387 	1.95186 	-1.43627e-19
30.2279 	-0.354313 	0.575387 	1.95186 	-1.43627e-19
30.2981 	-0.354313 	0.575387 	1.95186 	-1.43627e-19
30.3682 	-0.354313 	0.575387 	1.95186 	-1.43627e-19
30.4383 	-0.354313 	0.575387 	1.95186 	-1.43627e-19
30.5085 	-0.354313 	0.575387 	1.95186 	-1.43627e-19
30.5786 	-0.380249 	0.575225 	1.94526 	2.57689e-19
30.6487 	-0.380249 	0.575225 	1.94526 	2.57689e-19
30.7189 	-0.380249 	0.575225 	1.94526 	2.57689e-19
30.789 	-0.380249 	0.575225 	1.94526 	2.57689e-19
30.8591 	-0.380249 	0.575225 	1.94526 	2.57689e-19
30.9293 	-0.380249 	0.575225 	1.94526 	2.57689e-19
30.9994 	-0.380249 	0.575225 	1.94526 	2.57689e-19
31.0695 	-0.380249 	0.575225 	1.94526 	2.57689e-19
31.1397 	-0.396633 	0.576545 	1.94776 	-1.40612e-19
31.2098 	-0.396633 	0.576545 	1.94776 	-1.40612e-19
31.2799 	-0.396633 	0.576545 	1.94776 	-1.40612e-19
31.3501 	-0.396633 	0.576545 	1.94776 	-1.40612e-19
31.4202 	-0.396633 	0.576545 	1.94776 	-1.40612e-19
31.4903 	-0.396633 	0.576545 	1.94776 	-1.40612e-19
31.5605 	-0.400901 	0.529521 	1.74062 	2.27673e-19
31.6306 	-0.400901 	0.529521 	1.74062 	2.27673e-19
31.7007 	-0.416629 	0.528461 	1.73898 	-7.32083e-20
31.7709 	-0.416629 	0.528461 	1.73898 	-7.32083e-20
31.841 	-0.416629 	0.528461 	1.73898 	-7.32083e-20
31.9111 	-0.416629 	0.528461 	1.73898 	-7.32083e-20
31.9813 	-0.416629 	0.528461 	1.73898 	-7.32083e-20
32.0514 	-0.416629 	0.528461 	1.73898 	-7.32083e-20
32.1216 	-0.416629 	0.528461 	1.73898 	-7.32083e-20
32.1917 	-0.416629 	0.528461 	1.73898 	-7.32083e-20
32.2618 	-0.416629 	0.528461 	1.73898 	-7.32083e-20
32.332 	-0.426046 	0.525773 	1.73892 	0
32.4021 	-0.426046 	0.525773 	1.73892 	0
32.4722 	-0.426046 	0.525773 	1.73892 	0
32.5424 	-0.426046 	0.525773 	1.73892 	0
32.6125 	-0.426046 	0.525773 	1.73892 	0
32.6826 	-0.426046 	0.525773 	1.73892 	0
32.7528 	-0.426046 	0.525773 	1.73892 	0
32.8229 	-0.426046 	0.525773 	1.73892 	0
32.893 	-0.426046 	0.525773 	1.73892 	0
32.9632 	-0.43036 	0.517196 	1.73075 	0
33.0333 	-0.43036 	0.517196 	1.73075 	0
33.1034 	-0.43036 	0.517196 	1.73075 	0
33.1736 	-0.43036 	0.517196 	1.73075 	0
33.2437 	-0.43036 	0.517196 	1.73075 	0
33.3138 	-0.43036 	0.517196 	1.73075 	0
33.384 	-0.43036 	0.517196 	1.73075 	0
33.4541 	-0.43036 	0.517196 	1.73075 	0
33.5242 	-0.43036 	0.517196 	1.73075 	0
33.5944 	-0.429738 	0.508926 	1.72487 	3.88878e-20
33.6645 	-0.429738 	0.508926 	1.72487 	3.88878e-20
33.7346 	-0.429738 	0.508926 	1.72487 	3.88878e-20
33.8048 	-0.429738 	0.508926 	1.72487 	3.88878e-20
33.8749 	-0.429738 	0.508926 	1.72487 	3.88878e-20
33.945 	-0.429738 	0.508926 	1.72487 	3.88878e-20
34.0152 	-0.429738 	0.508926 	1.72487 	3.88878e-20
34.0853 	-0.429738 	0.508926 	1.72487 	3.88878e-20
34.1554 	-0.429738 	0.508926 	1.72487 	3.88878e-20
34.2256 	-0.426106 	0.496239 	1.71814 	-3.517e-20
34.2957 	-0.426106 	0.496239 	1.71814 	-3.517e-20
34.3659 	-0.426106 	0.496239 	1.71814 	-3.517e-20
34.436 	-0.426106 	0.496239 	1.71814 	-3.517e-20
34.5061 	-0.426106 	0.496239 	1.71814 	-3.517e-20
34.5763 	-0.426106 	0.496239 	1.71814 	-3.517e-20
34.6464 	-0.426106 	0.496239 	1.71814 	-3.517e-20
34.7165 	-0.426106 	0.496239 	1.71814 	-3.517e-20
34.7867 	-0.426106 	0.496239 	1.71814 	-3.517e-20
34.8568 	-0.426106 	0.496239 	1.71814 	-3.517e-20
34.9269 	-0.420483 	0.483528 	1.71445 	6.91495e-20
34.9971 	-0.420483 	0.483528 	1.71445 	6.91495e-20
35.0672 	-0.420483 	0.483528 	1.71445 	6.91495e-20
35.1373 	-0.420483 	0.483528 	1.71445 	6.91495e-20
35.2075 	-0.420483 	0.483528 	1.71445 	6.91495e-20
35.2776 	-0.420483 	0.483528 	1.71445 	6.91495e-20
35.3477 	-0.420483 	0.483528 	1.71445 	6.91495e-20
35.4179 	-0.420483 	0.483528 	1.71445 	6.91495e-20
35.488 	-0.420483 	0.483528 	1.71445 	6.91495e-20
35.5581 	-0.420483 	0.483528 	1.71445 	6.91495e-20
35.6283 	-0.409379 	0.469059 	1.70626 	-1.64157e-20
35.6984 	-0.409379 	0.469059 	1.70626 	-1.64157e-20
35.7685 	-0.409379 	0.469059 	1.70626 	-1.64157e-20
35.8387 	-0.409379 	0.469059 	1.70626 	-1.64157e-20
35.9088 	-0.409379 	0.469059 	1.70626 	-1.64157e-20
35.9789 	-0.409379 	0.469059 	1.70626 	-1.64157e-20
36.0491 	-0.409379 	0.469059 	1.70626 	-1.64157e-20
36.1192 	-0.409379 	0.469059 	1.70626 	-1.64157e-20
36.1893 	-0.409379 	0.469059 	1.70626 	-1.64157e-20
36.2595 	-0.409379 	0.469059 	1.70626 	-1.64157e-20
36.3296 	-0.390165 	0.456523 	1.69633 	1.5125e-20
36.3997 	-0.390165 	0.456523 	1.69633 	1.5125e-20
36.4699 	-0.390165 	0.456523 	1.69633 	1.5125e-20
36.54 	-0.390165 	0.456523 	1.69633 	1.5125e-20
36.6102 	-0.390165 	0.456523 	1.69633 	1.5125e-20
36.6803 	-0.390165 	0.456523 	1.69633 	1.5125e-20
36.7504 	-0.390165 	0.456523 	1.69633 	1.5125e-20
36.8206 	-0.390165 	0.456523 	1.69633 	1.5125e-20
36.8907 	-0.390165 	0.456523 	1.69633 	1.5125e-20
36.9608 	-0.390165 	0.456523 	1.69633 	1.5125e-20
37.031 	-0.390165 	0.456523 	1.69633 	1.5125e-20
37.1011 	-0.365874 	0.444196 	1.68663 	0
37.1712 	-0.365874 	0.444196 	1.68663 	0
37.2414 	-0.365874 	0.444196 	1.68663 	0
37.3115 	-0.365874 	0.444196 	1.68663 	0
37.3816 	-0.365874 	0.444196 	1.68663 	0
37.4518 	-0.365874 	0.444196 	1.68663 	0
37.5219 	-0.365874 	0.444196 	1.68663 	0
37.592 	-0.365874 	0.444196 	1.68663 	0
37.6622 	-0.339324 	0.427212 	1.67364 	0
37.7323 	-0.339324 	0.427212 	1.67364 	0
37.8024 	-0.339324 	0.427212 	1.67364 	0
37.8726 	-0.339324 	0.427212 	1.67364 	0
37.9427 	-0.339324 	0.427212 	1.67364 	0
38.0128 	-0.339324 	0.427212 	1.67364 	0
38.083 	-0.339324 	0.427212 	1.67364 	0
38.1531 	-0.339324 	0.427212 	1.67364 	0
38.2232 	-0.339324 	0.427212 	1.67364 	0
38.2934 	-0.3113 	0.404279 	1.66066 	0
38.3635 	-0.3113 	0.404279 	1.66066 	0
38.4336 	-0.3113 	0.404279 	1.66066 	0
38.5038 	-0.3113 	0.404279 	1.66066 	0
38.5739 	-0.3113 	0.404279 	1.66066 	0
38.644 	-0.3113 	0.404279 	1.66066 	0
38.7142 	-0.3113 	0.404279 	1.66066 	0
38.7843 	-0.3113 	0.404279 	1.66066 	0
38.8545 	-0.3113 	0.404279 	1.66066 	0
38.9246 	-0.283774 	0.378374 	1.64825 	0
38.9947 	-0.283774 	0.378374 	1.64825 	0
39.0649 	-0.283774 	0.378374 	1.64825 	0
39.135 	-0.283774 	0.378374 	1.64825 	0
39.2051 	-0.283774 	0.378374 	1.64825 	0
39.2753 	-0.283774 	0.378374 	1.64825 	0
39.3454 	-0.283774 	0.378374 	1.64825 	0
39.4155 	-0.283774 	0.378374 	1.64825 	0
39.4857 	-0.283774 	0.378374 	1.64825 	0
39.5558 	-0.258159 	0.349775 	1.63703 	0
39.6259 	-0.258159 	0.349775 	1.63703 	0
39.6961 	-0.258159 	0.349775 	1.63703 	0
39.7662 	-0.258159 	0.349775 	1.63703 	0
39.8363 	-0.258159 	0.349775 	1.63703 	0
39.9065 	-0.258159 	0.349775 	1.63703 	0
39.9766 	-0.258159 	0.349775 	1.63703 	0
40.0467 	-0.258159 	0.349775 	1.63703 	0
40.1169 	-0.237335 	0.320186 	1.6288 	0
40.187 	-0.237335 	0.320186 	1.6288 	0
40.2571 	-0.237335 	0.320186 	1.6288 	0
40.3273 	-0.237335 	0.320186 	1.6288 	0
40.3974 	-0.237335 	0.320186 	1.6288 	0
40.4675 	-0.237335 	0.320186 	1.6288 	0
40.5377 	-0.237335 	0.320186 	1.6288 	0
40.6078 	-0.237335 	0.320186 	1.6288 	0
40.6779 	-0.237335 	0.320186 	1.6288 	0
40.7481 	-0.222867 	0.29138 	1.62454 	0
40.8182 	-0.222867 	0.29138 	1.62454 	0
40.8883 	-0.222867 	0.29138 	1.62454 	0
40.9585 	-0.222867 	0.29138 	1.62454 	0
41.0286 	-0.222867 	0.29138 	1.62454 	0
41.0988 	-0.222867 	0.29138 	1.62454 	0
41.1689 	-0.222867 	0.29138 	1.62454 	0
41.239 	-0.222867 	0.29138 	1.62454 	0
41.3092 	-0.222867 	0.29138 	1.62454 	0
41.3793 	-0.213247 	0.263664 	1.62255 	0
41.4494 	-0.213247 	0.263664 	1.62255 	0
41.5196 	-0.213247 	0.263664 	1.62255 	0
41.5897 	-0.213247 	0.263664 	1.62255 	0
41.6598 	-0.213247 	0.263664 	1.62255 	0
41.73 	-0.213247 	0.263664 	1.62255 	0
41.8001 	-0.213247 	0.263664 	1.62255 	0
41.8702 	-0.213247 	0.263664 	1.62255 	0
41.9404 	-0.213247 	0.263664 	1.62255 	0
42.0105 	-0.206345 	0.236476 	1.62095 	0
42.0806 	-0.206345 	0.236476 	1.62095 	0
42.1508 	-0.206345 	0.236476 	1.62095 	0
42.2209 	-0.206345 	0.236476 	1.62095 	0
42.291 	-0.206345 	0.236476 	1.62095 	0
42.3612 	-0.206345 	0.236476 	1.62095 	0
42.4313 	-0.206345 	0.236476 	1.62095 	0
42.5014 	-0.206345 	0.236476 	1.62095 	0
42.5716 	-0.206345 	0.236476 	1.62095 	0
42.6417 	-0.200919 	0.209572 	1.61875 	0
42.7118 	-0.200919 	0.209572 	1.61875 	0
42.782 	-0.200919 	0.209572 	1.61875 	0
42.8521 	-0.200919 	0.209572 	1.61875 	0
42.9222 	-0.200919 	0.209572 	1.61875 	0
42.9924 	-0.200919 	0.209572 	1.61875 	0
43.0625 	-0.200919 	0.209572 	1.61875 	0
43.1327 	-0.200919 	0.209572 	1.61875 	0
43.2028 	-0.196243 	0.182675 	1.61547 	0
43.2729 	-0.196243 	0.182675 	1.61547 	0
43.3431 	-0.196243 	0.182675 	1.61547 	0
43.4132 	-0.196243 	0.182675 	1.61547 	0
43.4833 	-0.196243 	0.182675 	1.61547 	0
43.5535 	-0.196243 	0.182675 	1.61547 	0
43.6236 	-0.196243 	0.182675 	1.61547 	0
43.6937 	-0.196243 	0.182675 	1.61547 	0
43.7639 	-0.196243 	0.182675 	1.61547 	0
43.834 	-0.191941 	0.155564 	1.61098 	0
43.9041 	-0.191941 	0.155564 	1.61098 	0
43.9743 	-0.191941 	0.155564 	1.61098 	0
44.0444 	-0.191941 	0.155564 	1.61098 	0
44.1145 	-0.191941 	0.155564 	1.61098 	0
44.1847 	-0.191941 	0.155564 	1.61098 	0
44.2548 	-0.191941 	0.155564 	1.61098 	0
44.3249 	-0.191941 	0.155564 	1.61098 	0
44.3951 	-0.191941 	0.155564 	1.61098 	0
44.4652 	-0.187997 	0.128642 	1.60541 	0
44.5353 	-0.187997 	0.128642 	1.60541 	0
44.6055 	-0.187997 	0.128642 	1.60541 	0
44.6756 	-0.187997 	0.128642 	1.60541 	0
44.7457 	-0.187997 	0.128642 	1.60541 	0
44.8159 	-0.187997 	0.128642 	1.60541 	0
44.886 	-0.187997 	0.128642 	1.60541 	0
44.9561 	-0.187997 	0.128642 	1.60541 	0
45.0263 	-0.187997 	0.128642 	1.60541 	0
45.0964 	-0.184341 	0.102289 	1.59874 	0
45.1665 	-0.184341 	0.102289 	1.59874 	0
45.2367 	-0.184341 	0.102289 	1.59874 	0
45.3068 	-0.184341 	0.102289 	1.59874 	0
45.377 	-0.184341 	0.102289 	1.59874 	0
45.4471 	-0.184341 	0.102289 	1.59874 	0
45.5172 	-0.184341 	0.102289 	1.59874 	0
45.5874 	-0.184341 	0.102289 	1.59874 	0
45.6575 	-0.180619 	0.0769249 	1.59087 	0
45.7276 	-0.180619 	0.0769249 	1.59087 	0
45.7978 	-0.180619 	0.0769249 	1.59087 	0
45.8679 	-0.180619 	0.0769249 	1.59087 	0
45.938 	-0.180619 	0.0769249 	1.59087 	0
46.0082 	-0.180619 	0.0769249 	1.59087 	0
46.0783 	-0.180619 	0.0769249 	1.59087 	0
46.1484 	-0.180619 	0.0769249 	1.59087 	0
46.2186 	-0.180619 	0.0769249 	1.59087 	0
46.2887 	-0.176193 	0.0528046 	1.58185 	0
46.3588 	-0.176193 	0.0528046 	1.58185 	0
46.429 	-0.176193 	0.0528046 	1.58185 	0
46.4991 	-0.176193 	0.0528046 	1.58185 	0
46.5692 	-0.176193 	0.0528046 	1.58185 	0
46.6394 	-0.176193 	0.0528046 	1.58185 	0
46.7095 	-0.176193 	0.0528046 	1.58185 	0
46.7796 	-0.136335 	0.0603109 	1.54632 	0
46.8498 	-0.136335 	0.0603109 	1.54632 	0
46.9199 	-0.134469 	0.0405348 	1.53717 	0
46.99 	-0.134469 	0.0405348 	1.53717 	0
47.0602 	-0.134469 	0.0405348 	1.53717 	0
47.1303 	-0.134469 	0.0405348 	1.53717 	0
47.2004 	-0.134469 	0.0405348 	1.53717 	0
47.2706 	-0.134469 	0.0405348 	1.53717 	0
47.3407 	-0.134469 	0.0405348 	1.53717 	0
47.4108 	-0.134469 	0.0405348 	1.53717 	0
47.481 	-0.134469 	0.0405348 	1.53717 	0
47.5511 	-0.130013 	0.0216448 	1.52656 	0
47.6213 	-0.130013 	0.0216448 	1.52656 	0
47.6914 	-0.130013 	0.0216448 	1.52656 	0
47.7615 	-0.130013 	0.0216448 	1.52656 	0
47.8317 	-0.130013 	0.0216448 	1.52656 	0
47.9018 	-0.130013 	0.0216448 	1.52656 	0
47.9719 	-0.130013 	0.0216448 	1.52656 	0
48.0421 	-0.130013 	0.0216448 	1.52656 	0
48.1122 	-0.130013 	0.0216448 	1.52656 	0
48.1823 	-0.123352 	0.00362825 	1.51495 	0
48.2525 	-0.123352 	0.00362825 	1.51495 	0
48.3226 	-0.123352 	0.00362825 	1.51495 	0
48.3927 	-0.123352 	0.00362825 	1.51495 	0
48.4629 	-0.123352 	0.00362825 	1.51495 	0
48.533 	-0.123352 	0.00362825 	1.51495 	0
48.6031 	-0.123352 	0.00362825 	1.51495 	0
48.6733 	-0.123352 	0.00362825 	1.51495 	0
48.7434 	-0.115222 	-0.0128947 	1.5034 	0
48.8135 	-0.115222 	-0.0128947 	1.5034 	0
48.8837 	-0.115222 	-0.0128947 	1.5034 	0
48.9538 	-0.115222 	-0.0128947 	1.5034 	0
49.0239 	-0.115222 	-0.0128947 	1.5034 	0
49.0941 	-0.115222 	-0.0128947 	1.5034 	0
49.1642 	-0.115222 	-0.0128947 	1.5034 	0
49.2343 	-0.115222 	-0.0128947 	1.5034 	0
49.3045 	-0.115222 	-0.0128947 	1.5034 	0
49.3746 	-0.106238 	-0.026927 	1.49262 	0
49.4447 	-0.106238 	-0.026927 	1.49262 	0
49.5149 	-0.106238 	-0.026927 	1.49262 	0
49.585 	-0.106238 	-0.026927 	1.49262 	0
49.6551 	-0.106238 	-0.026927 	1.49262 	0
49.7253 	-0.106238 	-0.026927 	1.49262 	0
49.7954 	-0.106238 	-0.026927 	1.49262 	0
49.8656 	-0.106238 	-0.026927 	1.49262 	0
49.9357 	-0.106238 	-0.026927 	1.49262 	0
50.0058 	-0.0962834 	-0.0383818 	1.48281 	0
50.076 	-0.0962834 	-0.0383818 	1.48281 	0
50.1461 	-0.0962834 	-0.0383818 	1.48281 	0
50.2162 	-0.0962834 	-0.0383818 	1.48281 	0
50.2864 	-0.0962834 	-0.0383818 	1.48281 	0
50.3565 	-0.0962834 	-0.0383818 	1.48281 	0
50.4266 	-0.0962834 	-0.0383818 	1.48281 	0
50.4968 	-0.0962834 	-0.0383818 	1.48281 	0
50.5669 	-0.0962834 	-0.0383818 	1.48281 	0
50.637 	-0.0848852 	-0.0477393 	1.47342 	0
50.7072 	-0.0848852 	-0.0477393 	1.47342 	0
50.7773 	-0.0848852 	-0.0477393 	1.47342 	0
50.8474 	-0.0848852 	-0.0477393 	1.47342 	0
50.9176 	-0.0848852 	-0.0477393 	1.47342 	0
50.9877 	-0.0848852 	-0.0477393 	1.47342 	0
51.0578 	-0.0848852 	-0.0477393 	1.47342 	0
51.128 	-0.0848852 	-0.0477393 	1.47342 	0
51.1981 	-0.0848852 	-0.0477393 	1.47342 	0
51.2682 	-0.0722137 	-0.0552335 	1.4646 	0
51.3384 	-0.0722137 	-0.0552335 	1.4646 	0
51.4085 	-0.0722137 	-0.0552335 	1.4646 	0
51.4786 	-0.0722137 	-0.0552335 	1.4646 	0
51.5488 	-0.0722137 	-0.0552335 	1.4646 	0
51.6189 	-0.0722137 	-0.0552335 	1.4646 	0
51.689 	-0.0722137 	-0.0552335 	1.4646 	0
51.7592 	-0.0722137 	-0.0552335 	1.4646 	0
51.8293 	-0.0592617 	-0.0606026 	1.45709 	0
51.8994 	-0.0592617 	-0.0606026 	1.45709 	0
51.9696 	-0.0592617 	-0.0606026 	1.45709 	0
52.0397 	-0.0592617 	-0.0606026 	1.45709 	0
52.1099 	-0.0592617 	-0.0606026 	1.45709 	0
52.18 	-0.0592617 	-0.0606026 	1.45709 	0
52.2501 	-0.0592617 	-0.0606026 	1.45709 	0
52.3203 	-0.0592617 	-0.0606026 	1.45709 	0
52.3904 	-0.0592617 	-0.0606026 	1.45709 	0
52.4605 	-0.0468625 	-0.0635711 	1.45143 	0
52.5307 	-0.0468625 	-0.0635711 	1.45143 	0
52.6008 	-0.0468625 	-0.0635711 	1.45143 	0
52.6709 	-0.0468625 	-0.0635711 	1.45143 	0
52.7411 	-0.0468625 	-0.0635711 	1.45143 	0
52.8112 	-0.0468625 	-0.0635711 	1.45143 	0
52.8813 	-0.0468625 	-0.0635711 	1.45143 	0
52.9515 	-0.0468625 	-0.0635711 	1.45143 	0
53.0216 	-0.0468625 	-0.0635711 	1.45143 	0
53.0917 	-0.0351664 	-0.0648696 	1.44737 	0
53.1619 	-0.0351664 	-0.0648696 	1.44737 	0
53.232 	-0.0351664 	-0.0648696 	1.44737 	0
53.3021 	-0.0351664 	-0.0648696 	1.44737 	0
53.3723 	-0.0351664 	-0.0648696 	1.44737 	0
53.4424 	-0.0351664 	-0.0648696 	1.44737 	0
53.5125 	-0.0351664 	-0.0648696 	1.44737 	0
53.5827 	-0.0351664 	-0.0648696 	1.44737 	0
53.6528 	-0.0351664 	-0.0648696 	1.44737 	0
53.7229 	-0.0240987 	-0.0642686 	1.44433 	0
53.7931 	-0.0240987 	-0.0642686 	1.44433 	0
53.8632 	-0.0240987 	-0.0642686 	1.44433 	0
53.9333 	-0.0240987 	-0.0642686 	1.44433 	0
54.0035 	-0.0240987 	-0.0642686 	1.44433 	0
54.0736 	-0.0240987 	-0.0642686 	1.44433 	0
54.1437 	-0.0240987 	-0.0642686 	1.44433 	0
54.2139 	-0.0240987 	-0.0642686 	1.44433 	0
54.284 	-0.0137621 	-0.0625621 	1.44206 	0
54.3542 	-0.0137621 	-0.0625621 	1.44206 	0
54.4243 	-0.0137621 	-0.0625621 	1.44206 	0
54.4944 	-0.0137621 	-0.0625621 	1.44206 	0
54.5646 	-0.0137621 	-0.0625621 	1.44206 	0
54.6347 	-0.0137621 	-0.0625621 	1.44206 	0
54.7048 	-0.0137621 	-0.0625621 	1.44206 	0
54.775 	-0.0137621 	-0.0625621 	1.44206 	0
54.8451 	-0.0137621 	-0.0625621 	1.44206 	0
54.9152 	-0.00431101 	-0.0591385 	1.44077 	0
54.9854 	-0.00431101 	-0.0591385 	1.44077 	0
55.0555 	-0.00431101 	-0.0591385 	1.44077 	0
55.1256 	-0.00431101 	-0.0591385 	1.44077 	0
55.1958 	-0.00431101 	-0.0591385 	1.44077 	0
55.2659 	-0.00431101 	-0.0591385 	1.44077 	0
55.336 	-0.00431101 	-0.0591385 	1.44077 	0
55.4062 	-0.00431101 	-0.0591385 	1.44077 	0
55.4763 	-0.00431101 	-0.0591385 	1.44077 	0
55.5464 	0.00334188 	-0.0549792 	1.44003 	0
55.6166 	0.00334188 	-0.0549792 	1.44003 	0
55.6867 	0.00334188 	-0.0549792 	1.44003 	0
55.7568 	0.00334188 	-0.0549792 	1.44003 	0
55.827 	0.00334188 	-0.0549792 	1.44003 	0
55.8971 	0.00334188 	-0.0549792 	1.44003 	0
55.9672 	0.00334188 	-0.0549792 	1.44003 	0
56.0374 	0.00334188 	-0.0549792 	1.44003 	0
56.1075 	0.00334188 	-0.0549792 	1.44003 	0
56.1776 	0.0092896 	-0.0496498 	1.43977 	0
56.2478 	0.0092896 	-0.0496498 	1.43977 	0
56.3179 	0.0092896 	-0.0496498 	1.43977 	0
56.3881 	0.0092896 	-0.0496498 	1.43977 	0
56.4582 	0.0092896 	-0.0496498 	1.43977 	0
56.5283 	0.0092896 	-0.0496498 	1.43977 	0
56.5985 	0.0092896 	-0.0496498 	1.43977 	0
56.6686 	0.0092896 	-0.0496498 	1.43977 	0
56.7387 	0.0092896 	-0.0496498 	1.43977 	0
56.8089 	0.0135636 	-0.0440498 	1.43944 	0
56.879 	0.0135636 	-0.0440498 	1.43944 	0
56.9491 	0.0135636 	-0.0440498 	1.43944 	0
57.0193 	0.0135636 	-0.0440498 	1.43944 	0
57.0894 	0.0135636 	-0.0440498 	1.43944 	0
57.1595 	0.0135636 	-0.0440498 	1.43944 	0
57.2297 	0.0135636 	-0.0440498 	1.43944 	0
57.2998 	0.0135636 	-0.0440498 	1.43944 	0
57.3699 	0.0162514 	-0.0377228 	1.43901 	0
57.4401 	0.0162514 	-0.0377228 	1.43901 	0
57.5102 	0.0162514 	-0.0377228 	1.43901 	0
57.5803 	0.0162514 	-0.0377228 	1.43901 	0
57.6505 	0.0162514 	-0.0377228 	1.43901 	0
57.7206 	0.0162514 	-0.0377228 	1.43901 	0
57.7907 	0.0162514 	-0.0377228 	1.43901 	0
57.8609 	0.0162514 	-0.0377228 	1.43901 	0
57.931 	0.0162514 	-0.0377228 	1.43901 	0
58.0011 	0.0173747 	-0.0318748 	1.43807 	0
58.0713 	0.0173747 	-0.0318748 	1.43807 	0
58.1414 	0.0173747 	-0.0318748 	1.43807 	0
58.2115 	0.0173747 	-0.0318748 	1.43807 	0
58.2817 	0.0173747 	-0.0318748 	1.43807 	0
58.3518 	0.0173747 	-0.0318748 	1.43807 	0
58.4219 	0.0173747 	-0.0318748 	1.43807 	0
58.4921 	0.0173747 	-0.0318748 	1.43807 	0
58.5622 	0.0173747 	-0.0318748 	1.43807 	0
58.6324 	0.0170497 	-0.0255636 	1.43687 	0
58.7025 	0.0170497 	-0.0255636 	1.43687 	0
58.7726 	0.0170497 	-0.0255636 	1.43687 	0
58.8428 	0.0170497 	-0.0255636 	1.43687 	0
58.9129 	0.0170497 	-0.0255636 	1.43687 	0
58.983 	0.0170497 	-0.0255636 	1.43687 	0
59.0532 	0.0170497 	-0.0255636 	1.43687 	0
59.1233 	0.0170497 	-0.0255636 	1.43687 	0
59.1934 	0.0170497 	-0.0255636 	1.43687 	0
59.2636 	0.0154951 	-0.0201371 	1.43479 	0
59.3337 	0.0154951 	-0.0201371 	1.43479 	0
59.4038 	0.0154951 	-0.0201371 	1.43479 	0
59.474 	0.0154951 	-0.0201371 	1.43479 	0
59.5441 	0.0154951 	-0.0201371 	1.43479 	0
59.6142 	0.0154951 	-0.0201371 	1.43479 	0
59.6844 	0.0154951 	-0.0201371 	1.43479 	0
59.7545 	0.0154951 	-0.0201371 	1.43479 	0
59.8246 	0.0129114 	-0.0149667 	1.43274 	0
59.8948 	0.0129114 	-0.0149667 	1.43274 	0
59.9649 	0.0129114 	-0.0149667 	1.43274 	0
60.035 	0.0129114 	-0.0149667 	1.43274 	0
60.1052 	0.0129114 	-0.0149667 	1.43274 	0
60.1753 	0.0129114 	-0.0149667 	1.43274 	0
60.2454 	0.0129114 	-0.0149667 	1.43274 	0
60.3156 	0.0129114 	-0.0149667 	1.43274 	0
60.3857 	0.0129114 	-0.0149667 	1.43274 	0
60.4558 	0.00960788 	-0.0110494 	1.42988 	0
60.526 	0.00960788 	-0.0110494 	1.42988 	0
60.5961 	0.00960788 	-0.0110494 	1.42988 	0
60.6662 	0.00960788 	-0.0110494 	1.42988 	0
60.7364 	0.00960788 	-0.0110494 	1.42988 	0
60.8065 	0.00960788 	-0.0110494 	1.42988 	0
60.8767 	0.00960788 	-0.0110494 	1.42988 	0
60.9468 	0.00960788 	-0.0110494 	1.42988 	0
61.0169 	0.00960788 	-0.0110494 	1.42988 	0
61.0871 	0.00586182 	-0.00790983 	1.4271 	0
61.1572 	0.00586182 	-0.00790983 	1.4271 	0
61.2273 	0.00586182 	-0.00790983 	1.4271 	0
61.2975 	0.00586182 	-0.00790983 	1.4271 	0
61.3676 	0.00586182 	-0.00790983 	1.4271 	0
61.4377 	0.00586182 	-0.00790983 	1.4271 	0
61.5079 	0.00586182 	-0.00790983 	1.4271 	0
61.578 	0.00586182 	-0.00790983 	1.4271 	0
61.6481 	0.00586182 	-0.00790983 	1.4271 	0
61.7183 	0.00188356 	-0.00608528 	1.42384 	0
61.7884 	0.00188356 	-0.00608528 	1.42384 	0
61.8585 	0.00188356 	-0.00608528 	1.42384 	0
61.9287 	0.00188356 	-0.00608528 	1.42384 	0
61.9988 	0.00188356 	-0.00608528 	1.42384 	0
62.0689 	0.00188356 	-0.00608528 	1.42384 	0
62.1391 	0.00188356 	-0.00608528 	1.42384 	0
62.2092 	0.00188356 	-0.00608528 	1.42384 	0
62.2793 	0.00188356 	-0.00608528 	1.42384 	0
62.3495 	-0.00197413 	-0.0051693 	1.42113 	0
62.4196 	-0.00197413 	-0.0051693 	1.42113 	0
62.4897 	-0.00197413 	-0.0051693 	1.42113 	0
62.5599 	-0.00197413 	-0.0051693 	1.42113 	0
62.63 	-0.00197413 	-0.0051693 	1.42113 	0
62.7001 	-0.00197413 	-0.0051693 	1.42113 	0
62.7703 	-0.00197413 	-0.0051693 	1.42113 	0
62.8404 	-0.00197413 	-0.0051693 	1.42113 	0
62.9105 	-0.00552385 	-0.0057151 	1.41832 	0
62.9807 	-0.00552385 	-0.0057151 	1.41832 	0
63.0508 	-0.00552385 	-0.0057151 	1.41832 	0
63.121 	-0.00552385 	-0.0057151 	1.41832 	0
63.1911 	-0.00552385 	-0.0057151 	1.41832 	0
63.2612 	-0.00552385 	-0.0057151 	1.41832 	0
63.3314 	-0.00552385 	-0.0057151 	1.41832 	0
63.4015 	-0.00552385 	-0.0057151 	1.41832 	0
63.4716 	-0.00552385 	-0.0057151 	1.41832 	0
63.5418 	-0.00846999 	-0.00718585 	1.41674 	0
63.6119 	-0.00846999 	-0.00718585 	1.41674 	0
63.682 	-0.00846999 	-0.00718585 	1.41674 	0
63.7522 	-0.00846999 	-0.00718585 	1.41674 	0
63.8223 	-0.00846999 	-0.00718585 	1.41674 	0
63.8924 	-0.00846999 	-0.00718585 	1.41674 	0
63.9626 	-0.00846999 	-0.00718585 	1.41674 	0
64.0327 	-0.00846999 	-0.00718585 	1.41674 	0
64.1028 	-0.00846999 	-0.00718585 	1.41674 	0
64.173 	-0.0106682 	-0.0095842 	1.41551 	0
64.2431 	-0.0106682 	-0.0095842 	1.41551 	0
64.3132 	-0.0106682 	-0.0095842 	1.41551 	0
64.3834 	-0.0106682 	-0.0095842 	1.41551 	0
64.4535 	-0.0106682 	-0.0095842 	1.41551 	0
64.5236 	-0.0106682 	-0.0095842 	1.41551 	0
64.5938 	-0.0106682 	-0.0095842 	1.41551 	0
64.6639 	-0.0106682 	-0.0095842 	1.41551 	0
64.734 	-0.0106682 	-0.0095842 	1.41551 	0
64.8042 	-0.011944 	-0.0124319 	1.41549 	0
64.8743 	-0.011944 	-0.0124319 	1.41549 	0
64.9444 	-0.011944 	-0.0124319 	1.41549 	0
65.0146 	-0.011944 	-0.0124319 	1.41549 	0
65.0847 	-0.011944 	-0.0124319 	1.41549 	0
65.1548 	-0.011944 	-0.0124319 	1.41549 	0
65.225 	-0.011944 	-0.0124319 	1.41549 	0
65.2951 	-0.0188077 	-0.0140027 	1.43055 	0
65.3653 	-0.0188077 	-0.0140027 	1.43055 	0
65.4354 	-0.01887 	-0.0182775 	1.43168 	0
65.5055 	-0.01887 	-0.0182775 	1.43168 	0
65.5757 	-0.01887 	-0.0182775 	1.43168 	0
65.6458 	-0.01887 	-0.0182775 	1.43168 	0
65.7159 	-0.01887 	-0.0182775 	1.43168 	0
65.7861 	-0.01887 	-0.0182775 	1.43168 	0
65.8562 	-0.01887 	-0.0182775 	1.43168 	0
65.9263 	-0.01887 	-0.0182775 	1.43168 	0
65.9965 	-0.0177027 	-0.0224436 	1.43228 	0
66.0666 	-0.0177027 	-0.0224436 	1.43228 	0
66.1367 	-0.0177027 	-0.0224436 	1.43228 	0
66.2069 	-0.0177027 	-0.0224436 	1.43228 	0
66.277 	-0.0177027 	-0.0224436 	1.43228 	0
66.3471 	-0.0177027 	-0.0224436 	1.43228 	0
66.4173 	-0.0177027 	-0.0224436 	1.43228 	0
66.4874 	-0.0177027 	-0.0224436 	1.43228 	0
66.5575 	-0.0177027 	-0.0224436 	1.43228 	0
66.6277 	-0.0152532 	-0.0276855 	1.43628 	0
66.6978 	-0.0152532 	-0.0276855 	1.43628 	0
66.7679 	-0.0152532 	-0.0276855 	1.43628 	0
66.8381 	-0.0152532 	-0.0276855 	1.43628 	0
66.9082 	-0.0152532 	-0.0276855 	1.43628 	0
66.9783 	-0.0152532 	-0.0276855 	1.43628 	0
67.0485 	-0.0152532 	-0.0276855 	1.43628 	0
67.1186 	-0.0152532 	-0.0276855 	1.43628 	0
67.1887 	-0.0152532 	-0.0276855 	1.43628 	0
67.2589 	-0.0115619 	-0.0285437 	1.43976 	0
67.329 	-0.0115619 	-0.0285437 	1.43976 	0
67.3991 	-0.0115619 	-0.0285437 	1.43976 	0
67.4693 	-0.0115619 	-0.0285437 	1.43976 	0
67.5394 	-0.0115619 	-0.0285437 	1.43976 	0
67.6096 	-0.0115619 	-0.0285437 	1.43976 	0
67.6797 	-0.0115619 	-0.0285437 	1.43976 	0
67.7498 	-0.0115619 	-0.0285437 	1.43976 	0
67.82 	-0.0115619 	-0.0285437 	1.43976 	0
67.8901 	-0.00737022 	-0.0328883 	1.44435 	0
67.9602 	-0.00737022 	-0.0328883 	1.44435 	0
68.0304 	-0.00737022 	-0.0328883 	1.44435 	0
68.1005 	-0.00737022 	-0.0328883 	1.44435 	0
68.1706 	-0.00737022 	-0.0328883 	1.44435 	0
68.2408 	-0.00737022 	-0.0328883 	1.44435 	0
68.3109 	-0.00737022 	-0.0328883 	1.44435 	0
68.381 	-0.00737022 	-0.0328883 	1.44435 	0
68.4512 	-0.00225827 	-0.0309518 	1.45239 	0
68.5213 	-0.00225827 	-0.0309518 	1.45239 	0
68.5914 	-0.00225827 	-0.0309518 	1.45239 	0
68.6616 	-0.00225827 	-0.0309518 	1.45239 	0
68.7317 	-0.00225827 	-0.0309518 	1.45239 	0
68.8018 	-0.00225827 	-0.0309518 	1.45239 	0
68.872 	-0.00225827 	-0.0309518 	1.45239 	0
68.9421 	-0.00225827 	-0.0309518 	1.45239 	0
69.0122 	-0.00225827 	-0.0309518 	1.45239 	0
