0.490941 	1.11666 	0.00611395 	3.00276 	0
0.561075 	1.11666 	0.00611395 	3.00276 	0
0.63121 	1.11666 	0.00611395 	3.00276 	0
0.701344 	1.11666 	0.00611395 	3.00276 	0
0.771478 	1.11666 	0.00611395 	3.00276 	0
0.841613 	1.11666 	0.00611395 	3.00276 	0
0.911747 	1.11666 	0.00611395 	3.00276 	0
0.981881 	1.11666 	0.00611395 	3.00276 	0
1.05202 	1.11666 	0.00611395 	3.00276 	0
1.12215 	1.11666 	0.00611395 	3.00276 	0
1.19228 	1.11666 	0.00611395 	3.00276 	0
1.26242 	1.09051 	0.0114981 	3.00803 	0
1.33255 	1.09051 	0.0114981 	3.00803 	0
1.40269 	1.09051 	0.0114981 	3.00803 	0
1.47282 	1.09051 	0.0114981 	3.00803 	0
1.54296 	1.09051 	0.0114981 	3.00803 	0
1.61309 	1.09051 	0.0114981 	3.00803 	0
1.68323 	1.09051 	0.0114981 	3.00803 	0
1.75336 	1.09051 	0.0114981 	3.00803 	0
1.82349 	1.04061 	0.0148754 	3.02378 	3.99228e-19
1.89363 	1.04061 	0.0148754 	3.02378 	3.99228e-19
1.96376 	1.04061 	0.0148754 	3.02378 	3.99228e-19
2.0339 	1.04061 	0.0148754 	3.02378 	3.99228e-19
2.10403 	1.04061 	0.0148754 	3.02378 	3.99228e-19
2.17417 	1.04061 	0.0148754 	3.02378 	3.99228e-19
2.2443 	1.04061 	0.0148754 	3.02378 	3.99228e-19
2.31443 	1.04061 	0.0148754 	3.02378 	3.99228e-19
2.38457 	1.04061 	0.0148754 	3.02378 	3.99228e-19
2.4547 	1.04061 	0.0148754 	3.02378 	3.99228e-19
2.52484 	1.04061 	0.0148754 	3.02378 	3.99228e-19
2.59497 	1.00607 	0.00740155 	3.03689 	-6.31915e-19
2.66511 	1.00607 	0.00740155 	3.03689 	-6.31915e-19
2.73524 	1.00607 	0.00740155 	3.03689 	-6.31915e-19
2.80538 	1.00607 	0.00740155 	3.03689 	-6.31915e-19
2.87551 	1.00607 	0.00740155 	3.03689 	-6.31915e-19
2.94564 	1.00607 	0.00740155 	3.03689 	-6.31915e-19
3.01578 	1.00607 	0.00740155 	3.03689 	-6.31915e-19
3.08591 	1.00607 	0.00740155 	3.03689 	-6.31915e-19
3.15605 	1.00607 	0.00740155 	3.03689 	-6.31915e-19
3.22618 	1.00607 	0.00740155 	3.03689 	-6.31915e-19
3.29632 	0.973761 	0.0201984 	3.04329 	6.37155e-19
3.36645 	0.973761 	0.0201984 	3.04329 	6.37155e-19
3.43659 	0.973761 	0.0201984 	3.04329 	6.37155e-19
3.50672 	0.973761 	0.0201984 	3.04329 	6.37155e-19
3.57685 	0.973761 	0.0201984 	3.04329 	6.37155e-19
3.64699 	0.973761 	0.0201984 	3.04329 	6.37155e-19
3.71712 	0.973761 	0.0201984 	3.04329 	6.37155e-19
3.78726 	0.973761 	0.0201984 	3.04329 	6.37155e-19
3.85739 	0.973761 	0.0201984 	3.04329 	6.37155e-19
3.92753 	0.973761 	0.0201984 	3.04329 	6.37155e-19
3.99766 	0.973761 	0.0201984 	3.04329 	6.37155e-19
4.06779 	0.955539 	0.00357676 	3.05032 	-1.79305e-20
4.13793 	0.955539 	0.00357676 	3.05032 	-1.79305e-20
4.20806 	0.955539 	0.00357676 	3.05032 	-1.79305e-20
4.2782 	0.955539 	0.00357676 	3.05032 	-1.79305e-20
4.34833 	0.955539 	0.00357676 	3.05032 	-1.79305e-20
4.41847 	0.955539 	0.00357676 	3.05032 	-1.79305e-20
4.4886 	0.93061 	0.0166617 	3.05762 	0
4.55874 	0.93061 	0.0166617 	3.05762 	0
4.62887 	0.93061 	0.0166617 	3.05762 	0
4.699 	0.93061 	0.0166617 	3.05762 	0
4.76914 	0.93061 	0.0166617 	3.05762 	0
4.83927 	0.93061 	0.0166617 	3.05762 	0
4.90941 	0.93061 	0.0166617 	3.05762 	0
4.97954 	0.93061 	0.0166617 	3.05762 	0
5.04968 	0.93061 	0.0166617 	3.05762 	0
5.11981 	0.93061 	0.0166617 	3.05762 	0
5.18994 	0.908202 	0.00578194 	3.06496 	-8.46571e-21
5.26008 	0.908202 	0.00578194 	3.06496 	-8.46571e-21
5.33021 	0.908202 	0.00578194 	3.06496 	-8.46571e-21
5.40035 	0.908202 	0.00578194 	3.06496 	-8.46571e-21
5.47048 	0.908202 	0.00578194 	3.06496 	-8.46571e-21
5.54062 	0.908202 	0.00578194 	3.06496 	-8.46571e-21
5.61075 	0.908202 	0.00578194 	3.06496 	-8.46571e-21
5.68089 	0.879564 	0.0113206 	3.07422 	0
5.75102 	0.879564 	0.0113206 	3.07422 	0
5.82115 	0.879564 	0.0113206 	3.07422 	0
5.89129 	0.879564 	0.0113206 	3.07422 	0
5.96142 	0.879564 	0.0113206 	3.07422 	0
6.03156 	0.879564 	0.0113206 	3.07422 	0
6.10169 	0.879564 	0.0113206 	3.07422 	0
6.17183 	0.879564 	0.0113206 	3.07422 	0
6.24196 	0.879564 	0.0113206 	3.07422 	0
6.3121 	0.850427 	0.0070194 	3.08233 	0
6.38223 	0.850427 	0.0070194 	3.08233 	0
6.45236 	0.850427 	0.0070194 	3.08233 	0
6.5225 	0.850427 	0.0070194 	3.08233 	0
6.59263 	0.850427 	0.0070194 	3.08233 	0
6.66277 	0.850427 	0.0070194 	3.08233 	0
6.7329 	0.850427 	0.0070194 	3.08233 	0
6.80304 	0.850427 	0.0070194 	3.08233 	0
6.87317 	0.824268 	0.00641342 	3.09179 	2.82909e-19
6.9433 	0.824268 	0.00641342 	3.09179 	2.82909e-19
7.01344 	0.824268 	0.00641342 	3.09179 	2.82909e-19
7.08357 	0.824268 	0.00641342 	3.09179 	2.82909e-19
7.15371 	0.824268 	0.00641342 	3.09179 	2.82909e-19
7.22384 	0.824268 	0.00641342 	3.09179 	2.82909e-19
7.29398 	0.824268 	0.00641342 	3.09179 	2.82909e-19
7.36411 	0.824268 	0.00641342 	3.09179 	2.82909e-19
7.43425 	0.824268 	0.00641342 	3.09179 	2.82909e-19
7.50438 	0.794131 	0.00840107 	3.09885 	-2.10049e-18
7.57451 	0.794131 	0.00840107 	3.09885 	-2.10049e-18
7.64465 	0.794131 	0.00840107 	3.09885 	-2.10049e-18
7.71478 	0.794131 	0.00840107 	3.09885 	-2.10049e-18
7.78492 	0.794131 	0.00840107 	3.09885 	-2.10049e-18
7.85505 	0.794131 	0.00840107 	3.09885 	-2.10049e-18
7.92519 	0.794131 	0.00840107 	3.09885 	-2.10049e-18
7.99532 	0.794131 	0.00840107 	3.09885 	-2.10049e-18
8.06545 	0.771576 	0.0015358 	3.10616 	2.11436e-18
8.13559 	0.771576 	0.0015358 	3.10616 	2.11436e-18
8.20572 	0.771576 	0.0015358 	3.10616 	2.11436e-18
8.27586 	0.771576 	0.0015358 	3.10616 	2.11436e-18
8.34599 	0.771576 	0.0015358 	3.10616 	2.11436e-18
8.41613 	0.771576 	0.0015358 	3.10616 	2.11436e-18
8.48626 	0.771576 	0.0015358 	3.10616 	2.11436e-18
8.5564 	0.771576 	0.0015358 	3.10616 	2.11436e-18
8.62653 	0.771576 	0.0015358 	3.10616 	2.11436e-18
8.69666 	0.739796 	0.0125468 	3.11888 	1.72076e-18
8.7668 	0.739796 	0.0125468 	3.11888 	1.72076e-18
8.83693 	0.739796 	0.0125468 	3.11888 	1.72076e-18
8.90707 	0.739796 	0.0125468 	3.11888 	1.72076e-18
8.9772 	0.739796 	0.0125468 	3.11888 	1.72076e-18
9.04734 	0.739796 	0.0125468 	3.11888 	1.72076e-18
9.11747 	0.739796 	0.0125468 	3.11888 	1.72076e-18
9.18761 	0.739796 	0.0125468 	3.11888 	1.72076e-18
9.25774 	0.711347 	0.00578309 	3.11811 	-1.5736e-18
9.32787 	0.711347 	0.00578309 	3.11811 	-1.5736e-18
9.39801 	0.711347 	0.00578309 	3.11811 	-1.5736e-18
9.46814 	0.711347 	0.00578309 	3.11811 	-1.5736e-18
9.53828 	0.711347 	0.00578309 	3.11811 	-1.5736e-18
9.60841 	0.711347 	0.00578309 	3.11811 	-1.5736e-18
9.67855 	0.711347 	0.00578309 	3.11811 	-1.5736e-18
9.74868 	0.711347 	0.00578309 	3.11811 	-1.5736e-18
9.81881 	0.694303 	0.0168936 	3.12945 	-5.37424e-19
9.88895 	0.694303 	0.0168936 	3.12945 	-5.37424e-19
9.95908 	0.694303 	0.0168936 	3.12945 	-5.37424e-19
10.0292 	0.694303 	0.0168936 	3.12945 	-5.37424e-19
10.0994 	0.694303 	0.0168936 	3.12945 	-5.37424e-19
10.1695 	0.694303 	0.0168936 	3.12945 	-5.37424e-19
10.2396 	0.694303 	0.0168936 	3.12945 	-5.37424e-19
10.3098 	0.694303 	0.0168936 	3.12945 	-5.37424e-19
10.3799 	0.694303 	0.0168936 	3.12945 	-5.37424e-19
10.45 	0.694303 	0.0168936 	3.12945 	-5.37424e-19
10.5202 	0.694303 	0.0168936 	3.12945 	-5.37424e-19
10.5903 	0.694303 	0.0168936 	3.12945 	-5.37424e-19
10.6604 	0.714129 	0.014632 	3.12557 	7.90985e-19
10.7306 	0.663636 	0.0341544 	3.13967 	0
10.8007 	0.663636 	0.0341544 	3.13967 	0
10.8708 	0.663636 	0.0341544 	3.13967 	0
10.941 	0.663636 	0.0341544 	3.13967 	0
11.0111 	0.663636 	0.0341544 	3.13967 	0
11.0812 	0.663636 	0.0341544 	3.13967 	0
11.1514 	0.663636 	0.0341544 	3.13967 	0
11.2215 	0.663636 	0.0341544 	3.13967 	0
11.2916 	0.663636 	0.0341544 	3.13967 	0
11.3618 	0.663636 	0.0341544 	3.13967 	0
11.4319 	0.663636 	0.0341544 	3.13967 	0
11.502 	0.663636 	0.0341544 	3.13967 	0
11.5722 	0.663636 	0.0341544 	3.13967 	0
11.6423 	0.663636 	0.0341544 	3.13967 	0
11.7124 	0.671387 	0.0213186 	3.12997 	0
11.7826 	0.612245 	0.0737931 	3.15992 	8.92263e-19
11.8527 	0.612245 	0.0737931 	3.15992 	8.92263e-19
11.9228 	0.612245 	0.0737931 	3.15992 	8.92263e-19
11.993 	0.612245 	0.0737931 	3.15992 	8.92263e-19
12.0631 	0.612245 	0.0737931 	3.15992 	8.92263e-19
12.1332 	0.612245 	0.0737931 	3.15992 	8.92263e-19
12.2034 	0.518904 	0.0667465 	3.18485 	-4.40482e-19
12.2735 	0.518904 	0.0667465 	3.18485 	-4.40482e-19
12.3437 	0.518904 	0.0667465 	3.18485 	-4.40482e-19
12.4138 	0.518904 	0.0667465 	3.18485 	-4.40482e-19
12.4839 	0.518904 	0.0667465 	3.18485 	-4.40482e-19
12.5541 	0.518904 	0.0667465 	3.18485 	-4.40482e-19
12.6242 	0.518904 	0.0667465 	3.18485 	-4.40482e-19
12.6943 	0.518904 	0.0667465 	3.18485 	-4.40482e-19
12.7645 	0.518904 	0.0667465 	3.18485 	-4.40482e-19
12.8346 	0.407593 	0.0339052 	3.17663 	4.04554e-19
12.9047 	0.395149 	0.133421 	3.21945 	-1.94988e-19
12.9749 	0.395149 	0.133421 	3.21945 	-1.94988e-19
13.045 	0.395149 	0.133421 	3.21945 	-1.94988e-19
13.1151 	0.395149 	0.133421 	3.21945 	-1.94988e-19
13.1853 	0.395149 	0.133421 	3.21945 	-1.94988e-19
13.2554 	0.395149 	0.133421 	3.21945 	-1.94988e-19
13.3255 	0.395149 	0.133421 	3.21945 	-1.94988e-19
13.3957 	0.618703 	0.138263 	3.19189 	1.38755e-18
13.4658 	0.618703 	0.138263 	3.19189 	1.38755e-18
13.5359 	0.618703 	0.138263 	3.19189 	1.38755e-18
13.6061 	0.618703 	0.138263 	3.19189 	1.38755e-18
13.6762 	0.618703 	0.138263 	3.19189 	1.38755e-18
13.7463 	0.618703 	0.138263 	3.19189 	1.38755e-18
13.8165 	0.697064 	0.103686 	2.86431 	-1.14803e-18
13.8866 	0.914621 	0.127718 	2.9584 	5.27913e-19
13.9567 	0.914621 	0.127718 	2.9584 	5.27913e-19
14.0269 	0.333177 	0.238494 	3.03088 	-1.76815e-18
14.097 	0.333177 	0.238494 	3.03088 	-1.76815e-18
14.1671 	0.333177 	0.238494 	3.03088 	-1.76815e-18
14.2373 	0.333177 	0.238494 	3.03088 	-1.76815e-18
14.3074 	0.333177 	0.238494 	3.03088 	-1.76815e-18
14.3776 	0.333177 	0.238494 	3.03088 	-1.76815e-18
14.4477 	0.333177 	0.238494 	3.03088 	-1.76815e-18
14.5178 	0.333177 	0.238494 	3.03088 	-1.76815e-18
14.588 	0.333177 	0.238494 	3.03088 	-1.76815e-18
14.6581 	0.333177 	0.238494 	3.03088 	-1.76815e-18
14.7282 	0.333177 	0.238494 	3.03088 	-1.76815e-18
14.7984 	0.333177 	0.238494 	3.03088 	-1.76815e-18
14.8685 	0.333177 	0.238494 	3.03088 	-1.76815e-18
14.9386 	0.161251 	0.331496 	3.1889 	0
15.0088 	0.161251 	0.331496 	3.1889 	0
15.0789 	0.161251 	0.331496 	3.1889 	0
15.149 	0.161251 	0.331496 	3.1889 	0
15.2192 	0.161251 	0.331496 	3.1889 	0
15.2893 	-0.344258 	0.334895 	3.41328 	-2.1618e-19
15.3594 	-0.344258 	0.334895 	3.41328 	-2.1618e-19
15.4296 	-0.344258 	0.334895 	3.41328 	-2.1618e-19
15.4997 	-0.344258 	0.334895 	3.41328 	-2.1618e-19
15.5698 	-0.344258 	0.334895 	3.41328 	-2.1618e-19
15.64 	-0.344258 	0.334895 	3.41328 	-2.1618e-19
15.7101 	-0.831483 	0.38972 	3.4829 	0
15.7802 	-0.831483 	0.38972 	3.4829 	0
15.8504 	-0.720169 	0.640163 	3.53772 	1.25962e-18
15.9205 	-0.720169 	0.640163 	3.53772 	1.25962e-18
15.9906 	-0.720169 	0.640163 	3.53772 	1.25962e-18
16.0608 	-0.720169 	0.640163 	3.53772 	1.25962e-18
16.1309 	-0.720169 	0.640163 	3.53772 	1.25962e-18
16.201 	-0.720169 	0.640163 	3.53772 	1.25962e-18
16.2712 	-0.720169 	0.640163 	3.53772 	1.25962e-18
16.3413 	-0.720169 	0.640163 	3.53772 	1.25962e-18
16.4114 	-0.720169 	0.640163 	3.53772 	1.25962e-18
16.4816 	-0.720169 	0.640163 	3.53772 	1.25962e-18
16.5517 	-0.720169 	0.640163 	3.53772 	1.25962e-18
16.6219 	-0.720169 	0.640163 	3.53772 	1.25962e-18
16.692 	-0.720169 	0.640163 	3.53772 	1.25962e-18
16.7621 	-0.720169 	0.640163 	3.53772 	1.25962e-18
16.8323 	-0.264092 	0.861119 	3.10676 	6.98348e-20
16.9024 	-0.264092 	0.861119 	3.10676 	6.98348e-20
16.9725 	-0.264092 	0.861119 	3.10676 	6.98348e-20
17.0427 	-0.264092 	0.861119 	3.10676 	6.98348e-20
17.1128 	-0.264092 	0.861119 	3.10676 	6.98348e-20
17.1829 	-0.264092 	0.861119 	3.10676 	6.98348e-20
17.2531 	-0.264092 	0.861119 	3.10676 	6.98348e-20
17.3232 	-0.264092 	0.861119 	3.10676 	6.98348e-20
17.3933 	-0.264092 	0.861119 	3.10676 	6.98348e-20
17.4635 	-0.264092 	0.861119 	3.10676 	6.98348e-20
17.5336 	-0.164509 	0.906538 	3.02282 	-2.71638e-20
17.6037 	-0.164509 	0.906538 	3.02282 	-2.71638e-20
17.6739 	-0.164509 	0.906538 	3.02282 	-2.71638e-20
17.744 	-0.255196 	1.03545 	3.15227 	1.24514e-19
17.8141 	-0.255196 	1.03545 	3.15227 	1.24514e-19
17.8843 	-0.255196 	1.03545 	3.15227 	1.24514e-19
17.9544 	-0.255196 	1.03545 	3.15227 	1.24514e-19
18.0245 	-0.255196 	1.03545 	3.15227 	1.24514e-19
18.0947 	-0.255196 	1.03545 	3.15227 	1.24514e-19
18.1648 	-0.255196 	1.03545 	3.15227 	1.24514e-19
18.2349 	-0.255196 	1.03545 	3.15227 	1.24514e-19
18.3051 	-0.255196 	1.03545 	3.15227 	1.24514e-19
18.3752 	0.032185 	0.999719 	2.75055 	-9.47012e-20
18.4453 	0.032185 	0.999719 	2.75055 	-9.47012e-20
18.5155 	0.032185 	0.999719 	2.75055 	-9.47012e-20
18.5856 	0.032185 	0.999719 	2.75055 	-9.47012e-20
18.6557 	0.032185 	0.999719 	2.75055 	-9.47012e-20
18.7259 	0.032185 	0.999719 	2.75055 	-9.47012e-20
18.796 	0.032185 	0.999719 	2.75055 	-9.47012e-20
18.8662 	0.0888496 	1.04123 	2.8126 	-1.68465e-19
18.9363 	0.0888496 	1.04123 	2.8126 	-1.68465e-19
19.0064 	0.0888496 	1.04123 	2.8126 	-1.68465e-19
19.0766 	0.0888496 	1.04123 	2.8126 	-1.68465e-19
19.1467 	0.0888496 	1.04123 	2.8126 	-1.68465e-19
19.2168 	0.0888496 	1.04123 	2.8126 	-1.68465e-19
19.287 	0.0888496 	1.04123 	2.8126 	-1.68465e-19
19.3571 	0.0888496 	1.04123 	2.8126 	-1.68465e-19
19.4272 	0.0888496 	1.04123 	2.8126 	-1.68465e-19
19.4974 	0.0888496 	1.04123 	2.8126 	-1.68465e-19
19.5675 	0.0888496 	1.04123 	2.8126 	-1.68465e-19
19.6376 	0.0888496 	1.04123 	2.8126 	-1.68465e-19
19.7078 	0.0888496 	1.04123 	2.8126 	-1.68465e-19
19.7779 	0.2334 	0.985938 	2.43456 	-1.12999e-19
19.848 	0.2334 	0.985938 	2.43456 	-1.12999e-19
19.9182 	0.2334 	0.985938 	2.43456 	-1.12999e-19
19.9883 	0.2334 	0.985938 	2.43456 	-1.12999e-19
20.0584 	0.2334 	0.985938 	2.43456 	-1.12999e-19
20.1286 	0.2334 	0.985938 	2.43456 	-1.12999e-19
20.1987 	0.2334 	0.985938 	2.43456 	-1.12999e-19
20.2688 	0.226797 	0.993263 	2.42748 	2.99228e-19
20.339 	0.226797 	0.993263 	2.42748 	2.99228e-19
20.4091 	0.226797 	0.993263 	2.42748 	2.99228e-19
20.4792 	0.226797 	0.993263 	2.42748 	2.99228e-19
20.5494 	0.226797 	0.993263 	2.42748 	2.99228e-19
20.6195 	0.226797 	0.993263 	2.42748 	2.99228e-19
20.6896 	0.226797 	0.993263 	2.42748 	2.99228e-19
20.7598 	0.226797 	0.993263 	2.42748 	2.99228e-19
20.8299 	0.226797 	0.993263 	2.42748 	2.99228e-19
20.9 	0.226797 	0.993263 	2.42748 	2.99228e-19
20.9702 	0.226797 	0.993263 	2.42748 	2.99228e-19
21.0403 	0.226797 	0.993263 	2.42748 	2.99228e-19
21.1105 	0.226797 	0.993263 	2.42748 	2.99228e-19
21.1806 	0.226797 	0.993263 	2.42748 	2.99228e-19
21.2507 	0.226797 	0.993263 	2.42748 	2.99228e-19
21.3209 	0.226797 	0.993263 	2.42748 	2.99228e-19
21.391 	0.226797 	0.993263 	2.42748 	2.99228e-19
21.4611 	0.242525 	0.692397 	1.8857 	-4.10859e-19
21.5313 	0.242525 	0.692397 	1.8857 	-4.10859e-19
21.6014 	0.242525 	0.692397 	1.8857 	-4.10859e-19
21.6715 	0.13646 	0.602793 	1.37533 	-4.27015e-20
21.7417 	0.13646 	0.602793 	1.37533 	-4.27015e-20
21.8118 	0.13646 	0.602793 	1.37533 	-4.27015e-20
21.8819 	0.13646 	0.602793 	1.37533 	-4.27015e-20
21.9521 	0.13646 	0.602793 	1.37533 	-4.27015e-20
22.0222 	0.000383864 	0.928259 	2.32658 	1.028e-19
22.0923 	0.000383864 	0.928259 	2.32658 	1.028e-19
22.1625 	0.000383864 	0.928259 	2.32658 	1.028e-19
22.2326 	0.000383864 	0.928259 	2.32658 	1.028e-19
22.3027 	0.000383864 	0.928259 	2.32658 	1.028e-19
22.3729 	0.000383864 	0.928259 	2.32658 	1.028e-19
22.443 	0.000383864 	0.928259 	2.32658 	1.028e-19
22.5131 	0.000383864 	0.928259 	2.32658 	1.028e-19
22.5833 	0.000383864 	0.928259 	2.32658 	1.028e-19
22.6534 	0.000383864 	0.928259 	2.32658 	1.028e-19
22.7235 	0.000383864 	0.928259 	2.32658 	1.028e-19
22.7937 	0.000383864 	0.928259 	2.32658 	1.028e-19
22.8638 	0.000383864 	0.928259 	2.32658 	1.028e-19
22.9339 	0.000383864 	0.928259 	2.32658 	1.028e-19
23.0041 	0.000383864 	0.928259 	2.32658 	1.028e-19
23.0742 	0.000383864 	0.928259 	2.32658 	1.028e-19
23.1443 	0.000383864 	0.928259 	2.32658 	1.028e-19
23.2145 	0.000383864 	0.928259 	2.32658 	1.028e-19
23.2846 	0.000383864 	0.928259 	2.32658 	1.028e-19
23.3548 	0.000383864 	0.928259 	2.32658 	1.028e-19
23.4249 	0.000383864 	0.928259 	2.32658 	1.028e-19
23.495 	0.19143 	0.896112 	2.30625 	-8.39938e-20
23.5652 	0.19143 	0.896112 	2.30625 	-8.39938e-20
23.6353 	0.19143 	0.896112 	2.30625 	-8.39938e-20
23.7054 	0.19143 	0.896112 	2.30625 	-8.39938e-20
23.7756 	0.19143 	0.896112 	2.30625 	-8.39938e-20
23.8457 	0.19143 	0.896112 	2.30625 	-8.39938e-20
23.9158 	0.19143 	0.896112 	2.30625 	-8.39938e-20
23.986 	0.321135 	0.833232 	2.16068 	3.86921e-21
24.0561 	0.321135 	0.833232 	2.16068 	3.86921e-21
24.1262 	0.321135 	0.833232 	2.16068 	3.86921e-21
24.1964 	0.321135 	0.833232 	2.16068 	3.86921e-21
24.2665 	0.321135 	0.833232 	2.16068 	3.86921e-21
24.3366 	0.321135 	0.833232 	2.16068 	3.86921e-21
24.4068 	0.321135 	0.833232 	2.16068 	3.86921e-21
24.4769 	0.321135 	0.833232 	2.16068 	3.86921e-21
24.547 	0.321135 	0.833232 	2.16068 	3.86921e-21
24.6172 	0.321135 	0.833232 	2.16068 	3.86921e-21
24.6873 	0.321135 	0.833232 	2.16068 	3.86921e-21
24.7574 	0.321135 	0.833232 	2.16068 	3.86921e-21
24.8276 	0.321135 	0.833232 	2.16068 	3.86921e-21
24.8977 	0.321135 	0.833232 	2.16068 	3.86921e-21
24.9678 	0.321135 	0.833232 	2.16068 	3.86921e-21
25.038 	0.321135 	0.833232 	2.16068 	3.86921e-21
25.1081 	0.321135 	0.833232 	2.16068 	3.86921e-21
25.1782 	0.26826 	0.491444 	1.32684 	0
25.2484 	0.26826 	0.491444 	1.32684 	0
25.3185 	0.26826 	0.491444 	1.32684 	0
25.3886 	0.26826 	0.491444 	1.32684 	0
25.4588 	0.26826 	0.491444 	1.32684 	0
25.5289 	0.26826 	0.491444 	1.32684 	0
25.5991 	0.26826 	0.491444 	1.32684 	0
25.6692 	0.26826 	0.491444 	1.32684 	0
25.7393 	0.26826 	0.491444 	1.32684 	0
25.8095 	0.26826 	0.491444 	1.32684 	0
25.8796 	0.26826 	0.491444 	1.32684 	0
25.9497 	0.26826 	0.491444 	1.32684 	0
26.0199 	0.26826 	0.491444 	1.32684 	0
26.09 	0.26826 	0.491444 	1.32684 	0
26.1601 	0.26826 	0.491444 	1.32684 	0
26.2303 	0.173058 	0.496859 	1.35487 	-2.78102e-19
26.3004 	0.173058 	0.496859 	1.35487 	-2.78102e-19
26.3705 	0.173058 	0.496859 	1.35487 	-2.78102e-19
26.4407 	0.173058 	0.496859 	1.35487 	-2.78102e-19
26.5108 	0.173058 	0.496859 	1.35487 	-2.78102e-19
26.5809 	0.173058 	0.496859 	1.35487 	-2.78102e-19
26.6511 	0.173058 	0.496859 	1.35487 	-2.78102e-19
26.7212 	0.173058 	0.496859 	1.35487 	-2.78102e-19
26.7913 	0.173058 	0.496859 	1.35487 	-2.78102e-19
26.8615 	0.173058 	0.496859 	1.35487 	-2.78102e-19
26.9316 	0.173058 	0.496859 	1.35487 	-2.78102e-19
27.0017 	0.173058 	0.496859 	1.35487 	-2.78102e-19
27.0719 	0.173058 	0.496859 	1.35487 	-2.78102e-19
27.142 	0.173058 	0.496859 	1.35487 	-2.78102e-19
27.2121 	0.173058 	0.496859 	1.35487 	-2.78102e-19
27.2823 	0.173058 	0.496859 	1.35487 	-2.78102e-19
27.3524 	0.110019 	0.490503 	1.35494 	3.05649e-19
27.4225 	0.110019 	0.490503 	1.35494 	3.05649e-19
27.4927 	0.110019 	0.490503 	1.35494 	3.05649e-19
27.5628 	0.110019 	0.490503 	1.35494 	3.05649e-19
27.6329 	0.110019 	0.490503 	1.35494 	3.05649e-19
27.7031 	0.110019 	0.490503 	1.35494 	3.05649e-19
27.7732 	0.110019 	0.490503 	1.35494 	3.05649e-19
27.8434 	0.110019 	0.490503 	1.35494 	3.05649e-19
27.9135 	0.110019 	0.490503 	1.35494 	3.05649e-19
27.9836 	0.110019 	0.490503 	1.35494 	3.05649e-19
28.0538 	0.110019 	0.490503 	1.35494 	3.05649e-19
28.1239 	0.110019 	0.490503 	1.35494 	3.05649e-19
28.194 	0.110019 	0.490503 	1.35494 	3.05649e-19
28.2642 	0.110019 	0.490503 	1.35494 	3.05649e-19
28.3343 	0.110019 	0.490503 	1.35494 	3.05649e-19
28.4044 	0.110019 	0.490503 	1.35494 	3.05649e-19
28.4746 	0.110019 	0.490503 	1.35494 	3.05649e-19
28.5447 	0.110019 	0.490503 	1.35494 	3.05649e-19
28.6148 	0.110019 	0.490503 	1.35494 	3.05649e-19
28.685 	0.110019 	0.490503 	1.35494 	3.05649e-19
28.7551 	0.110019 	0.490503 	1.35494 	3.05649e-19
28.8252 	0.110019 	0.490503 	1.35494 	3.05649e-19
28.8954 	0.110019 	0.490503 	1.35494 	3.05649e-19
28.9655 	0.0591778 	0.436885 	1.28245 	7.82178e-21
29.0356 	0.0591778 	0.436885 	1.28245 	7.82178e-21
29.1058 	0.0591778 	0.436885 	1.28245 	7.82178e-21
29.1759 	0.0591778 	0.436885 	1.28245 	7.82178e-21
29.246 	0.0591778 	0.436885 	1.28245 	7.82178e-21
29.3162 	0.0591778 	0.436885 	1.28245 	7.82178e-21
29.3863 	0.0591778 	0.436885 	1.28245 	7.82178e-21
29.4564 	0.0591778 	0.436885 	1.28245 	7.82178e-21
29.5266 	0.0591778 	0.436885 	1.28245 	7.82178e-21
29.5967 	0.0591778 	0.436885 	1.28245 	7.82178e-21
29.6668 	0.0591778 	0.436885 	1.28245 	7.82178e-21
29.737 	0.0591778 	0.436885 	1.28245 	7.82178e-21
29.8071 	0.0591778 	0.436885 	1.28245 	7.82178e-21
29.8773 	0.0591778 	0.436885 	1.28245 	7.82178e-21
29.9474 	0.0591778 	0.436885 	1.28245 	7.82178e-21
30.0175 	0.0591778 	0.436885 	1.28245 	7.82178e-21
30.0877 	0.0591778 	0.436885 	1.28245 	7.82178e-21
30.1578 	0.0591778 	0.436885 	1.28245 	7.82178e-21
30.2279 	0.0591778 	0.436885 	1.28245 	7.82178e-21
30.2981 	0.0591778 	0.436885 	1.28245 	7.82178e-21
30.3682 	0.0591778 	0.436885 	1.28245 	7.82178e-21
30.4383 	0.0591778 	0.436885 	1.28245 	7.82178e-21
30.5085 	0.0591778 	0.436885 	1.28245 	7.82178e-21
30.5786 	0.0591778 	0.436885 	1.28245 	7.82178e-21
30.6487 	0.0591778 	0.436885 	1.28245 	7.82178e-21
30.7189 	0.0591778 	0.436885 	1.28245 	7.82178e-21
30.789 	0.0550227 	0.374728 	1.3082 	-7.34023e-20
30.8591 	0.0550227 	0.374728 	1.3082 	-7.34023e-20
30.9293 	0.0550227 	0.374728 	1.3082 	-7.34023e-20
30.9994 	0.0550227 	0.374728 	1.3082 	-7.34023e-20
31.0695 	0.0550227 	0.374728 	1.3082 	-7.34023e-20
31.1397 	0.0550227 	0.374728 	1.3082 	-7.34023e-20
31.2098 	0.0550227 	0.374728 	1.3082 	-7.34023e-20
31.2799 	0.0550227 	0.374728 	1.3082 	-7.34023e-20
31.3501 	0.0550227 	0.374728 	1.3082 	-7.34023e-20
31.4202 	0.0550227 	0.374728 	1.3082 	-7.34023e-20
31.4903 	0.0550227 	0.374728 	1.3082 	-7.34023e-20
31.5605 	0.0550227 	0.374728 	1.3082 	-7.34023e-20
31.6306 	0.0550227 	0.374728 	1.3082 	-7.34023e-20
31.7007 	0.0550227 	0.374728 	1.3082 	-7.34023e-20
31.7709 	0.0550227 	0.374728 	1.3082 	-7.34023e-20
31.841 	0.0550227 	0.374728 	1.3082 	-7.34023e-20
31.9111 	0.0550227 	0.374728 	1.3082 	-7.34023e-20
31.9813 	0.0550227 	0.374728 	1.3082 	-7.34023e-20
32.0514 	0.0550227 	0.374728 	1.3082 	-7.34023e-20
32.1216 	0.0550227 	0.374728 	1.3082 	-7.34023e-20
32.1917 	0.0550227 	0.374728 	1.3082 	-7.34023e-20
32.2618 	0.0550227 	0.374728 	1.3082 	-7.34023e-20
32.332 	0.0550227 	0.374728 	1.3082 	-7.34023e-20
32.4021 	0.0550227 	0.374728 	1.3082 	-7.34023e-20
32.4722 	0.0550227 	0.374728 	1.3082 	-7.34023e-20
32.5424 	0.0550227 	0.374728 	1.3082 	-7.34023e-20
32.6125 	0.0550227 	0.374728 	1.3082 	-7.34023e-20
32.6826 	0.0550227 	0.374728 	1.3082 	-7.34023e-20
32.7528 	0.0550227 	0.374728 	1.3082 	-7.34023e-20
32.8229 	0.0550227 	0.374728 	1.3082 	-7.34023e-20
32.893 	0.0550227 	0.374728 	1.3082 	-7.34023e-20
32.9632 	0.0550227 	0.374728 	1.3082 	-7.34023e-20
33.0333 	0.0550227 	0.374728 	1.3082 	-7.34023e-20
33.1034 	0.0550227 	0.374728 	1.3082 	-7.34023e-20
33.1736 	0.0550227 	0.374728 	1.3082 	-7.34023e-20
33.2437 	0.0550227 	0.374728 	1.3082 	-7.34023e-20
33.3138 	0.0550227 	0.374728 	1.3082 	-7.34023e-20
33.384 	0.0550227 	0.374728 	1.3082 	-7.34023e-20
33.4541 	0.0550227 	0.374728 	1.3082 	-7.34023e-20
33.5242 	0.0550227 	0.374728 	1.3082 	-7.34023e-20
33.5944 	0.0550227 	0.374728 	1.3082 	-7.34023e-20
33.6645 	0.0550227 	0.374728 	1.3082 	-7.34023e-20
33.7346 	0.0136934 	0.371957 	1.38237 	3.72772e-20
33.8048 	0.0136934 	0.371957 	1.38237 	3.72772e-20
33.8749 	0.0136934 	0.371957 	1.38237 	3.72772e-20
33.945 	0.0136934 	0.371957 	1.38237 	3.72772e-20
34.0152 	0.0136934 	0.371957 	1.38237 	3.72772e-20
34.0853 	0.0136934 	0.371957 	1.38237 	3.72772e-20
34.1554 	0.0125234 	0.278665 	1.34059 	-1.03774e-19
34.2256 	0.0125234 	0.278665 	1.34059 	-1.03774e-19
34.2957 	0.0125234 	0.278665 	1.34059 	-1.03774e-19
34.3659 	0.0125234 	0.278665 	1.34059 	-1.03774e-19
34.436 	0.0125234 	0.278665 	1.34059 	-1.03774e-19
34.5061 	0.0125234 	0.278665 	1.34059 	-1.03774e-19
34.5763 	0.0125234 	0.278665 	1.34059 	-1.03774e-19
34.6464 	0.0125234 	0.278665 	1.34059 	-1.03774e-19
34.7165 	0.208499 	0.269566 	1.61553 	1.12793e-19
34.7867 	0.208499 	0.269566 	1.61553 	1.12793e-19
34.8568 	0.208499 	0.269566 	1.61553 	1.12793e-19
34.9269 	0.208499 	0.269566 	1.61553 	1.12793e-19
34.9971 	0.208499 	0.269566 	1.61553 	1.12793e-19
35.0672 	0.208499 	0.269566 	1.61553 	1.12793e-19
35.1373 	0.208499 	0.269566 	1.61553 	1.12793e-19
35.2075 	0.208499 	0.269566 	1.61553 	1.12793e-19
35.2776 	0.208499 	0.269566 	1.61553 	1.12793e-19
35.3477 	0.208499 	0.269566 	1.61553 	1.12793e-19
35.4179 	0.208499 	0.269566 	1.61553 	1.12793e-19
35.488 	0.208499 	0.269566 	1.61553 	1.12793e-19
35.5581 	0.208499 	0.269566 	1.61553 	1.12793e-19
35.6283 	0.208499 	0.269566 	1.61553 	1.12793e-19
35.6984 	0.208499 	0.269566 	1.61553 	1.12793e-19
35.7685 	0.208499 	0.269566 	1.61553 	1.12793e-19
35.8387 	0.208499 	0.269566 	1.61553 	1.12793e-19
35.9088 	0.208499 	0.269566 	1.61553 	1.12793e-19
35.9789 	0.208499 	0.269566 	1.61553 	1.12793e-19
36.0491 	0.179697 	0.242072 	1.57877 	0
36.1192 	0.179697 	0.242072 	1.57877 	0
36.1893 	0.179697 	0.242072 	1.57877 	0
36.2595 	0.179697 	0.242072 	1.57877 	0
36.3296 	0.179697 	0.242072 	1.57877 	0
36.3997 	0.179697 	0.242072 	1.57877 	0
36.4699 	0.179697 	0.242072 	1.57877 	0
36.54 	0.179697 	0.242072 	1.57877 	0
36.6102 	0.179697 	0.242072 	1.57877 	0
36.6803 	0.179697 	0.242072 	1.57877 	0
36.7504 	0.179697 	0.242072 	1.57877 	0
36.8206 	0.179697 	0.242072 	1.57877 	0
36.8907 	0.0517304 	0.196896 	1.4655 	6.12274e-20
36.9608 	0.0517304 	0.196896 	1.4655 	6.12274e-20
37.031 	0.0517304 	0.196896 	1.4655 	6.12274e-20
37.1011 	0.0517304 	0.196896 	1.4655 	6.12274e-20
37.1712 	0.0517304 	0.196896 	1.4655 	6.12274e-20
37.2414 	0.0517304 	0.196896 	1.4655 	6.12274e-20
37.3115 	0.0517304 	0.196896 	1.4655 	6.12274e-20
37.3816 	0.0517304 	0.196896 	1.4655 	6.12274e-20
37.4518 	0.0517304 	0.196896 	1.4655 	6.12274e-20
37.5219 	0.0517304 	0.196896 	1.4655 	6.12274e-20
37.592 	0.0517304 	0.196896 	1.4655 	6.12274e-20
37.6622 	0.0517304 	0.196896 	1.4655 	6.12274e-20
37.7323 	0.0517304 	0.196896 	1.4655 	6.12274e-20
37.8024 	0.0517304 	0.196896 	1.4655 	6.12274e-20
37.8726 	0.0517304 	0.196896 	1.4655 	6.12274e-20
37.9427 	0.0517304 	0.196896 	1.4655 	6.12274e-20
38.0128 	0.0517304 	0.196896 	1.4655 	6.12274e-20
38.083 	0.0517304 	0.196896 	1.4655 	6.12274e-20
38.1531 	0.0517304 	0.196896 	1.4655 	6.12274e-20
38.2232 	0.0744717 	0.135397 	1.59985 	-7.02288e-20
38.2934 	0.0744717 	0.135397 	1.59985 	-7.02288e-20
38.3635 	0.0744717 	0.135397 	1.59985 	-7.02288e-20
38.4336 	0.0744717 	0.135397 	1.59985 	-7.02288e-20
38.5038 	0.0744717 	0.135397 	1.59985 	-7.02288e-20
38.5739 	0.0744717 	0.135397 	1.59985 	-7.02288e-20
38.644 	0.0744717 	0.135397 	1.59985 	-7.02288e-20
38.7142 	0.0744717 	0.135397 	1.59985 	-7.02288e-20
38.7843 	0.0744717 	0.135397 	1.59985 	-7.02288e-20
38.8545 	0.0744717 	0.135397 	1.59985 	-7.02288e-20
38.9246 	0.0744717 	0.135397 	1.59985 	-7.02288e-20
38.9947 	0.0744717 	0.135397 	1.59985 	-7.02288e-20
39.0649 	0.0744717 	0.135397 	1.59985 	-7.02288e-20
39.135 	0.0744717 	0.135397 	1.59985 	-7.02288e-20
39.2051 	0.036148 	0.120573 	1.57928 	0
39.2753 	0.036148 	0.120573 	1.57928 	0
39.3454 	0.036148 	0.120573 	1.57928 	0
39.4155 	0.036148 	0.120573 	1.57928 	0
39.4857 	0.036148 	0.120573 	1.57928 	0
39.5558 	0.036148 	0.120573 	1.57928 	0
39.6259 	0.036148 	0.120573 	1.57928 	0
39.6961 	0.036148 	0.120573 	1.57928 	0
39.7662 	0.036148 	0.120573 	1.57928 	0
39.8363 	0.036148 	0.120573 	1.57928 	0
39.9065 	0.036148 	0.120573 	1.57928 	0
39.9766 	0.036148 	0.120573 	1.57928 	0
40.0467 	0.036148 	0.120573 	1.57928 	0
40.1169 	0.036148 	0.120573 	1.57928 	0
40.187 	0.036148 	0.120573 	1.57928 	0
40.2571 	0.036148 	0.120573 	1.57928 	0
40.3273 	0.036148 	0.120573 	1.57928 	0
40.3974 	0.036148 	0.120573 	1.57928 	0
40.4675 	0.036148 	0.120573 	1.57928 	0
40.5377 	0.036148 	0.120573 	1.57928 	0
40.6078 	0.036148 	0.120573 	1.57928 	0
40.6779 	0.0225525 	0.112176 	1.54877 	-1.46469e-20
40.7481 	0.0225525 	0.112176 	1.54877 	-1.46469e-20
40.8182 	0.0225525 	0.112176 	1.54877 	-1.46469e-20
40.8883 	0.0225525 	0.112176 	1.54877 	-1.46469e-20
40.9585 	0.0225525 	0.112176 	1.54877 	-1.46469e-20
41.0286 	0.0225525 	0.112176 	1.54877 	-1.46469e-20
41.0988 	0.0225525 	0.112176 	1.54877 	-1.46469e-20
41.1689 	0.0225525 	0.112176 	1.54877 	-1.46469e-20
41.239 	0.0267663 	0.0915176 	1.54923 	2.6176e-20
41.3092 	0.0267663 	0.0915176 	1.54923 	2.6176e-20
41.3793 	0.0267663 	0.0915176 	1.54923 	2.6176e-20
41.4494 	0.0267663 	0.0915176 	1.54923 	2.6176e-20
41.5196 	0.0267663 	0.0915176 	1.54923 	2.6176e-20
41.5897 	0.0267663 	0.0915176 	1.54923 	2.6176e-20
41.6598 	0.0267663 	0.0915176 	1.54923 	2.6176e-20
41.73 	0.0267663 	0.0915176 	1.54923 	2.6176e-20
41.8001 	0.0267663 	0.0915176 	1.54923 	2.6176e-20
41.8702 	0.0267663 	0.0915176 	1.54923 	2.6176e-20
41.9404 	0.0267663 	0.0915176 	1.54923 	2.6176e-20
42.0105 	0.0267663 	0.0915176 	1.54923 	2.6176e-20
42.0806 	0.0267663 	0.0915176 	1.54923 	2.6176e-20
42.1508 	0.0267663 	0.0915176 	1.54923 	2.6176e-20
42.2209 	0.0267663 	0.0915176 	1.54923 	2.6176e-20
42.291 	0.0267663 	0.0915176 	1.54923 	2.6176e-20
42.3612 	0.0267663 	0.0915176 	1.54923 	2.6176e-20
42.4313 	0.0267663 	0.0915176 	1.54923 	2.6176e-20
42.5014 	0.0267663 	0.0915176 	1.54923 	2.6176e-20
42.5716 	0.0267663 	0.0915176 	1.54923 	2.6176e-20
42.6417 	0.0267663 	0.0915176 	1.54923 	2.6176e-20
42.7118 	0.0151703 	0.090824 	1.55059 	0
42.782 	0.0151703 	0.090824 	1.55059 	0
42.8521 	0.0151703 	0.090824 	1.55059 	0
42.9222 	0.0151703 	0.090824 	1.55059 	0
42.9924 	0.0255766 	0.0517163 	1.59002 	0
43.0625 	0.0255766 	0.0517163 	1.59002 	0
43.1327 	0.0255766 	0.0517163 	1.59002 	0
43.2028 	0.0255766 	0.0517163 	1.59002 	0
43.2729 	0.0255766 	0.0517163 	1.59002 	0
43.3431 	0.0255766 	0.0517163 	1.59002 	0
43.4132 	0.0255766 	0.0517163 	1.59002 	0
43.4833 	0.0255766 	0.0517163 	1.59002 	0
43.5535 	0.0255766 	0.0517163 	1.59002 	0
43.6236 	0.0255766 	0.0517163 	1.59002 	0
43.6937 	0.0255766 	0.0517163 	1.59002 	0
43.7639 	0.0255766 	0.0517163 	1.59002 	0
43.834 	0.0255766 	0.0517163 	1.59002 	0
43.9041 	0.0255766 	0.0517163 	1.59002 	0
43.9743 	0.0255766 	0.0517163 	1.59002 	0
44.0444 	0.0255766 	0.0517163 	1.59002 	0
44.1145 	0.0255766 	0.0517163 	1.59002 	0
44.1847 	0.0255766 	0.0517163 	1.59002 	0
44.2548 	0.0255766 	0.0517163 	1.59002 	0
44.3249 	0.0255766 	0.0517163 	1.59002 	0
44.3951 	0.0255766 	0.0517163 	1.59002 	0
44.4652 	0.0255766 	0.0517163 	1.59002 	0
44.5353 	0.0255766 	0.0517163 	1.59002 	0
44.6055 	0.0255766 	0.0517163 	1.59002 	0
44.6756 	0.0255766 	0.0517163 	1.59002 	0
44.7457 	0.0255766 	0.0517163 	1.59002 	0
44.8159 	0.00384855 	0.0401856 	1.61885 	0
44.886 	0.00384855 	0.0401856 	1.61885 	0
44.9561 	0.00384855 	0.0401856 	1.61885 	0
45.0263 	0.00384855 	0.0401856 	1.61885 	0
45.0964 	0.00384855 	0.0401856 	1.61885 	0
45.1665 	0.00384855 	0.0401856 	1.61885 	0
45.2367 	0.00384855 	0.0401856 	1.61885 	0
45.3068 	0.00384855 	0.0401856 	1.61885 	0
45.377 	0.00384855 	0.0401856 	1.61885 	0
45.4471 	0.00384855 	0.0401856 	1.61885 	0
45.5172 	0.00384855 	0.0401856 	1.61885 	0
45.5874 	0.00384855 	0.0401856 	1.61885 	0
45.6575 	0.00384855 	0.0401856 	1.61885 	0
45.7276 	0.00384855 	0.0401856 	1.61885 	0
45.7978 	0.00384855 	0.0401856 	1.61885 	0
45.8679 	0.00384855 	0.0401856 	1.61885 	0
45.938 	0.00384855 	0.0401856 	1.61885 	0
46.0082 	0.00384855 	0.0401856 	1.61885 	0
46.0783 	0.00384855 	0.0401856 	1.61885 	0
46.1484 	0.00384855 	0.0401856 	1.61885 	0
46.2186 	0.00384855 	0.0401856 	1.61885 	0
46.2887 	0.00384855 	0.0401856 	1.61885 	0
46.3588 	0.00384855 	0.0401856 	1.61885 	0
46.429 	0.00384855 	0.0401856 	1.61885 	0
46.4991 	0.00384855 	0.0401856 	1.61885 	0
46.5692 	0.00384855 	0.0401856 	1.61885 	0
46.6394 	-0.0233676 	0.0453787 	1.59508 	-2.89565e-20
46.7095 	-0.0233676 	0.0453787 	1.59508 	-2.89565e-20
46.7796 	-0.0233676 	0.0453787 	1.59508 	-2.89565e-20
46.8498 	-0.0233676 	0.0453787 	1.59508 	-2.89565e-20
46.9199 	-0.0233676 	0.0453787 	1.59508 	-2.89565e-20
46.99 	-0.0233676 	0.0453787 	1.59508 	-2.89565e-20
47.0602 	-0.0233676 	0.0453787 	1.59508 	-2.89565e-20
47.1303 	-0.0233676 	0.0453787 	1.59508 	-2.89565e-20
47.2004 	-0.0233676 	0.0453787 	1.59508 	-2.89565e-20
47.2706 	-0.0233676 	0.0453787 	1.59508 	-2.89565e-20
47.3407 	-0.0233676 	0.0453787 	1.59508 	-2.89565e-20
47.4108 	-0.0233676 	0.0453787 	1.59508 	-2.89565e-20
47.481 	-0.0235161 	0.0385981 	1.53772 	4.37132e-20
47.5511 	-0.0235161 	0.0385981 	1.53772 	4.37132e-20
47.6213 	-0.0235161 	0.0385981 	1.53772 	4.37132e-20
47.6914 	-0.0235161 	0.0385981 	1.53772 	4.37132e-20
47.7615 	-0.0235161 	0.0385981 	1.53772 	4.37132e-20
47.8317 	-0.0235161 	0.0385981 	1.53772 	4.37132e-20
47.9018 	-0.0235161 	0.0385981 	1.53772 	4.37132e-20
47.9719 	-0.0235161 	0.0385981 	1.53772 	4.37132e-20
48.0421 	-0.0235161 	0.0385981 	1.53772 	4.37132e-20
48.1122 	-0.0235161 	0.0385981 	1.53772 	4.37132e-20
48.1823 	-0.0235161 	0.0385981 	1.53772 	4.37132e-20
48.2525 	-0.0235161 	0.0385981 	1.53772 	4.37132e-20
48.3226 	-0.0235161 	0.0385981 	1.53772 	4.37132e-20
48.3927 	-0.0235161 	0.0385981 	1.53772 	4.37132e-20
48.4629 	-0.0235161 	0.0385981 	1.53772 	4.37132e-20
48.533 	-0.0235161 	0.0385981 	1.53772 	4.37132e-20
48.6031 	-0.0235161 	0.0385981 	1.53772 	4.37132e-20
48.6733 	-0.0235161 	0.0385981 	1.53772 	4.37132e-20
48.7434 	-0.0322951 	0.0362713 	1.4947 	0
48.8135 	-0.0322951 	0.0362713 	1.4947 	0
48.8837 	-0.0322951 	0.0362713 	1.4947 	0
48.9538 	-0.0322951 	0.0362713 	1.4947 	0
49.0239 	-0.0322951 	0.0362713 	1.4947 	0
49.0941 	-0.0322951 	0.0362713 	1.4947 	0
49.1642 	-0.0322951 	0.0362713 	1.4947 	0
49.2343 	-0.0322951 	0.0362713 	1.4947 	0
49.3045 	-0.0322951 	0.0362713 	1.4947 	0
49.3746 	-0.0322951 	0.0362713 	1.4947 	0
49.4447 	-0.0322951 	0.0362713 	1.4947 	0
49.5149 	-0.0322951 	0.0362713 	1.4947 	0
49.585 	-0.0322951 	0.0362713 	1.4947 	0
49.6551 	-0.0322951 	0.0362713 	1.4947 	0
49.7253 	-0.0322951 	0.0362713 	1.4947 	0
49.7954 	-0.0322951 	0.0362713 	1.4947 	0
49.8656 	-0.0322951 	0.0362713 	1.4947 	0
49.9357 	-0.0322951 	0.0362713 	1.4947 	0
50.0058 	-0.0322951 	0.0362713 	1.4947 	0
50.076 	-0.0322951 	0.0362713 	1.4947 	0
50.1461 	-0.0322951 	0.0362713 	1.4947 	0
50.2162 	-0.0322951 	0.0362713 	1.4947 	0
50.2864 	-0.0322951 	0.0362713 	1.4947 	0
50.3565 	-0.0322951 	0.0362713 	1.4947 	0
50.4266 	-0.0322951 	0.0362713 	1.4947 	0
50.4968 	0.000215327 	0.00380078 	1.98166 	4.86813e-21
50.5669 	0.000215327 	0.00380078 	1.98166 	4.86813e-21
50.637 	0.000215327 	0.00380078 	1.98166 	4.86813e-21
50.7072 	0.000215327 	0.00380078 	1.98166 	4.86813e-21
50.7773 	0.000215327 	0.00380078 	1.98166 	4.86813e-21
50.8474 	0.000215327 	0.00380078 	1.98166 	4.86813e-21
50.9176 	0.000215327 	0.00380078 	1.98166 	4.86813e-21
50.9877 	-0.0102165 	0.0126696 	1.97977 	-2.52194e-22
51.0578 	-0.0102165 	0.0126696 	1.97977 	-2.52194e-22
51.128 	-0.0143457 	-0.00154407 	1.69308 	-4.37299e-21
51.1981 	-0.0143457 	-0.00154407 	1.69308 	-4.37299e-21
51.2682 	-0.0143457 	-0.00154407 	1.69308 	-4.37299e-21
51.3384 	-0.0143457 	-0.00154407 	1.69308 	-4.37299e-21
51.4085 	-0.0143457 	-0.00154407 	1.69308 	-4.37299e-21
51.4786 	-0.0143457 	-0.00154407 	1.69308 	-4.37299e-21
51.5488 	-0.0143457 	-0.00154407 	1.69308 	-4.37299e-21
51.6189 	-0.0143457 	-0.00154407 	1.69308 	-4.37299e-21
51.689 	-0.0143457 	-0.00154407 	1.69308 	-4.37299e-21
51.7592 	-0.0143457 	-0.00154407 	1.69308 	-4.37299e-21
51.8293 	-0.0143457 	-0.00154407 	1.69308 	-4.37299e-21
51.8994 	-0.0143457 	-0.00154407 	1.69308 	-4.37299e-21
51.9696 	-0.0143457 	-0.00154407 	1.69308 	-4.37299e-21
52.0397 	-0.0143457 	-0.00154407 	1.69308 	-4.37299e-21
52.1099 	-0.0143457 	-0.00154407 	1.69308 	-4.37299e-21
52.18 	-0.0143457 	-0.00154407 	1.69308 	-4.37299e-21
52.2501 	-0.0143457 	-0.00154407 	1.69308 	-4.37299e-21
52.3203 	-0.0143457 	-0.00154407 	1.69308 	-4.37299e-21
52.3904 	-0.0143457 	-0.00154407 	1.69308 	-4.37299e-21
52.4605 	-0.0143457 	-0.00154407 	1.69308 	-4.37299e-21
52.5307 	-0.0143457 	-0.00154407 	1.69308 	-4.37299e-21
52.6008 	-0.0143457 	-0.00154407 	1.69308 	-4.37299e-21
52.6709 	-0.0143457 	-0.00154407 	1.69308 	-4.37299e-21
52.7411 	-0.0143457 	-0.00154407 	1.69308 	-4.37299e-21
52.8112 	-0.0143457 	-0.00154407 	1.69308 	-4.37299e-21
52.8813 	-0.0143457 	-0.00154407 	1.69308 	-4.37299e-21
52.9515 	-0.0143457 	-0.00154407 	1.69308 	-4.37299e-21
53.0216 	-0.0143457 	-0.00154407 	1.69308 	-4.37299e-21
53.0917 	-0.0143457 	-0.00154407 	1.69308 	-4.37299e-21
53.1619 	-0.0143457 	-0.00154407 	1.69308 	-4.37299e-21
53.232 	-0.0143457 	-0.00154407 	1.69308 	-4.37299e-21
53.3021 	-0.0143457 	-0.00154407 	1.69308 	-4.37299e-21
53.3723 	-0.0143457 	-0.00154407 	1.69308 	-4.37299e-21
53.4424 	-0.00915654 	0.00481787 	1.8388 	-5.93787e-21
53.5125 	-0.00915654 	0.00481787 	1.8388 	-5.93787e-21
53.5827 	-0.00915654 	0.00481787 	1.8388 	-5.93787e-21
53.6528 	-0.00915654 	0.00481787 	1.8388 	-5.93787e-21
53.7229 	-0.00915654 	0.00481787 	1.8388 	-5.93787e-21
53.7931 	-0.00915654 	0.00481787 	1.8388 	-5.93787e-21
53.8632 	-0.00915654 	0.00481787 	1.8388 	-5.93787e-21
53.9333 	-0.00915654 	0.00481787 	1.8388 	-5.93787e-21
54.0035 	-0.00915654 	0.00481787 	1.8388 	-5.93787e-21
54.0736 	-0.00915654 	0.00481787 	1.8388 	-5.93787e-21
54.1437 	-0.00915654 	0.00481787 	1.8388 	-5.93787e-21
54.2139 	-0.00915654 	0.00481787 	1.8388 	-5.93787e-21
54.284 	-0.00915654 	0.00481787 	1.8388 	-5.93787e-21
54.3542 	-0.00697694 	-0.00258476 	1.85399 	7.19307e-21
54.4243 	-0.00697694 	-0.00258476 	1.85399 	7.19307e-21
54.4944 	-0.00697694 	-0.00258476 	1.85399 	7.19307e-21
54.5646 	-0.00697694 	-0.00258476 	1.85399 	7.19307e-21
54.6347 	-0.00697694 	-0.00258476 	1.85399 	7.19307e-21
54.7048 	-0.00697694 	-0.00258476 	1.85399 	7.19307e-21
54.775 	-0.00697694 	-0.00258476 	1.85399 	7.19307e-21
54.8451 	-0.00697694 	-0.00258476 	1.85399 	7.19307e-21
54.9152 	-0.00697694 	-0.00258476 	1.85399 	7.19307e-21
54.9854 	-0.00697694 	-0.00258476 	1.85399 	7.19307e-21
55.0555 	-0.00697694 	-0.00258476 	1.85399 	7.19307e-21
55.1256 	-0.0130194 	0.0126714 	1.69167 	0
55.1958 	-0.0130194 	0.0126714 	1.69167 	0
55.2659 	-0.0130194 	0.0126714 	1.69167 	0
55.336 	-0.0130194 	0.0126714 	1.69167 	0
55.4062 	-0.0130194 	0.0126714 	1.69167 	0
55.4763 	-0.0130194 	0.0126714 	1.69167 	0
55.5464 	-0.0130194 	0.0126714 	1.69167 	0
55.6166 	-0.0130194 	0.0126714 	1.69167 	0
55.6867 	-0.0130194 	0.0126714 	1.69167 	0
55.7568 	-0.0130194 	0.0126714 	1.69167 	0
55.827 	-0.0130194 	0.0126714 	1.69167 	0
55.8971 	-0.0130194 	0.0126714 	1.69167 	0
55.9672 	-0.0130194 	0.0126714 	1.69167 	0
56.0374 	-0.0130194 	0.0126714 	1.69167 	0
56.1075 	-0.0130194 	0.0126714 	1.69167 	0
56.1776 	-0.0130194 	0.0126714 	1.69167 	0
56.2478 	-0.0130194 	0.0126714 	1.69167 	0
56.3179 	-0.0130194 	0.0126714 	1.69167 	0
56.3881 	-0.0104649 	-0.00949626 	1.93842 	-2.46644e-21
56.4582 	-0.0104649 	-0.00949626 	1.93842 	-2.46644e-21
56.5283 	-0.0104649 	-0.00949626 	1.93842 	-2.46644e-21
56.5985 	-0.0104649 	-0.00949626 	1.93842 	-2.46644e-21
56.6686 	-0.0104649 	-0.00949626 	1.93842 	-2.46644e-21
56.7387 	-0.0104649 	-0.00949626 	1.93842 	-2.46644e-21
56.8089 	-0.0104649 	-0.00949626 	1.93842 	-2.46644e-21
56.879 	-0.0104649 	-0.00949626 	1.93842 	-2.46644e-21
56.9491 	-0.0144065 	0.00270181 	1.88546 	1.26948e-20
57.0193 	-0.0144065 	0.00270181 	1.88546 	1.26948e-20
57.0894 	-0.0144065 	0.00270181 	1.88546 	1.26948e-20
57.1595 	-0.0144065 	0.00270181 	1.88546 	1.26948e-20
57.2297 	-0.0144065 	0.00270181 	1.88546 	1.26948e-20
57.2998 	-0.0144065 	0.00270181 	1.88546 	1.26948e-20
57.3699 	-0.0144065 	0.00270181 	1.88546 	1.26948e-20
57.4401 	-0.0144065 	0.00270181 	1.88546 	1.26948e-20
57.5102 	-0.0144065 	0.00270181 	1.88546 	1.26948e-20
57.5803 	-0.0144065 	0.00270181 	1.88546 	1.26948e-20
57.6505 	-0.0144065 	0.00270181 	1.88546 	1.26948e-20
57.7206 	-0.0144065 	0.00270181 	1.88546 	1.26948e-20
57.7907 	-0.0144065 	0.00270181 	1.88546 	1.26948e-20
57.8609 	-0.0144065 	0.00270181 	1.88546 	1.26948e-20
57.931 	-0.0144065 	0.00270181 	1.88546 	1.26948e-20
58.0011 	-0.0144065 	0.00270181 	1.88546 	1.26948e-20
58.0713 	-0.0144065 	0.00270181 	1.88546 	1.26948e-20
58.1414 	-0.0144065 	0.00270181 	1.88546 	1.26948e-20
58.2115 	-0.0144065 	0.00270181 	1.88546 	1.26948e-20
58.2817 	-0.0144065 	0.00270181 	1.88546 	1.26948e-20
58.3518 	-0.0144065 	0.00270181 	1.88546 	1.26948e-20
58.4219 	-0.0144065 	0.00270181 	1.88546 	1.26948e-20
58.4921 	-0.0144065 	0.00270181 	1.88546 	1.26948e-20
58.5622 	-0.0131599 	-0.0175902 	2.02258 	0
58.6324 	-0.0131599 	-0.0175902 	2.02258 	0
58.7025 	-0.0131599 	-0.0175902 	2.02258 	0
58.7726 	-0.0131599 	-0.0175902 	2.02258 	0
58.8428 	-0.0131599 	-0.0175902 	2.02258 	0
58.9129 	-0.0396099 	-0.00416601 	1.76313 	-3.06547e-20
58.983 	-0.0396099 	-0.00416601 	1.76313 	-3.06547e-20
59.0532 	-0.0396099 	-0.00416601 	1.76313 	-3.06547e-20
59.1233 	-0.0396099 	-0.00416601 	1.76313 	-3.06547e-20
59.1934 	-0.0396099 	-0.00416601 	1.76313 	-3.06547e-20
59.2636 	-0.0396099 	-0.00416601 	1.76313 	-3.06547e-20
59.3337 	-0.0396099 	-0.00416601 	1.76313 	-3.06547e-20
59.4038 	-0.0396099 	-0.00416601 	1.76313 	-3.06547e-20
59.474 	-0.0396099 	-0.00416601 	1.76313 	-3.06547e-20
59.5441 	-0.0396099 	-0.00416601 	1.76313 	-3.06547e-20
59.6142 	-0.0396099 	-0.00416601 	1.76313 	-3.06547e-20
59.6844 	-0.0396099 	-0.00416601 	1.76313 	-3.06547e-20
59.7545 	-0.0396099 	-0.00416601 	1.76313 	-3.06547e-20
59.8246 	-0.0396099 	-0.00416601 	1.76313 	-3.06547e-20
59.8948 	-0.0396099 	-0.00416601 	1.76313 	-3.06547e-20
59.9649 	-0.0396099 	-0.00416601 	1.76313 	-3.06547e-20
60.035 	-0.0396099 	-0.00416601 	1.76313 	-3.06547e-20
60.1052 	-0.0396099 	-0.00416601 	1.76313 	-3.06547e-20
60.1753 	-0.0396099 	-0.00416601 	1.76313 	-3.06547e-20
60.2454 	-0.0396099 	-0.00416601 	1.76313 	-3.06547e-20
60.3156 	-0.0396099 	-0.00416601 	1.76313 	-3.06547e-20
60.3857 	-0.0396099 	-0.00416601 	1.76313 	-3.06547e-20
60.4558 	-0.0396099 	-0.00416601 	1.76313 	-3.06547e-20
60.526 	-0.0396099 	-0.00416601 	1.76313 	-3.06547e-20
60.5961 	-0.0396099 	-0.00416601 	1.76313 	-3.06547e-20
60.6662 	-0.0362817 	0.000183792 	1.65735 	-4.4551e-21
60.7364 	-0.0362817 	0.000183792 	1.65735 	-4.4551e-21
60.8065 	-0.0362817 	0.000183792 	1.65735 	-4.4551e-21
60.8767 	-0.0362817 	0.000183792 	1.65735 	-4.4551e-21
60.9468 	-0.0362817 	0.000183792 	1.65735 	-4.4551e-21
61.0169 	-0.0362817 	0.000183792 	1.65735 	-4.4551e-21
61.0871 	-0.0362817 	0.000183792 	1.65735 	-4.4551e-21
61.1572 	-0.0362817 	0.000183792 	1.65735 	-4.4551e-21
61.2273 	-0.0362817 	0.000183792 	1.65735 	-4.4551e-21
61.2975 	-0.0362817 	0.000183792 	1.65735 	-4.4551e-21
61.3676 	-0.0362817 	0.000183792 	1.65735 	-4.4551e-21
61.4377 	-0.0362817 	0.000183792 	1.65735 	-4.4551e-21
61.5079 	-0.0362817 	0.000183792 	1.65735 	-4.4551e-21
61.578 	-0.0362817 	0.000183792 	1.65735 	-4.4551e-21
61.6481 	-0.0268727 	0.00338568 	1.62697 	-3.62537e-20
61.7183 	-0.0268727 	0.00338568 	1.62697 	-3.62537e-20
61.7884 	-0.0344403 	0.00277653 	1.57907 	-3.77832e-20
61.8585 	-0.0344403 	0.00277653 	1.57907 	-3.77832e-20
61.9287 	-0.0344403 	0.00277653 	1.57907 	-3.77832e-20
61.9988 	-0.0344403 	0.00277653 	1.57907 	-3.77832e-20
62.0689 	-0.0344403 	0.00277653 	1.57907 	-3.77832e-20
62.1391 	-0.0344403 	0.00277653 	1.57907 	-3.77832e-20
62.2092 	-0.0127162 	-0.0202599 	2.0251 	0
62.2793 	-0.0127162 	-0.0202599 	2.0251 	0
62.3495 	-0.0127162 	-0.0202599 	2.0251 	0
62.4196 	-0.0127162 	-0.0202599 	2.0251 	0
62.4897 	-0.0127162 	-0.0202599 	2.0251 	0
62.5599 	-0.0127162 	-0.0202599 	2.0251 	0
62.63 	-0.0127162 	-0.0202599 	2.0251 	0
62.7001 	-0.0127162 	-0.0202599 	2.0251 	0
62.7703 	-0.0127162 	-0.0202599 	2.0251 	0
62.8404 	-0.0127162 	-0.0202599 	2.0251 	0
62.9105 	-0.0127162 	-0.0202599 	2.0251 	0
62.9807 	-0.0127162 	-0.0202599 	2.0251 	0
63.0508 	-0.0127162 	-0.0202599 	2.0251 	0
63.121 	-0.0127162 	-0.0202599 	2.0251 	0
63.1911 	-0.0127162 	-0.0202599 	2.0251 	0
63.2612 	-0.0127162 	-0.0202599 	2.0251 	0
63.3314 	-0.0127162 	-0.0202599 	2.0251 	0
63.4015 	-0.0127162 	-0.0202599 	2.0251 	0
63.4716 	-0.0127162 	-0.0202599 	2.0251 	0
63.5418 	-0.0127162 	-0.0202599 	2.0251 	0
63.6119 	-0.0127162 	-0.0202599 	2.0251 	0
63.682 	-0.0127162 	-0.0202599 	2.0251 	0
63.7522 	-0.0127162 	-0.0202599 	2.0251 	0
63.8223 	-0.0127162 	-0.0202599 	2.0251 	0
63.8924 	-0.0127162 	-0.0202599 	2.0251 	0
63.9626 	-0.0127162 	-0.0202599 	2.0251 	0
64.0327 	-0.0127162 	-0.0202599 	2.0251 	0
64.1028 	-0.0127162 	-0.0202599 	2.0251 	0
64.173 	-0.00455059 	-0.024197 	2.01766 	1.03873e-21
64.2431 	-0.00455059 	-0.024197 	2.01766 	1.03873e-21
64.3132 	-0.00455059 	-0.024197 	2.01766 	1.03873e-21
64.3834 	-0.00455059 	-0.024197 	2.01766 	1.03873e-21
64.4535 	-0.00455059 	-0.024197 	2.01766 	1.03873e-21
64.5236 	-0.00455059 	-0.024197 	2.01766 	1.03873e-21
64.5938 	-0.00455059 	-0.024197 	2.01766 	1.03873e-21
64.6639 	-0.00455059 	-0.024197 	2.01766 	1.03873e-21
64.734 	-0.00455059 	-0.024197 	2.01766 	1.03873e-21
64.8042 	-0.00455059 	-0.024197 	2.01766 	1.03873e-21
64.8743 	0.00229655 	-0.0142161 	2.01213 	0
64.9444 	0.00229655 	-0.0142161 	2.01213 	0
65.0146 	0.00229655 	-0.0142161 	2.01213 	0
65.0847 	0.00229655 	-0.0142161 	2.01213 	0
65.1548 	0.00229655 	-0.0142161 	2.01213 	0
65.225 	0.00229655 	-0.0142161 	2.01213 	0
65.2951 	0.00229655 	-0.0142161 	2.01213 	0
65.3653 	0.00229655 	-0.0142161 	2.01213 	0
65.4354 	0.00229655 	-0.0142161 	2.01213 	0
65.5055 	0.00229655 	-0.0142161 	2.01213 	0
65.5757 	0.00229655 	-0.0142161 	2.01213 	0
65.6458 	0.00229655 	-0.0142161 	2.01213 	0
65.7159 	0.00229655 	-0.0142161 	2.01213 	0
65.7861 	0.00229655 	-0.0142161 	2.01213 	0
65.8562 	0.00229655 	-0.0142161 	2.01213 	0
65.9263 	0.00229655 	-0.0142161 	2.01213 	0
65.9965 	0.00229655 	-0.0142161 	2.01213 	0
66.0666 	0.00229655 	-0.0142161 	2.01213 	0
66.1367 	0.00229655 	-0.0142161 	2.01213 	0
66.2069 	0.00229655 	-0.0142161 	2.01213 	0
66.277 	0.00229655 	-0.0142161 	2.01213 	0
66.3471 	0.00229655 	-0.0142161 	2.01213 	0
66.4173 	0.00229655 	-0.0142161 	2.01213 	0
66.4874 	0.00229655 	-0.0142161 	2.01213 	0
66.5575 	0.00229655 	-0.0142161 	2.01213 	0
66.6277 	0.00229655 	-0.0142161 	2.01213 	0
66.6978 	0.00229655 	-0.0142161 	2.01213 	0
66.7679 	0.00229655 	-0.0142161 	2.01213 	0
66.8381 	0.00229655 	-0.0142161 	2.01213 	0
66.9082 	0.00229655 	-0.0142161 	2.01213 	0
66.9783 	-7.12398e-05 	-0.0294068 	1.74029 	0
67.0485 	-7.12398e-05 	-0.0294068 	1.74029 	0
67.1186 	-7.12398e-05 	-0.0294068 	1.74029 	0
67.1887 	-7.12398e-05 	-0.0294068 	1.74029 	0
67.2589 	-7.12398e-05 	-0.0294068 	1.74029 	0
67.329 	-7.12398e-05 	-0.0294068 	1.74029 	0
67.3991 	-0.00935404 	-0.0309046 	1.69701 	0
67.4693 	-0.00935404 	-0.0309046 	1.69701 	0
67.5394 	-0.0105976 	-0.0256445 	1.98613 	0
67.6096 	-0.0105976 	-0.0256445 	1.98613 	0
67.6797 	-0.0105976 	-0.0256445 	1.98613 	0
67.7498 	-0.0105976 	-0.0256445 	1.98613 	0
67.82 	-0.0105976 	-0.0256445 	1.98613 	0
67.8901 	-0.0105976 	-0.0256445 	1.98613 	0
67.9602 	-0.0105976 	-0.0256445 	1.98613 	0
68.0304 	-0.0105976 	-0.0256445 	1.98613 	0
68.1005 	-0.0105976 	-0.0256445 	1.98613 	0
68.1706 	-0.0105976 	-0.0256445 	1.98613 	0
68.2408 	-0.0105976 	-0.0256445 	1.98613 	0
68.3109 	-0.0105976 	-0.0256445 	1.98613 	0
68.381 	-0.0105976 	-0.0256445 	1.98613 	0
68.4512 	-0.0105976 	-0.0256445 	1.98613 	0
68.5213 	-0.0105976 	-0.0256445 	1.98613 	0
68.5914 	-0.0105976 	-0.0256445 	1.98613 	0
68.6616 	-0.0105976 	-0.0256445 	1.98613 	0
68.7317 	-0.0105976 	-0.0256445 	1.98613 	0
68.8018 	-0.0105976 	-0.0256445 	1.98613 	0
68.872 	-0.0105976 	-0.0256445 	1.98613 	0
68.9421 	-0.0105976 	-0.0256445 	1.98613 	0
69.0122 	-0.0105976 	-0.0256445 	1.98613 	0
