0.490941 	1.76396 	0.00431371 	3.00029 	-2.4993e-20
0.561075 	1.76396 	0.00431371 	3.00029 	-2.4993e-20
0.63121 	1.76396 	0.00431371 	3.00029 	-2.4993e-20
0.701344 	1.76396 	0.00431371 	3.00029 	-2.4993e-20
0.771478 	1.76396 	0.00431371 	3.00029 	-2.4993e-20
0.841613 	1.76396 	0.00431371 	3.00029 	-2.4993e-20
0.911747 	1.73891 	0.0145683 	3.00805 	-5.73669e-20
0.981881 	1.73891 	0.0145683 	3.00805 	-5.73669e-20
1.05202 	1.73891 	0.0145683 	3.00805 	-5.73669e-20
1.12215 	1.73891 	0.0145683 	3.00805 	-5.73669e-20
1.19228 	1.73891 	0.0145683 	3.00805 	-5.73669e-20
1.26242 	1.73891 	0.0145683 	3.00805 	-5.73669e-20
1.33255 	1.69494 	0.0192527 	3.02329 	5.73275e-20
1.40269 	1.69494 	0.0192527 	3.02329 	5.73275e-20
1.47282 	1.69494 	0.0192527 	3.02329 	5.73275e-20
1.54296 	1.69494 	0.0192527 	3.02329 	5.73275e-20
1.61309 	1.69494 	0.0192527 	3.02329 	5.73275e-20
1.68323 	1.69494 	0.0192527 	3.02329 	5.73275e-20
1.75336 	1.63456 	0.0248052 	3.04257 	2.7217e-20
1.82349 	1.63456 	0.0248052 	3.04257 	2.7217e-20
1.89363 	1.63456 	0.0248052 	3.04257 	2.7217e-20
1.96376 	1.63456 	0.0248052 	3.04257 	2.7217e-20
2.0339 	1.63456 	0.0248052 	3.04257 	2.7217e-20
2.10403 	1.63456 	0.0248052 	3.04257 	2.7217e-20
2.17417 	1.56332 	0.0242401 	3.06666 	0
2.2443 	1.56332 	0.0242401 	3.06666 	0
2.31443 	1.56332 	0.0242401 	3.06666 	0
2.38457 	1.56332 	0.0242401 	3.06666 	0
2.4547 	1.56332 	0.0242401 	3.06666 	0
2.52484 	1.56332 	0.0242401 	3.06666 	0
2.59497 	1.48701 	0.0258013 	3.09077 	-1.21358e-19
2.66511 	1.48701 	0.0258013 	3.09077 	-1.21358e-19
2.73524 	1.48701 	0.0258013 	3.09077 	-1.21358e-19
2.80538 	1.48701 	0.0258013 	3.09077 	-1.21358e-19
2.87551 	1.48701 	0.0258013 	3.09077 	-1.21358e-19
2.94564 	1.48701 	0.0258013 	3.09077 	-1.21358e-19
3.01578 	1.41074 	0.0234032 	3.1162 	9.64966e-20
3.08591 	1.41074 	0.0234032 	3.1162 	9.64966e-20
3.15605 	1.41074 	0.0234032 	3.1162 	9.64966e-20
3.22618 	1.41074 	0.0234032 	3.1162 	9.64966e-20
3.29632 	1.41074 	0.0234032 	3.1162 	9.64966e-20
3.36645 	1.41074 	0.0234032 	3.1162 	9.64966e-20
3.43659 	1.33631 	0.0251822 	3.13926 	-1.73042e-19
3.50672 	1.33631 	0.0251822 	3.13926 	-1.73042e-19
3.57685 	1.33631 	0.0251822 	3.13926 	-1.73042e-19
3.64699 	1.33631 	0.0251822 	3.13926 	-1.73042e-19
3.71712 	1.33631 	0.0251822 	3.13926 	-1.73042e-19
3.78726 	1.32835 	0.0144137 	3.13789 	-1.9197e-19
3.85739 	1.25521 	0.0120539 	3.16292 	3.51244e-19
3.92753 	1.25521 	0.0120539 	3.16292 	3.51244e-19
3.99766 	1.25521 	0.0120539 	3.16292 	3.51244e-19
4.06779 	1.25521 	0.0120539 	3.16292 	3.51244e-19
4.13793 	1.25521 	0.0120539 	3.16292 	3.51244e-19
4.20806 	1.25521 	0.0120539 	3.16292 	3.51244e-19
4.2782 	1.18401 	0.0147141 	3.18358 	-1.99532e-19
4.34833 	1.18401 	0.0147141 	3.18358 	-1.99532e-19
4.41847 	1.18401 	0.0147141 	3.18358 	-1.99532e-19
4.4886 	1.18401 	0.0147141 	3.18358 	-1.99532e-19
4.55874 	1.18401 	0.0147141 	3.18358 	-1.99532e-19
4.62887 	1.18401 	0.0147141 	3.18358 	-1.99532e-19
4.699 	1.18401 	0.0147141 	3.18358 	-1.99532e-19
4.76914 	1.11464 	0.0121481 	3.20726 	-1.4228e-19
4.83927 	1.11464 	0.0121481 	3.20726 	-1.4228e-19
4.90941 	1.11464 	0.0121481 	3.20726 	-1.4228e-19
4.97954 	1.11464 	0.0121481 	3.20726 	-1.4228e-19
5.04968 	1.11464 	0.0121481 	3.20726 	-1.4228e-19
5.11981 	1.11464 	0.0121481 	3.20726 	-1.4228e-19
5.18994 	1.04695 	0.0146176 	3.22637 	1.25092e-19
5.26008 	1.04695 	0.0146176 	3.22637 	1.25092e-19
5.33021 	1.04695 	0.0146176 	3.22637 	1.25092e-19
5.40035 	1.04695 	0.0146176 	3.22637 	1.25092e-19
5.47048 	1.04695 	0.0146176 	3.22637 	1.25092e-19
5.54062 	1.04695 	0.0146176 	3.22637 	1.25092e-19
5.61075 	0.981897 	0.0117881 	3.2486 	-2.34116e-19
5.68089 	0.981897 	0.0117881 	3.2486 	-2.34116e-19
5.75102 	0.981897 	0.0117881 	3.2486 	-2.34116e-19
5.82115 	0.981897 	0.0117881 	3.2486 	-2.34116e-19
5.89129 	0.981897 	0.0117881 	3.2486 	-2.34116e-19
5.96142 	0.981897 	0.0117881 	3.2486 	-2.34116e-19
6.03156 	0.919995 	0.0145157 	3.2655 	2.49954e-19
6.10169 	0.919995 	0.0145157 	3.2655 	2.49954e-19
6.17183 	0.919995 	0.0145157 	3.2655 	2.49954e-19
6.24196 	0.919995 	0.0145157 	3.2655 	2.49954e-19
6.3121 	0.919995 	0.0145157 	3.2655 	2.49954e-19
6.38223 	0.919995 	0.0145157 	3.2655 	2.49954e-19
6.45236 	0.862146 	0.0119511 	3.28548 	1.40689e-20
6.5225 	0.862146 	0.0119511 	3.28548 	1.40689e-20
6.59263 	0.862146 	0.0119511 	3.28548 	1.40689e-20
6.66277 	0.862146 	0.0119511 	3.28548 	1.40689e-20
6.7329 	0.862146 	0.0119511 	3.28548 	1.40689e-20
6.80304 	0.862146 	0.0119511 	3.28548 	1.40689e-20
6.87317 	0.808363 	0.0153714 	3.2995 	-1.31779e-20
6.9433 	0.808363 	0.0153714 	3.2995 	-1.31779e-20
7.01344 	0.808363 	0.0153714 	3.2995 	-1.31779e-20
7.08357 	0.808363 	0.0153714 	3.2995 	-1.31779e-20
7.15371 	0.808363 	0.0153714 	3.2995 	-1.31779e-20
7.22384 	0.808363 	0.0153714 	3.2995 	-1.31779e-20
7.29398 	0.758891 	0.0132684 	3.317 	0
7.36411 	0.758891 	0.0132684 	3.317 	0
7.43425 	0.758891 	0.0132684 	3.317 	0
7.50438 	0.758891 	0.0132684 	3.317 	0
7.57451 	0.758891 	0.0132684 	3.317 	0
7.64465 	0.758891 	0.0132684 	3.317 	0
7.71478 	0.758891 	0.0132684 	3.317 	0
7.78492 	0.713139 	0.017478 	3.32822 	0
7.85505 	0.713139 	0.017478 	3.32822 	0
7.92519 	0.713139 	0.017478 	3.32822 	0
7.99532 	0.713139 	0.017478 	3.32822 	0
8.06545 	0.713139 	0.017478 	3.32822 	0
8.13559 	0.713139 	0.017478 	3.32822 	0
8.20572 	0.670991 	0.0158865 	3.34366 	0
8.27586 	0.670991 	0.0158865 	3.34366 	0
8.34599 	0.670991 	0.0158865 	3.34366 	0
8.41613 	0.670991 	0.0158865 	3.34366 	0
8.48626 	0.670991 	0.0158865 	3.34366 	0
8.5564 	0.670991 	0.0158865 	3.34366 	0
8.62653 	0.63167 	0.0211066 	3.35257 	2.3402e-22
8.69666 	0.63167 	0.0211066 	3.35257 	2.3402e-22
8.7668 	0.63167 	0.0211066 	3.35257 	2.3402e-22
8.83693 	0.63167 	0.0211066 	3.35257 	2.3402e-22
8.90707 	0.63167 	0.0211066 	3.35257 	2.3402e-22
8.9772 	0.63167 	0.0211066 	3.35257 	2.3402e-22
9.04734 	0.595005 	0.0202945 	3.36658 	-1.42052e-19
9.11747 	0.595005 	0.0202945 	3.36658 	-1.42052e-19
9.18761 	0.595005 	0.0202945 	3.36658 	-1.42052e-19
9.25774 	0.579298 	0.0164659 	3.36959 	-1.90152e-20
9.32787 	0.579298 	0.0164659 	3.36959 	-1.90152e-20
9.39801 	0.579298 	0.0164659 	3.36959 	-1.90152e-20
9.46814 	0.579298 	0.0164659 	3.36959 	-1.90152e-20
9.53828 	0.543324 	0.0243947 	3.37774 	-1.45219e-19
9.60841 	0.543324 	0.0243947 	3.37774 	-1.45219e-19
9.67855 	0.543324 	0.0243947 	3.37774 	-1.45219e-19
9.74868 	0.543324 	0.0243947 	3.37774 	-1.45219e-19
9.81881 	0.543324 	0.0243947 	3.37774 	-1.45219e-19
9.88895 	0.543324 	0.0243947 	3.37774 	-1.45219e-19
9.95908 	0.508735 	0.0248855 	3.3907 	-8.37527e-21
10.0292 	0.508735 	0.0248855 	3.3907 	-8.37527e-21
10.0994 	0.508735 	0.0248855 	3.3907 	-8.37527e-21
10.1695 	0.508735 	0.0248855 	3.3907 	-8.37527e-21
10.2396 	0.508735 	0.0248855 	3.3907 	-8.37527e-21
10.3098 	0.508735 	0.0248855 	3.3907 	-8.37527e-21
10.3799 	0.474874 	0.0353097 	3.39785 	1.18399e-19
10.45 	0.474874 	0.0353097 	3.39785 	1.18399e-19
10.5202 	0.474874 	0.0353097 	3.39785 	1.18399e-19
10.5903 	0.474874 	0.0353097 	3.39785 	1.18399e-19
10.6604 	0.474874 	0.0353097 	3.39785 	1.18399e-19
10.7306 	0.474874 	0.0353097 	3.39785 	1.18399e-19
10.8007 	0.44148 	0.038133 	3.41067 	-1.25768e-19
10.8708 	0.44148 	0.038133 	3.41067 	-1.25768e-19
10.941 	0.44148 	0.038133 	3.41067 	-1.25768e-19
11.0111 	0.44148 	0.038133 	3.41067 	-1.25768e-19
11.0812 	0.44148 	0.038133 	3.41067 	-1.25768e-19
11.1514 	0.44148 	0.038133 	3.41067 	-1.25768e-19
11.2215 	0.44148 	0.038133 	3.41067 	-1.25768e-19
11.2916 	0.407726 	0.0524779 	3.41734 	-2.01572e-19
11.3618 	0.407726 	0.0524779 	3.41734 	-2.01572e-19
11.4319 	0.407726 	0.0524779 	3.41734 	-2.01572e-19
11.502 	0.407726 	0.0524779 	3.41734 	-2.01572e-19
11.5722 	0.407726 	0.0524779 	3.41734 	-2.01572e-19
11.6423 	0.407726 	0.0524779 	3.41734 	-2.01572e-19
11.7124 	0.372985 	0.059119 	3.43074 	1.95134e-19
11.7826 	0.372985 	0.059119 	3.43074 	1.95134e-19
11.8527 	0.372985 	0.059119 	3.43074 	1.95134e-19
11.9228 	0.372985 	0.059119 	3.43074 	1.95134e-19
11.993 	0.372985 	0.059119 	3.43074 	1.95134e-19
12.0631 	0.372985 	0.059119 	3.43074 	1.95134e-19
12.1332 	0.335826 	0.0797849 	3.43802 	0
12.2034 	0.335826 	0.0797849 	3.43802 	0
12.2735 	0.335826 	0.0797849 	3.43802 	0
12.3437 	0.335826 	0.0797849 	3.43802 	0
12.4138 	0.335826 	0.0797849 	3.43802 	0
12.4839 	0.335826 	0.0797849 	3.43802 	0
12.5541 	0.335826 	0.0797849 	3.43802 	0
12.6242 	0.295157 	0.091087 	3.45286 	-4.32882e-21
12.6943 	0.295157 	0.091087 	3.45286 	-4.32882e-21
12.7645 	0.295157 	0.091087 	3.45286 	-4.32882e-21
12.8346 	0.295157 	0.091087 	3.45286 	-4.32882e-21
12.9047 	0.295157 	0.091087 	3.45286 	-4.32882e-21
12.9749 	0.295157 	0.091087 	3.45286 	-4.32882e-21
13.045 	0.249526 	0.120806 	3.46231 	4.4501e-21
13.1151 	0.249526 	0.120806 	3.46231 	4.4501e-21
13.1853 	0.249526 	0.120806 	3.46231 	4.4501e-21
13.2554 	0.249526 	0.120806 	3.46231 	4.4501e-21
13.3255 	0.249526 	0.120806 	3.46231 	4.4501e-21
13.3957 	0.249526 	0.120806 	3.46231 	4.4501e-21
13.4658 	0.249526 	0.120806 	3.46231 	4.4501e-21
13.5359 	0.198463 	0.137677 	3.47934 	0
13.6061 	0.198463 	0.137677 	3.47934 	0
13.6762 	0.198463 	0.137677 	3.47934 	0
13.7463 	0.198463 	0.137677 	3.47934 	0
13.8165 	0.198463 	0.137677 	3.47934 	0
13.8866 	0.198463 	0.137677 	3.47934 	0
13.9567 	0.1425 	0.193386 	3.49591 	1.02546e-21
14.0269 	0.1425 	0.193386 	3.49591 	1.02546e-21
14.097 	0.1425 	0.193386 	3.49591 	1.02546e-21
14.1671 	0.1425 	0.193386 	3.49591 	1.02546e-21
14.2373 	0.1425 	0.193386 	3.49591 	1.02546e-21
14.3074 	0.1425 	0.193386 	3.49591 	1.02546e-21
14.3776 	0.113953 	0.191578 	3.50114 	2.73797e-20
14.4477 	-0.00668766 	0.193814 	3.53429 	5.34246e-22
14.5178 	-0.00668766 	0.193814 	3.53429 	5.34246e-22
14.588 	-0.00668766 	0.193814 	3.53429 	5.34246e-22
14.6581 	0.0146827 	0.209856 	3.52634 	0
14.7282 	0.0146827 	0.209856 	3.52634 	0
14.7984 	-0.0860493 	0.226717 	3.55524 	3.53012e-20
14.8685 	-0.0519587 	0.255134 	3.54324 	2.64614e-20
14.9386 	-0.0519587 	0.255134 	3.54324 	2.64614e-20
15.0088 	-0.0519587 	0.255134 	3.54324 	2.64614e-20
15.0789 	-0.0519587 	0.255134 	3.54324 	2.64614e-20
15.149 	-0.00974613 	0.275582 	3.53097 	-4.66864e-20
15.2192 	-0.126222 	0.298021 	3.57157 	-8.03983e-20
15.2893 	-0.126222 	0.298021 	3.57157 	-8.03983e-20
15.3594 	-0.126222 	0.298021 	3.57157 	-8.03983e-20
15.4296 	-0.0840846 	0.322884 	3.54786 	5.5339e-20
15.4997 	-0.0840846 	0.322884 	3.54786 	5.5339e-20
15.5698 	-0.200271 	0.33794 	3.58191 	-1.2617e-19
15.64 	-0.200271 	0.33794 	3.58191 	-1.2617e-19
15.7101 	-0.200271 	0.33794 	3.58191 	-1.2617e-19
15.7802 	-0.150941 	0.359738 	3.57531 	1.43462e-19
15.8504 	-0.150941 	0.359738 	3.57531 	1.43462e-19
15.9205 	-0.265088 	0.387664 	3.58884 	7.39089e-20
15.9906 	-0.265088 	0.387664 	3.58884 	7.39089e-20
16.0608 	-0.265088 	0.387664 	3.58884 	7.39089e-20
16.1309 	-0.202535 	0.41699 	3.56981 	0
16.201 	-0.202535 	0.41699 	3.56981 	0
16.2712 	-0.315998 	0.429334 	3.60171 	0
16.3413 	-0.315998 	0.429334 	3.60171 	0
16.4114 	-0.315998 	0.429334 	3.60171 	0
16.4816 	-0.315998 	0.429334 	3.60171 	0
16.5517 	-0.232685 	0.451315 	3.57643 	1.78221e-19
16.6219 	-0.340653 	0.488288 	3.60689 	6.69217e-20
16.692 	-0.340653 	0.488288 	3.60689 	6.69217e-20
16.7621 	-0.340653 	0.488288 	3.60689 	6.69217e-20
16.8323 	-0.340653 	0.488288 	3.60689 	6.69217e-20
16.9024 	-0.340653 	0.488288 	3.60689 	6.69217e-20
16.9725 	-0.330829 	0.542787 	3.59547 	0
17.0427 	-0.330829 	0.542787 	3.59547 	0
17.1128 	-0.330829 	0.542787 	3.59547 	0
17.1829 	-0.330829 	0.542787 	3.59547 	0
17.2531 	-0.423419 	0.579093 	3.61746 	0
17.3232 	-0.423419 	0.579093 	3.61746 	0
17.3933 	-0.423419 	0.579093 	3.61746 	0
17.4635 	-0.294457 	0.613457 	3.58859 	-1.34207e-19
17.5336 	-0.294457 	0.613457 	3.58859 	-1.34207e-19
17.6037 	-0.37421 	0.636325 	3.59928 	0
17.6739 	-0.37421 	0.636325 	3.59928 	0
17.744 	-0.37421 	0.636325 	3.59928 	0
17.8141 	-0.37421 	0.636325 	3.59928 	0
17.8843 	-0.37421 	0.636325 	3.59928 	0
17.9544 	-0.312332 	0.698513 	3.57843 	-2.61974e-19
18.0245 	-0.312332 	0.698513 	3.57843 	-2.61974e-19
18.0947 	-0.312332 	0.698513 	3.57843 	-2.61974e-19
18.1648 	-0.312332 	0.698513 	3.57843 	-2.61974e-19
18.2349 	-0.377842 	0.72591 	3.58831 	3.17201e-19
18.3051 	-0.377842 	0.72591 	3.58831 	3.17201e-19
18.3752 	-0.377842 	0.72591 	3.58831 	3.17201e-19
18.4453 	-0.377842 	0.72591 	3.58831 	3.17201e-19
18.5155 	-0.377842 	0.72591 	3.58831 	3.17201e-19
18.5856 	-0.311463 	0.762668 	3.55997 	3.97381e-19
18.6557 	-0.311463 	0.762668 	3.55997 	3.97381e-19
18.7259 	-0.311463 	0.762668 	3.55997 	3.97381e-19
18.796 	-0.311463 	0.762668 	3.55997 	3.97381e-19
18.8662 	-0.373913 	0.791767 	3.56994 	-4.79099e-19
18.9363 	-0.373913 	0.791767 	3.56994 	-4.79099e-19
19.0064 	-0.373913 	0.791767 	3.56994 	-4.79099e-19
19.0766 	-0.373913 	0.791767 	3.56994 	-4.79099e-19
19.1467 	-0.373913 	0.791767 	3.56994 	-4.79099e-19
19.2168 	-0.433358 	0.832122 	3.5913 	-2.00103e-19
19.287 	-0.299526 	0.808932 	3.51666 	-1.7894e-19
19.3571 	-0.299526 	0.808932 	3.51666 	-1.7894e-19
19.4272 	-0.299526 	0.808932 	3.51666 	-1.7894e-19
19.4974 	-0.299526 	0.808932 	3.51666 	-1.7894e-19
19.5675 	-0.357368 	0.840529 	3.53741 	-1.62275e-19
19.6376 	-0.357368 	0.840529 	3.53741 	-1.62275e-19
19.7078 	-0.357368 	0.840529 	3.53741 	-1.62275e-19
19.7779 	-0.357368 	0.840529 	3.53741 	-1.62275e-19
19.848 	-0.357368 	0.840529 	3.53741 	-1.62275e-19
19.9182 	-0.413997 	0.887004 	3.56232 	9.03535e-20
19.9883 	-0.413997 	0.887004 	3.56232 	9.03535e-20
20.0584 	-0.27379 	0.835079 	3.41419 	0
20.1286 	-0.27379 	0.835079 	3.41419 	0
20.1987 	-0.27379 	0.835079 	3.41419 	0
20.2688 	-0.330998 	0.872333 	3.46062 	-9.96008e-20
20.339 	-0.330998 	0.872333 	3.46062 	-9.96008e-20
20.4091 	-0.330998 	0.872333 	3.46062 	-9.96008e-20
20.4792 	-0.330998 	0.872333 	3.46062 	-9.96008e-20
20.5494 	-0.330998 	0.872333 	3.46062 	-9.96008e-20
20.6195 	-0.387759 	0.920867 	3.50566 	-3.3425e-20
20.6896 	-0.387759 	0.920867 	3.50566 	-3.3425e-20
20.7598 	-0.387759 	0.920867 	3.50566 	-3.3425e-20
20.8299 	-0.387759 	0.920867 	3.50566 	-3.3425e-20
20.9 	-0.263225 	0.831079 	3.14127 	-3.05049e-19
20.9702 	-0.308845 	0.880299 	3.25114 	-2.40774e-19
21.0403 	-0.308845 	0.880299 	3.25114 	-2.40774e-19
21.1105 	-0.308845 	0.880299 	3.25114 	-2.40774e-19
21.1806 	-0.308845 	0.880299 	3.25114 	-2.40774e-19
21.2507 	-0.308845 	0.880299 	3.25114 	-2.40774e-19
21.3209 	-0.357436 	0.92731 	3.33362 	1.37015e-19
21.391 	-0.357436 	0.92731 	3.33362 	1.37015e-19
21.4611 	-0.357436 	0.92731 	3.33362 	1.37015e-19
21.5313 	-0.357436 	0.92731 	3.33362 	1.37015e-19
21.6014 	-0.357436 	0.92731 	3.33362 	1.37015e-19
21.6715 	-0.357436 	0.92731 	3.33362 	1.37015e-19
21.7417 	-0.406105 	0.973798 	3.39788 	-1.1374e-19
21.8118 	-0.406105 	0.973798 	3.39788 	-1.1374e-19
21.8819 	-0.406105 	0.973798 	3.39788 	-1.1374e-19
21.9521 	-0.315892 	0.830771 	2.77469 	-7.17502e-20
22.0222 	-0.315892 	0.830771 	2.77469 	-7.17502e-20
22.0923 	-0.353653 	0.875453 	2.88365 	-4.37706e-19
22.1625 	-0.353653 	0.875453 	2.88365 	-4.37706e-19
22.2326 	-0.353653 	0.875453 	2.88365 	-4.37706e-19
22.3027 	-0.353653 	0.875453 	2.88365 	-4.37706e-19
22.3729 	-0.353653 	0.875453 	2.88365 	-4.37706e-19
22.443 	-0.353653 	0.875453 	2.88365 	-4.37706e-19
22.5131 	-0.391674 	0.939851 	3.04031 	-3.44205e-20
22.5833 	-0.391674 	0.939851 	3.04031 	-3.44205e-20
22.6534 	-0.391674 	0.939851 	3.04031 	-3.44205e-20
22.7235 	-0.391674 	0.939851 	3.04031 	-3.44205e-20
22.7937 	-0.391674 	0.939851 	3.04031 	-3.44205e-20
22.8638 	-0.429673 	0.982242 	3.11976 	2.48702e-19
22.9339 	-0.429673 	0.982242 	3.11976 	2.48702e-19
23.0041 	-0.429673 	0.982242 	3.11976 	2.48702e-19
23.0742 	-0.360646 	0.759465 	2.22056 	-3.19311e-19
23.1443 	-0.360646 	0.759465 	2.22056 	-3.19311e-19
23.2145 	-0.360646 	0.759465 	2.22056 	-3.19311e-19
23.2846 	-0.395749 	0.82067 	2.37942 	-8.08441e-20
23.3548 	-0.395749 	0.82067 	2.37942 	-8.08441e-20
23.4249 	-0.395749 	0.82067 	2.37942 	-8.08441e-20
23.495 	-0.395749 	0.82067 	2.37942 	-8.08441e-20
23.5652 	-0.395749 	0.82067 	2.37942 	-8.08441e-20
23.6353 	-0.395749 	0.82067 	2.37942 	-8.08441e-20
23.7054 	-0.430087 	0.856526 	2.4416 	-1.42288e-19
23.7756 	-0.430087 	0.856526 	2.4416 	-1.42288e-19
23.8457 	-0.430087 	0.856526 	2.4416 	-1.42288e-19
23.9158 	-0.430087 	0.856526 	2.4416 	-1.42288e-19
23.986 	-0.430087 	0.856526 	2.4416 	-1.42288e-19
24.0561 	-0.430087 	0.856526 	2.4416 	-1.42288e-19
24.1262 	-0.46186 	0.921222 	2.58108 	0
24.1964 	-0.46186 	0.921222 	2.58108 	0
24.2665 	-0.46186 	0.921222 	2.58108 	0
24.3366 	-0.46186 	0.921222 	2.58108 	0
24.4068 	-0.46186 	0.921222 	2.58108 	0
24.4769 	-0.413296 	0.688184 	1.82153 	-2.87949e-19
24.547 	-0.413296 	0.688184 	1.82153 	-2.87949e-19
24.6172 	-0.438437 	0.709077 	1.85216 	-4.59341e-19
24.6873 	-0.438437 	0.709077 	1.85216 	-4.59341e-19
24.7574 	-0.438437 	0.709077 	1.85216 	-4.59341e-19
24.8276 	-0.438437 	0.709077 	1.85216 	-4.59341e-19
24.8977 	-0.438437 	0.709077 	1.85216 	-4.59341e-19
24.9678 	-0.438437 	0.709077 	1.85216 	-4.59341e-19
25.038 	-0.463817 	0.751106 	1.92167 	1.47833e-19
25.1081 	-0.463817 	0.751106 	1.92167 	1.47833e-19
25.1782 	-0.463817 	0.751106 	1.92167 	1.47833e-19
25.2484 	-0.463817 	0.751106 	1.92167 	1.47833e-19
25.3185 	-0.463817 	0.751106 	1.92167 	1.47833e-19
25.3886 	-0.463817 	0.751106 	1.92167 	1.47833e-19
25.4588 	-0.49121 	0.770486 	1.94041 	0
25.5289 	-0.49121 	0.770486 	1.94041 	0
25.5991 	-0.49121 	0.770486 	1.94041 	0
25.6692 	-0.49121 	0.770486 	1.94041 	0
25.7393 	-0.49121 	0.770486 	1.94041 	0
25.8095 	-0.49121 	0.770486 	1.94041 	0
25.8796 	-0.49121 	0.770486 	1.94041 	0
25.9497 	-0.517618 	0.809444 	1.9858 	-3.3277e-19
26.0199 	-0.517618 	0.809444 	1.9858 	-3.3277e-19
26.09 	-0.505238 	0.641134 	1.58378 	-2.78686e-19
26.1601 	-0.505238 	0.641134 	1.58378 	-2.78686e-19
26.2303 	-0.505238 	0.641134 	1.58378 	-2.78686e-19
26.3004 	-0.505238 	0.641134 	1.58378 	-2.78686e-19
26.3705 	-0.505238 	0.641134 	1.58378 	-2.78686e-19
26.4407 	-0.525219 	0.651564 	1.58538 	6.68048e-19
26.5108 	-0.525219 	0.651564 	1.58538 	6.68048e-19
26.5809 	-0.525219 	0.651564 	1.58538 	6.68048e-19
26.6511 	-0.525219 	0.651564 	1.58538 	6.68048e-19
26.7212 	-0.525219 	0.651564 	1.58538 	6.68048e-19
26.7913 	-0.525219 	0.651564 	1.58538 	6.68048e-19
26.8615 	-0.525219 	0.651564 	1.58538 	6.68048e-19
26.9316 	-0.54092 	0.669726 	1.59004 	-4.02818e-19
27.0017 	-0.54092 	0.669726 	1.59004 	-4.02818e-19
27.0719 	-0.54092 	0.669726 	1.59004 	-4.02818e-19
27.142 	-0.54092 	0.669726 	1.59004 	-4.02818e-19
27.2121 	-0.54092 	0.669726 	1.59004 	-4.02818e-19
27.2823 	-0.54092 	0.669726 	1.59004 	-4.02818e-19
27.3524 	-0.550866 	0.678032 	1.57321 	-1.33734e-19
27.4225 	-0.550866 	0.678032 	1.57321 	-1.33734e-19
27.4927 	-0.550866 	0.678032 	1.57321 	-1.33734e-19
27.5628 	-0.550866 	0.678032 	1.57321 	-1.33734e-19
27.6329 	-0.550866 	0.678032 	1.57321 	-1.33734e-19
27.7031 	-0.550866 	0.678032 	1.57321 	-1.33734e-19
27.7732 	-0.550866 	0.678032 	1.57321 	-1.33734e-19
27.8434 	-0.550866 	0.678032 	1.57321 	-1.33734e-19
27.9135 	-0.554918 	0.69072 	1.55974 	-1.32198e-19
27.9836 	-0.554918 	0.69072 	1.55974 	-1.32198e-19
28.0538 	-0.554918 	0.69072 	1.55974 	-1.32198e-19
28.1239 	-0.554918 	0.69072 	1.55974 	-1.32198e-19
28.194 	-0.554918 	0.69072 	1.55974 	-1.32198e-19
28.2642 	-0.554918 	0.69072 	1.55974 	-1.32198e-19
28.3343 	-0.545029 	0.637444 	1.46397 	1.31901e-19
28.4044 	-0.544468 	0.638386 	1.45507 	-2.48105e-19
28.4746 	-0.544468 	0.638386 	1.45507 	-2.48105e-19
28.5447 	-0.544468 	0.638386 	1.45507 	-2.48105e-19
28.6148 	-0.544468 	0.638386 	1.45507 	-2.48105e-19
28.685 	-0.544468 	0.638386 	1.45507 	-2.48105e-19
28.7551 	-0.544468 	0.638386 	1.45507 	-2.48105e-19
28.8252 	-0.544468 	0.638386 	1.45507 	-2.48105e-19
28.8954 	-0.544468 	0.638386 	1.45507 	-2.48105e-19
28.9655 	-0.536249 	0.638353 	1.44455 	-2.4108e-19
29.0356 	-0.536249 	0.638353 	1.44455 	-2.4108e-19
29.1058 	-0.536249 	0.638353 	1.44455 	-2.4108e-19
29.1759 	-0.536249 	0.638353 	1.44455 	-2.4108e-19
29.246 	-0.536249 	0.638353 	1.44455 	-2.4108e-19
29.3162 	-0.536249 	0.638353 	1.44455 	-2.4108e-19
29.3863 	-0.536249 	0.638353 	1.44455 	-2.4108e-19
29.4564 	-0.519935 	0.633126 	1.42847 	2.25432e-19
29.5266 	-0.519935 	0.633126 	1.42847 	2.25432e-19
29.5967 	-0.519935 	0.633126 	1.42847 	2.25432e-19
29.6668 	-0.519935 	0.633126 	1.42847 	2.25432e-19
29.737 	-0.519935 	0.633126 	1.42847 	2.25432e-19
29.8071 	-0.519935 	0.633126 	1.42847 	2.25432e-19
29.8773 	-0.519935 	0.633126 	1.42847 	2.25432e-19
29.9474 	-0.519935 	0.633126 	1.42847 	2.25432e-19
30.0175 	-0.498391 	0.61994 	1.41855 	-2.0806e-19
30.0877 	-0.498391 	0.61994 	1.41855 	-2.0806e-19
30.1578 	-0.498391 	0.61994 	1.41855 	-2.0806e-19
30.2279 	-0.498391 	0.61994 	1.41855 	-2.0806e-19
30.2981 	-0.498391 	0.61994 	1.41855 	-2.0806e-19
30.3682 	-0.498391 	0.61994 	1.41855 	-2.0806e-19
30.4383 	-0.498391 	0.61994 	1.41855 	-2.0806e-19
30.5085 	-0.498391 	0.61994 	1.41855 	-2.0806e-19
30.5786 	-0.474124 	0.600081 	1.4092 	3.78433e-19
30.6487 	-0.474124 	0.600081 	1.4092 	3.78433e-19
30.7189 	-0.474124 	0.600081 	1.4092 	3.78433e-19
30.789 	-0.474124 	0.600081 	1.4092 	3.78433e-19
30.8591 	-0.474124 	0.600081 	1.4092 	3.78433e-19
30.9293 	-0.474124 	0.600081 	1.4092 	3.78433e-19
30.9994 	-0.474124 	0.600081 	1.4092 	3.78433e-19
31.0695 	-0.474124 	0.600081 	1.4092 	3.78433e-19
31.1397 	-0.447477 	0.576333 	1.4056 	-1.84026e-19
31.2098 	-0.447477 	0.576333 	1.4056 	-1.84026e-19
31.2799 	-0.447477 	0.576333 	1.4056 	-1.84026e-19
31.3501 	-0.447477 	0.576333 	1.4056 	-1.84026e-19
31.4202 	-0.447477 	0.576333 	1.4056 	-1.84026e-19
31.4903 	-0.447477 	0.576333 	1.4056 	-1.84026e-19
31.5605 	-0.495881 	0.58041 	1.42053 	3.168e-19
31.6306 	-0.495881 	0.58041 	1.42053 	3.168e-19
31.7007 	-0.479145 	0.567161 	1.42071 	-8.71532e-20
31.7709 	-0.479145 	0.567161 	1.42071 	-8.71532e-20
31.841 	-0.479145 	0.567161 	1.42071 	-8.71532e-20
31.9111 	-0.479145 	0.567161 	1.42071 	-8.71532e-20
31.9813 	-0.479145 	0.567161 	1.42071 	-8.71532e-20
32.0514 	-0.479145 	0.567161 	1.42071 	-8.71532e-20
32.1216 	-0.479145 	0.567161 	1.42071 	-8.71532e-20
32.1917 	-0.479145 	0.567161 	1.42071 	-8.71532e-20
32.2618 	-0.479145 	0.567161 	1.42071 	-8.71532e-20
32.332 	-0.46642 	0.555992 	1.4257 	0
32.4021 	-0.46642 	0.555992 	1.4257 	0
32.4722 	-0.46642 	0.555992 	1.4257 	0
32.5424 	-0.46642 	0.555992 	1.4257 	0
32.6125 	-0.46642 	0.555992 	1.4257 	0
32.6826 	-0.46642 	0.555992 	1.4257 	0
32.7528 	-0.46642 	0.555992 	1.4257 	0
32.8229 	-0.46642 	0.555992 	1.4257 	0
32.893 	-0.46642 	0.555992 	1.4257 	0
32.9632 	-0.459326 	0.551408 	1.43148 	0
33.0333 	-0.459326 	0.551408 	1.43148 	0
33.1034 	-0.459326 	0.551408 	1.43148 	0
33.1736 	-0.459326 	0.551408 	1.43148 	0
33.2437 	-0.459326 	0.551408 	1.43148 	0
33.3138 	-0.459326 	0.551408 	1.43148 	0
33.384 	-0.459326 	0.551408 	1.43148 	0
33.4541 	-0.459326 	0.551408 	1.43148 	0
33.5242 	-0.459326 	0.551408 	1.43148 	0
33.5944 	-0.457275 	0.552724 	1.43505 	4.25802e-20
33.6645 	-0.457275 	0.552724 	1.43505 	4.25802e-20
33.7346 	-0.457275 	0.552724 	1.43505 	4.25802e-20
33.8048 	-0.457275 	0.552724 	1.43505 	4.25802e-20
33.8749 	-0.457275 	0.552724 	1.43505 	4.25802e-20
33.945 	-0.457275 	0.552724 	1.43505 	4.25802e-20
34.0152 	-0.457275 	0.552724 	1.43505 	4.25802e-20
34.0853 	-0.457275 	0.552724 	1.43505 	4.25802e-20
34.1554 	-0.457275 	0.552724 	1.43505 	4.25802e-20
34.2256 	-0.464872 	0.560476 	1.43422 	-3.44542e-20
34.2957 	-0.464872 	0.560476 	1.43422 	-3.44542e-20
34.3659 	-0.464872 	0.560476 	1.43422 	-3.44542e-20
34.436 	-0.464872 	0.560476 	1.43422 	-3.44542e-20
34.5061 	-0.464872 	0.560476 	1.43422 	-3.44542e-20
34.5763 	-0.464872 	0.560476 	1.43422 	-3.44542e-20
34.6464 	-0.464872 	0.560476 	1.43422 	-3.44542e-20
34.7165 	-0.464872 	0.560476 	1.43422 	-3.44542e-20
34.7867 	-0.464872 	0.560476 	1.43422 	-3.44542e-20
34.8568 	-0.464872 	0.560476 	1.43422 	-3.44542e-20
34.9269 	-0.489436 	0.581995 	1.4312 	7.9522e-20
34.9971 	-0.489436 	0.581995 	1.4312 	7.9522e-20
35.0672 	-0.489436 	0.581995 	1.4312 	7.9522e-20
35.1373 	-0.489436 	0.581995 	1.4312 	7.9522e-20
35.2075 	-0.489436 	0.581995 	1.4312 	7.9522e-20
35.2776 	-0.489436 	0.581995 	1.4312 	7.9522e-20
35.3477 	-0.489436 	0.581995 	1.4312 	7.9522e-20
35.4179 	-0.489436 	0.581995 	1.4312 	7.9522e-20
35.488 	-0.489436 	0.581995 	1.4312 	7.9522e-20
35.5581 	-0.489436 	0.581995 	1.4312 	7.9522e-20
35.6283 	-0.533245 	0.632147 	1.41607 	-2.05123e-20
35.6984 	-0.533245 	0.632147 	1.41607 	-2.05123e-20
35.7685 	-0.533245 	0.632147 	1.41607 	-2.05123e-20
35.8387 	-0.533245 	0.632147 	1.41607 	-2.05123e-20
35.9088 	-0.533245 	0.632147 	1.41607 	-2.05123e-20
35.9789 	-0.533245 	0.632147 	1.41607 	-2.05123e-20
36.0491 	-0.533245 	0.632147 	1.41607 	-2.05123e-20
36.1192 	-0.533245 	0.632147 	1.41607 	-2.05123e-20
36.1893 	-0.533245 	0.632147 	1.41607 	-2.05123e-20
36.2595 	-0.533245 	0.632147 	1.41607 	-2.05123e-20
36.3296 	-0.61015 	0.734522 	1.35469 	2.31542e-20
36.3997 	-0.61015 	0.734522 	1.35469 	2.31542e-20
36.4699 	-0.61015 	0.734522 	1.35469 	2.31542e-20
36.54 	-0.61015 	0.734522 	1.35469 	2.31542e-20
36.6102 	-0.61015 	0.734522 	1.35469 	2.31542e-20
36.6803 	-0.61015 	0.734522 	1.35469 	2.31542e-20
36.7504 	-0.61015 	0.734522 	1.35469 	2.31542e-20
36.8206 	-0.61015 	0.734522 	1.35469 	2.31542e-20
36.8907 	-0.61015 	0.734522 	1.35469 	2.31542e-20
36.9608 	-0.61015 	0.734522 	1.35469 	2.31542e-20
37.031 	-0.61015 	0.734522 	1.35469 	2.31542e-20
37.1011 	-0.72015 	0.820045 	1.27726 	0
37.1712 	-0.72015 	0.820045 	1.27726 	0
37.2414 	-0.72015 	0.820045 	1.27726 	0
37.3115 	-0.72015 	0.820045 	1.27726 	0
37.3816 	-0.72015 	0.820045 	1.27726 	0
37.4518 	-0.72015 	0.820045 	1.27726 	0
37.5219 	-0.72015 	0.820045 	1.27726 	0
37.592 	-0.72015 	0.820045 	1.27726 	0
37.6622 	-0.854905 	0.86401 	1.19564 	0
37.7323 	-0.854905 	0.86401 	1.19564 	0
37.8024 	-0.854905 	0.86401 	1.19564 	0
37.8726 	-0.854905 	0.86401 	1.19564 	0
37.9427 	-0.854905 	0.86401 	1.19564 	0
38.0128 	-0.854905 	0.86401 	1.19564 	0
38.083 	-0.854905 	0.86401 	1.19564 	0
38.1531 	-0.854905 	0.86401 	1.19564 	0
38.2232 	-0.854905 	0.86401 	1.19564 	0
38.2934 	-1.02068 	0.849345 	1.10614 	0
38.3635 	-1.02068 	0.849345 	1.10614 	0
38.4336 	-1.02068 	0.849345 	1.10614 	0
38.5038 	-1.02068 	0.849345 	1.10614 	0
38.5739 	-1.02068 	0.849345 	1.10614 	0
38.644 	-1.02068 	0.849345 	1.10614 	0
38.7142 	-1.02068 	0.849345 	1.10614 	0
38.7843 	-1.02068 	0.849345 	1.10614 	0
38.8545 	-1.02068 	0.849345 	1.10614 	0
38.9246 	-1.21558 	0.768386 	1.02249 	0
38.9947 	-1.21558 	0.768386 	1.02249 	0
39.0649 	-1.21558 	0.768386 	1.02249 	0
39.135 	-1.21558 	0.768386 	1.02249 	0
39.2051 	-1.21558 	0.768386 	1.02249 	0
39.2753 	-1.21558 	0.768386 	1.02249 	0
39.3454 	-1.21558 	0.768386 	1.02249 	0
39.4155 	-1.21558 	0.768386 	1.02249 	0
39.4857 	-1.21558 	0.768386 	1.02249 	0
39.5558 	-1.40062 	0.616849 	0.954262 	0
39.6259 	-1.40062 	0.616849 	0.954262 	0
39.6961 	-1.40062 	0.616849 	0.954262 	0
39.7662 	-1.40062 	0.616849 	0.954262 	0
39.8363 	-1.40062 	0.616849 	0.954262 	0
39.9065 	-1.40062 	0.616849 	0.954262 	0
39.9766 	-1.40062 	0.616849 	0.954262 	0
40.0467 	-1.40062 	0.616849 	0.954262 	0
40.1169 	-1.54743 	0.405967 	0.914091 	0
40.187 	-1.54743 	0.405967 	0.914091 	0
40.2571 	-1.54743 	0.405967 	0.914091 	0
40.3273 	-1.54743 	0.405967 	0.914091 	0
40.3974 	-1.54743 	0.405967 	0.914091 	0
40.4675 	-1.54743 	0.405967 	0.914091 	0
40.5377 	-1.54743 	0.405967 	0.914091 	0
40.6078 	-1.54743 	0.405967 	0.914091 	0
40.6779 	-1.54743 	0.405967 	0.914091 	0
40.7481 	-1.62336 	0.157119 	0.910387 	0
40.8182 	-1.62336 	0.157119 	0.910387 	0
40.8883 	-1.62336 	0.157119 	0.910387 	0
40.9585 	-1.62336 	0.157119 	0.910387 	0
41.0286 	-1.62336 	0.157119 	0.910387 	0
41.0988 	-1.62336 	0.157119 	0.910387 	0
41.1689 	-1.62336 	0.157119 	0.910387 	0
41.239 	-1.62336 	0.157119 	0.910387 	0
41.3092 	-1.62336 	0.157119 	0.910387 	0
41.3793 	-1.61063 	-0.103393 	0.934638 	0
41.4494 	-1.61063 	-0.103393 	0.934638 	0
41.5196 	-1.61063 	-0.103393 	0.934638 	0
41.5897 	-1.61063 	-0.103393 	0.934638 	0
41.6598 	-1.61063 	-0.103393 	0.934638 	0
41.73 	-1.61063 	-0.103393 	0.934638 	0
41.8001 	-1.61063 	-0.103393 	0.934638 	0
41.8702 	-1.61063 	-0.103393 	0.934638 	0
41.9404 	-1.61063 	-0.103393 	0.934638 	0
42.0105 	-1.52324 	-0.345942 	0.982846 	0
42.0806 	-1.52324 	-0.345942 	0.982846 	0
42.1508 	-1.52324 	-0.345942 	0.982846 	0
42.2209 	-1.52324 	-0.345942 	0.982846 	0
42.291 	-1.52324 	-0.345942 	0.982846 	0
42.3612 	-1.52324 	-0.345942 	0.982846 	0
42.4313 	-1.52324 	-0.345942 	0.982846 	0
42.5014 	-1.52324 	-0.345942 	0.982846 	0
42.5716 	-1.52324 	-0.345942 	0.982846 	0
42.6417 	-1.37021 	-0.55196 	1.05171 	0
42.7118 	-1.37021 	-0.55196 	1.05171 	0
42.782 	-1.37021 	-0.55196 	1.05171 	0
42.8521 	-1.37021 	-0.55196 	1.05171 	0
42.9222 	-1.37021 	-0.55196 	1.05171 	0
42.9924 	-1.37021 	-0.55196 	1.05171 	0
43.0625 	-1.37021 	-0.55196 	1.05171 	0
43.1327 	-1.37021 	-0.55196 	1.05171 	0
43.2028 	-1.1716 	-0.711501 	1.13612 	0
43.2729 	-1.1716 	-0.711501 	1.13612 	0
43.3431 	-1.1716 	-0.711501 	1.13612 	0
43.4132 	-1.1716 	-0.711501 	1.13612 	0
43.4833 	-1.1716 	-0.711501 	1.13612 	0
43.5535 	-1.1716 	-0.711501 	1.13612 	0
43.6236 	-1.1716 	-0.711501 	1.13612 	0
43.6937 	-1.1716 	-0.711501 	1.13612 	0
43.7639 	-1.1716 	-0.711501 	1.13612 	0
43.834 	-0.952193 	-0.819908 	1.23011 	0
43.9041 	-0.952193 	-0.819908 	1.23011 	0
43.9743 	-0.952193 	-0.819908 	1.23011 	0
44.0444 	-0.952193 	-0.819908 	1.23011 	0
44.1145 	-0.952193 	-0.819908 	1.23011 	0
44.1847 	-0.952193 	-0.819908 	1.23011 	0
44.2548 	-0.952193 	-0.819908 	1.23011 	0
44.3249 	-0.952193 	-0.819908 	1.23011 	0
44.3951 	-0.952193 	-0.819908 	1.23011 	0
44.4652 	-0.73501 	-0.876906 	1.32875 	0
44.5353 	-0.73501 	-0.876906 	1.32875 	0
44.6055 	-0.73501 	-0.876906 	1.32875 	0
44.6756 	-0.73501 	-0.876906 	1.32875 	0
44.7457 	-0.73501 	-0.876906 	1.32875 	0
44.8159 	-0.73501 	-0.876906 	1.32875 	0
44.886 	-0.73501 	-0.876906 	1.32875 	0
44.9561 	-0.73501 	-0.876906 	1.32875 	0
45.0263 	-0.73501 	-0.876906 	1.32875 	0
45.0964 	-0.536511 	-0.885019 	1.42908 	0
45.1665 	-0.536511 	-0.885019 	1.42908 	0
45.2367 	-0.536511 	-0.885019 	1.42908 	0
45.3068 	-0.536511 	-0.885019 	1.42908 	0
45.377 	-0.536511 	-0.885019 	1.42908 	0
45.4471 	-0.536511 	-0.885019 	1.42908 	0
45.5172 	-0.536511 	-0.885019 	1.42908 	0
45.5874 	-0.536511 	-0.885019 	1.42908 	0
45.6575 	-0.367218 	-0.849846 	1.5262 	0
45.7276 	-0.367218 	-0.849846 	1.5262 	0
45.7978 	-0.367218 	-0.849846 	1.5262 	0
45.8679 	-0.367218 	-0.849846 	1.5262 	0
45.938 	-0.367218 	-0.849846 	1.5262 	0
46.0082 	-0.367218 	-0.849846 	1.5262 	0
46.0783 	-0.367218 	-0.849846 	1.5262 	0
46.1484 	-0.367218 	-0.849846 	1.5262 	0
46.2186 	-0.367218 	-0.849846 	1.5262 	0
46.2887 	-0.236599 	-0.782658 	1.61095 	0
46.3588 	-0.236599 	-0.782658 	1.61095 	0
46.429 	-0.236599 	-0.782658 	1.61095 	0
46.4991 	-0.236599 	-0.782658 	1.61095 	0
46.5692 	-0.236599 	-0.782658 	1.61095 	0
46.6394 	-0.236599 	-0.782658 	1.61095 	0
46.7095 	-0.236599 	-0.782658 	1.61095 	0
46.7796 	-0.229397 	-0.865586 	1.80632 	0
46.8498 	-0.229397 	-0.865586 	1.80632 	0
46.9199 	-0.128833 	-0.762258 	1.84536 	0
46.99 	-0.128833 	-0.762258 	1.84536 	0
47.0602 	-0.128833 	-0.762258 	1.84536 	0
47.1303 	-0.128833 	-0.762258 	1.84536 	0
47.2004 	-0.128833 	-0.762258 	1.84536 	0
47.2706 	-0.128833 	-0.762258 	1.84536 	0
47.3407 	-0.128833 	-0.762258 	1.84536 	0
47.4108 	-0.128833 	-0.762258 	1.84536 	0
47.481 	-0.128833 	-0.762258 	1.84536 	0
47.5511 	-0.0613088 	-0.660277 	1.86879 	0
47.6213 	-0.0613088 	-0.660277 	1.86879 	0
47.6914 	-0.0613088 	-0.660277 	1.86879 	0
47.7615 	-0.0613088 	-0.660277 	1.86879 	0
47.8317 	-0.0613088 	-0.660277 	1.86879 	0
47.9018 	-0.0613088 	-0.660277 	1.86879 	0
47.9719 	-0.0613088 	-0.660277 	1.86879 	0
48.0421 	-0.0613088 	-0.660277 	1.86879 	0
48.1122 	-0.0613088 	-0.660277 	1.86879 	0
48.1823 	-0.0172653 	-0.566966 	1.88189 	0
48.2525 	-0.0172653 	-0.566966 	1.88189 	0
48.3226 	-0.0172653 	-0.566966 	1.88189 	0
48.3927 	-0.0172653 	-0.566966 	1.88189 	0
48.4629 	-0.0172653 	-0.566966 	1.88189 	0
48.533 	-0.0172653 	-0.566966 	1.88189 	0
48.6031 	-0.0172653 	-0.566966 	1.88189 	0
48.6733 	-0.0172653 	-0.566966 	1.88189 	0
48.7434 	0.0106502 	-0.484976 	1.88826 	0
48.8135 	0.0106502 	-0.484976 	1.88826 	0
48.8837 	0.0106502 	-0.484976 	1.88826 	0
48.9538 	0.0106502 	-0.484976 	1.88826 	0
49.0239 	0.0106502 	-0.484976 	1.88826 	0
49.0941 	0.0106502 	-0.484976 	1.88826 	0
49.1642 	0.0106502 	-0.484976 	1.88826 	0
49.2343 	0.0106502 	-0.484976 	1.88826 	0
49.3045 	0.0106502 	-0.484976 	1.88826 	0
49.3746 	0.0279467 	-0.414569 	1.89045 	0
49.4447 	0.0279467 	-0.414569 	1.89045 	0
49.5149 	0.0279467 	-0.414569 	1.89045 	0
49.585 	0.0279467 	-0.414569 	1.89045 	0
49.6551 	0.0279467 	-0.414569 	1.89045 	0
49.7253 	0.0279467 	-0.414569 	1.89045 	0
49.7954 	0.0279467 	-0.414569 	1.89045 	0
49.8656 	0.0279467 	-0.414569 	1.89045 	0
49.9357 	0.0279467 	-0.414569 	1.89045 	0
50.0058 	0.0383569 	-0.354861 	1.89014 	0
50.076 	0.0383569 	-0.354861 	1.89014 	0
50.1461 	0.0383569 	-0.354861 	1.89014 	0
50.2162 	0.0383569 	-0.354861 	1.89014 	0
50.2864 	0.0383569 	-0.354861 	1.89014 	0
50.3565 	0.0383569 	-0.354861 	1.89014 	0
50.4266 	0.0383569 	-0.354861 	1.89014 	0
50.4968 	0.0383569 	-0.354861 	1.89014 	0
50.5669 	0.0383569 	-0.354861 	1.89014 	0
50.637 	0.0443454 	-0.304555 	1.88837 	0
50.7072 	0.0443454 	-0.304555 	1.88837 	0
50.7773 	0.0443454 	-0.304555 	1.88837 	0
50.8474 	0.0443454 	-0.304555 	1.88837 	0
50.9176 	0.0443454 	-0.304555 	1.88837 	0
50.9877 	0.0443454 	-0.304555 	1.88837 	0
51.0578 	0.0443454 	-0.304555 	1.88837 	0
51.128 	0.0443454 	-0.304555 	1.88837 	0
51.1981 	0.0443454 	-0.304555 	1.88837 	0
51.2682 	0.0475241 	-0.262267 	1.88579 	0
51.3384 	0.0475241 	-0.262267 	1.88579 	0
51.4085 	0.0475241 	-0.262267 	1.88579 	0
51.4786 	0.0475241 	-0.262267 	1.88579 	0
51.5488 	0.0475241 	-0.262267 	1.88579 	0
51.6189 	0.0475241 	-0.262267 	1.88579 	0
51.689 	0.0475241 	-0.262267 	1.88579 	0
51.7592 	0.0475241 	-0.262267 	1.88579 	0
51.8293 	0.0489292 	-0.226718 	1.88276 	0
51.8994 	0.0489292 	-0.226718 	1.88276 	0
51.9696 	0.0489292 	-0.226718 	1.88276 	0
52.0397 	0.0489292 	-0.226718 	1.88276 	0
52.1099 	0.0489292 	-0.226718 	1.88276 	0
52.18 	0.0489292 	-0.226718 	1.88276 	0
52.2501 	0.0489292 	-0.226718 	1.88276 	0
52.3203 	0.0489292 	-0.226718 	1.88276 	0
52.3904 	0.0489292 	-0.226718 	1.88276 	0
52.4605 	0.0491904 	-0.196715 	1.87958 	0
52.5307 	0.0491904 	-0.196715 	1.87958 	0
52.6008 	0.0491904 	-0.196715 	1.87958 	0
52.6709 	0.0491904 	-0.196715 	1.87958 	0
52.7411 	0.0491904 	-0.196715 	1.87958 	0
52.8112 	0.0491904 	-0.196715 	1.87958 	0
52.8813 	0.0491904 	-0.196715 	1.87958 	0
52.9515 	0.0491904 	-0.196715 	1.87958 	0
53.0216 	0.0491904 	-0.196715 	1.87958 	0
53.0917 	0.0486642 	-0.171252 	1.87649 	0
53.1619 	0.0486642 	-0.171252 	1.87649 	0
53.232 	0.0486642 	-0.171252 	1.87649 	0
53.3021 	0.0486642 	-0.171252 	1.87649 	0
53.3723 	0.0486642 	-0.171252 	1.87649 	0
53.4424 	0.0486642 	-0.171252 	1.87649 	0
53.5125 	0.0486642 	-0.171252 	1.87649 	0
53.5827 	0.0486642 	-0.171252 	1.87649 	0
53.6528 	0.0486642 	-0.171252 	1.87649 	0
53.7229 	0.0475842 	-0.149457 	1.87364 	0
53.7931 	0.0475842 	-0.149457 	1.87364 	0
53.8632 	0.0475842 	-0.149457 	1.87364 	0
53.9333 	0.0475842 	-0.149457 	1.87364 	0
54.0035 	0.0475842 	-0.149457 	1.87364 	0
54.0736 	0.0475842 	-0.149457 	1.87364 	0
54.1437 	0.0475842 	-0.149457 	1.87364 	0
54.2139 	0.0475842 	-0.149457 	1.87364 	0
54.284 	0.0461549 	-0.130708 	1.87108 	0
54.3542 	0.0461549 	-0.130708 	1.87108 	0
54.4243 	0.0461549 	-0.130708 	1.87108 	0
54.4944 	0.0461549 	-0.130708 	1.87108 	0
54.5646 	0.0461549 	-0.130708 	1.87108 	0
54.6347 	0.0461549 	-0.130708 	1.87108 	0
54.7048 	0.0461549 	-0.130708 	1.87108 	0
54.775 	0.0461549 	-0.130708 	1.87108 	0
54.8451 	0.0461549 	-0.130708 	1.87108 	0
54.9152 	0.0445366 	-0.114437 	1.86882 	0
54.9854 	0.0445366 	-0.114437 	1.86882 	0
55.0555 	0.0445366 	-0.114437 	1.86882 	0
55.1256 	0.0445366 	-0.114437 	1.86882 	0
55.1958 	0.0445366 	-0.114437 	1.86882 	0
55.2659 	0.0445366 	-0.114437 	1.86882 	0
55.336 	0.0445366 	-0.114437 	1.86882 	0
55.4062 	0.0445366 	-0.114437 	1.86882 	0
55.4763 	0.0445366 	-0.114437 	1.86882 	0
55.5464 	0.0428057 	-0.100286 	1.86685 	0
55.6166 	0.0428057 	-0.100286 	1.86685 	0
55.6867 	0.0428057 	-0.100286 	1.86685 	0
55.7568 	0.0428057 	-0.100286 	1.86685 	0
55.827 	0.0428057 	-0.100286 	1.86685 	0
55.8971 	0.0428057 	-0.100286 	1.86685 	0
55.9672 	0.0428057 	-0.100286 	1.86685 	0
56.0374 	0.0428057 	-0.100286 	1.86685 	0
56.1075 	0.0428057 	-0.100286 	1.86685 	0
56.1776 	0.0409771 	-0.0878711 	1.86518 	0
56.2478 	0.0409771 	-0.0878711 	1.86518 	0
56.3179 	0.0409771 	-0.0878711 	1.86518 	0
56.3881 	0.0409771 	-0.0878711 	1.86518 	0
56.4582 	0.0409771 	-0.0878711 	1.86518 	0
56.5283 	0.0409771 	-0.0878711 	1.86518 	0
56.5985 	0.0409771 	-0.0878711 	1.86518 	0
56.6686 	0.0409771 	-0.0878711 	1.86518 	0
56.7387 	0.0409771 	-0.0878711 	1.86518 	0
56.8089 	0.0390656 	-0.0770362 	1.86379 	0
56.879 	0.0390656 	-0.0770362 	1.86379 	0
56.9491 	0.0390656 	-0.0770362 	1.86379 	0
57.0193 	0.0390656 	-0.0770362 	1.86379 	0
57.0894 	0.0390656 	-0.0770362 	1.86379 	0
57.1595 	0.0390656 	-0.0770362 	1.86379 	0
57.2297 	0.0390656 	-0.0770362 	1.86379 	0
57.2998 	0.0390656 	-0.0770362 	1.86379 	0
57.3699 	0.0371071 	-0.0674986 	1.86263 	0
57.4401 	0.0371071 	-0.0674986 	1.86263 	0
57.5102 	0.0371071 	-0.0674986 	1.86263 	0
57.5803 	0.0371071 	-0.0674986 	1.86263 	0
57.6505 	0.0371071 	-0.0674986 	1.86263 	0
57.7206 	0.0371071 	-0.0674986 	1.86263 	0
57.7907 	0.0371071 	-0.0674986 	1.86263 	0
57.8609 	0.0371071 	-0.0674986 	1.86263 	0
57.931 	0.0371071 	-0.0674986 	1.86263 	0
58.0011 	0.0351324 	-0.0591989 	1.86164 	0
58.0713 	0.0351324 	-0.0591989 	1.86164 	0
58.1414 	0.0351324 	-0.0591989 	1.86164 	0
58.2115 	0.0351324 	-0.0591989 	1.86164 	0
58.2817 	0.0351324 	-0.0591989 	1.86164 	0
58.3518 	0.0351324 	-0.0591989 	1.86164 	0
58.4219 	0.0351324 	-0.0591989 	1.86164 	0
58.4921 	0.0351324 	-0.0591989 	1.86164 	0
58.5622 	0.0351324 	-0.0591989 	1.86164 	0
58.6324 	0.03315 	-0.0518657 	1.8608 	0
58.7025 	0.03315 	-0.0518657 	1.8608 	0
58.7726 	0.03315 	-0.0518657 	1.8608 	0
58.8428 	0.03315 	-0.0518657 	1.8608 	0
58.9129 	0.03315 	-0.0518657 	1.8608 	0
58.983 	0.03315 	-0.0518657 	1.8608 	0
59.0532 	0.03315 	-0.0518657 	1.8608 	0
59.1233 	0.03315 	-0.0518657 	1.8608 	0
59.1934 	0.03315 	-0.0518657 	1.8608 	0
59.2636 	0.0311572 	-0.0455145 	1.86008 	0
59.3337 	0.0311572 	-0.0455145 	1.86008 	0
59.4038 	0.0311572 	-0.0455145 	1.86008 	0
59.474 	0.0311572 	-0.0455145 	1.86008 	0
59.5441 	0.0311572 	-0.0455145 	1.86008 	0
59.6142 	0.0311572 	-0.0455145 	1.86008 	0
59.6844 	0.0311572 	-0.0455145 	1.86008 	0
59.7545 	0.0311572 	-0.0455145 	1.86008 	0
59.8246 	0.0291544 	-0.0398656 	1.85947 	0
59.8948 	0.0291544 	-0.0398656 	1.85947 	0
59.9649 	0.0291544 	-0.0398656 	1.85947 	0
60.035 	0.0291544 	-0.0398656 	1.85947 	0
60.1052 	0.0291544 	-0.0398656 	1.85947 	0
60.1753 	0.0291544 	-0.0398656 	1.85947 	0
60.2454 	0.0291544 	-0.0398656 	1.85947 	0
60.3156 	0.0291544 	-0.0398656 	1.85947 	0
60.3857 	0.0291544 	-0.0398656 	1.85947 	0
60.4558 	0.0271469 	-0.0350194 	1.85895 	0
60.526 	0.0271469 	-0.0350194 	1.85895 	0
60.5961 	0.0271469 	-0.0350194 	1.85895 	0
60.6662 	0.0271469 	-0.0350194 	1.85895 	0
60.7364 	0.0271469 	-0.0350194 	1.85895 	0
60.8065 	0.0271469 	-0.0350194 	1.85895 	0
60.8767 	0.0271469 	-0.0350194 	1.85895 	0
60.9468 	0.0271469 	-0.0350194 	1.85895 	0
61.0169 	0.0271469 	-0.0350194 	1.85895 	0
61.0871 	0.0251386 	-0.0306627 	1.85848 	0
61.1572 	0.0251386 	-0.0306627 	1.85848 	0
61.2273 	0.0251386 	-0.0306627 	1.85848 	0
61.2975 	0.0251386 	-0.0306627 	1.85848 	0
61.3676 	0.0251386 	-0.0306627 	1.85848 	0
61.4377 	0.0251386 	-0.0306627 	1.85848 	0
61.5079 	0.0251386 	-0.0306627 	1.85848 	0
61.578 	0.0251386 	-0.0306627 	1.85848 	0
61.6481 	0.0251386 	-0.0306627 	1.85848 	0
61.7183 	0.0231304 	-0.0269857 	1.85809 	0
61.7884 	0.0231304 	-0.0269857 	1.85809 	0
61.8585 	0.0231304 	-0.0269857 	1.85809 	0
61.9287 	0.0231304 	-0.0269857 	1.85809 	0
61.9988 	0.0231304 	-0.0269857 	1.85809 	0
62.0689 	0.0231304 	-0.0269857 	1.85809 	0
62.1391 	0.0231304 	-0.0269857 	1.85809 	0
62.2092 	0.0231304 	-0.0269857 	1.85809 	0
62.2793 	0.0231304 	-0.0269857 	1.85809 	0
62.3495 	0.021122 	-0.0236154 	1.85774 	0
62.4196 	0.021122 	-0.0236154 	1.85774 	0
62.4897 	0.021122 	-0.0236154 	1.85774 	0
62.5599 	0.021122 	-0.0236154 	1.85774 	0
62.63 	0.021122 	-0.0236154 	1.85774 	0
62.7001 	0.021122 	-0.0236154 	1.85774 	0
62.7703 	0.021122 	-0.0236154 	1.85774 	0
62.8404 	0.021122 	-0.0236154 	1.85774 	0
62.9105 	0.0191134 	-0.0208506 	1.85744 	0
62.9807 	0.0191134 	-0.0208506 	1.85744 	0
63.0508 	0.0191134 	-0.0208506 	1.85744 	0
63.121 	0.0191134 	-0.0208506 	1.85744 	0
63.1911 	0.0191134 	-0.0208506 	1.85744 	0
63.2612 	0.0191134 	-0.0208506 	1.85744 	0
63.3314 	0.0191134 	-0.0208506 	1.85744 	0
63.4015 	0.0191134 	-0.0208506 	1.85744 	0
63.4716 	0.0191134 	-0.0208506 	1.85744 	0
63.5418 	0.0171042 	-0.0182222 	1.85716 	0
63.6119 	0.0171042 	-0.0182222 	1.85716 	0
63.682 	0.0171042 	-0.0182222 	1.85716 	0
63.7522 	0.0171042 	-0.0182222 	1.85716 	0
63.8223 	0.0171042 	-0.0182222 	1.85716 	0
63.8924 	0.0171042 	-0.0182222 	1.85716 	0
63.9626 	0.0171042 	-0.0182222 	1.85716 	0
64.0327 	0.0171042 	-0.0182222 	1.85716 	0
64.1028 	0.0171042 	-0.0182222 	1.85716 	0
64.173 	0.0150945 	-0.0161676 	1.85694 	0
64.2431 	0.0150945 	-0.0161676 	1.85694 	0
64.3132 	0.0150945 	-0.0161676 	1.85694 	0
64.3834 	0.0150945 	-0.0161676 	1.85694 	0
64.4535 	0.0150945 	-0.0161676 	1.85694 	0
64.5236 	0.0150945 	-0.0161676 	1.85694 	0
64.5938 	0.0150945 	-0.0161676 	1.85694 	0
64.6639 	0.0150945 	-0.0161676 	1.85694 	0
64.734 	0.0150945 	-0.0161676 	1.85694 	0
64.8042 	0.0130841 	-0.0140799 	1.85671 	0
64.8743 	0.0130841 	-0.0140799 	1.85671 	0
64.9444 	0.0130841 	-0.0140799 	1.85671 	0
65.0146 	0.0130841 	-0.0140799 	1.85671 	0
65.0847 	0.0130841 	-0.0140799 	1.85671 	0
65.1548 	0.0130841 	-0.0140799 	1.85671 	0
65.225 	0.0130841 	-0.0140799 	1.85671 	0
65.2951 	0.0128516 	-0.0136179 	1.85901 	0
65.3653 	0.0128516 	-0.0136179 	1.85901 	0
65.4354 	0.0108769 	-0.0121686 	1.85859 	0
65.5055 	0.0108769 	-0.0121686 	1.85859 	0
65.5757 	0.0108769 	-0.0121686 	1.85859 	0
65.6458 	0.0108769 	-0.0121686 	1.85859 	0
65.7159 	0.0108769 	-0.0121686 	1.85859 	0
65.7861 	0.0108769 	-0.0121686 	1.85859 	0
65.8562 	0.0108769 	-0.0121686 	1.85859 	0
65.9263 	0.0108769 	-0.0121686 	1.85859 	0
65.9965 	0.00890294 	-0.0105188 	1.8581 	0
66.0666 	0.00890294 	-0.0105188 	1.8581 	0
66.1367 	0.00890294 	-0.0105188 	1.8581 	0
66.2069 	0.00890294 	-0.0105188 	1.8581 	0
66.277 	0.00890294 	-0.0105188 	1.8581 	0
66.3471 	0.00890294 	-0.0105188 	1.8581 	0
66.4173 	0.00890294 	-0.0105188 	1.8581 	0
66.4874 	0.00890294 	-0.0105188 	1.8581 	0
66.5575 	0.00890294 	-0.0105188 	1.8581 	0
66.6277 	0.00692895 	-0.00951227 	1.8578 	0
66.6978 	0.00692895 	-0.00951227 	1.8578 	0
66.7679 	0.00692895 	-0.00951227 	1.8578 	0
66.8381 	0.00692895 	-0.00951227 	1.8578 	0
66.9082 	0.00692895 	-0.00951227 	1.8578 	0
66.9783 	0.00692895 	-0.00951227 	1.8578 	0
67.0485 	0.00692895 	-0.00951227 	1.8578 	0
67.1186 	0.00692895 	-0.00951227 	1.8578 	0
67.1887 	0.00692895 	-0.00951227 	1.8578 	0
67.2589 	0.00495261 	-0.00811725 	1.85738 	0
67.329 	0.00495261 	-0.00811725 	1.85738 	0
67.3991 	0.00495261 	-0.00811725 	1.85738 	0
67.4693 	0.00495261 	-0.00811725 	1.85738 	0
67.5394 	0.00495261 	-0.00811725 	1.85738 	0
67.6096 	0.00495261 	-0.00811725 	1.85738 	0
67.6797 	0.00495261 	-0.00811725 	1.85738 	0
67.7498 	0.00495261 	-0.00811725 	1.85738 	0
67.82 	0.00495261 	-0.00811725 	1.85738 	0
67.8901 	0.00297221 	-0.00749352 	1.8572 	0
67.9602 	0.00297221 	-0.00749352 	1.8572 	0
68.0304 	0.00297221 	-0.00749352 	1.8572 	0
68.1005 	0.00297221 	-0.00749352 	1.8572 	0
68.1706 	0.00297221 	-0.00749352 	1.8572 	0
68.2408 	0.00297221 	-0.00749352 	1.8572 	0
68.3109 	0.00297221 	-0.00749352 	1.8572 	0
68.381 	0.00297221 	-0.00749352 	1.8572 	0
68.4512 	0.000982504 	-0.00613202 	1.85679 	0
68.5213 	0.000982504 	-0.00613202 	1.85679 	0
68.5914 	0.000982504 	-0.00613202 	1.85679 	0
68.6616 	0.000982504 	-0.00613202 	1.85679 	0
68.7317 	0.000982504 	-0.00613202 	1.85679 	0
68.8018 	0.000982504 	-0.00613202 	1.85679 	0
68.872 	0.000982504 	-0.00613202 	1.85679 	0
68.9421 	0.000982504 	-0.00613202 	1.85679 	0
69.0122 	0.000982504 	-0.00613202 	1.85679 	0
