0.490941 	0.837939 	0.00614019 	3.00285 	0
0.561075 	0.837939 	0.00614019 	3.00285 	0
0.63121 	0.837939 	0.00614019 	3.00285 	0
0.701344 	0.837939 	0.00614019 	3.00285 	0
0.771478 	0.837939 	0.00614019 	3.00285 	0
0.841613 	0.837939 	0.00614019 	3.00285 	0
0.911747 	0.837939 	0.00614019 	3.00285 	0
0.981881 	0.837939 	0.00614019 	3.00285 	0
1.05202 	0.837939 	0.00614019 	3.00285 	0
1.12215 	0.837939 	0.00614019 	3.00285 	0
1.19228 	0.837939 	0.00614019 	3.00285 	0
1.26242 	0.811804 	0.0115355 	3.00789 	0
1.33255 	0.811804 	0.0115355 	3.00789 	0
1.40269 	0.811804 	0.0115355 	3.00789 	0
1.47282 	0.811804 	0.0115355 	3.00789 	0
1.54296 	0.811804 	0.0115355 	3.00789 	0
1.61309 	0.811804 	0.0115355 	3.00789 	0
1.68323 	0.811804 	0.0115355 	3.00789 	0
1.75336 	0.811804 	0.0115355 	3.00789 	0
1.82349 	0.762001 	0.0148136 	3.02402 	2.91048e-19
1.89363 	0.762001 	0.0148136 	3.02402 	2.91048e-19
1.96376 	0.762001 	0.0148136 	3.02402 	2.91048e-19
2.0339 	0.762001 	0.0148136 	3.02402 	2.91048e-19
2.10403 	0.762001 	0.0148136 	3.02402 	2.91048e-19
2.17417 	0.762001 	0.0148136 	3.02402 	2.91048e-19
2.2443 	0.762001 	0.0148136 	3.02402 	2.91048e-19
2.31443 	0.762001 	0.0148136 	3.02402 	2.91048e-19
2.38457 	0.762001 	0.0148136 	3.02402 	2.91048e-19
2.4547 	0.762001 	0.0148136 	3.02402 	2.91048e-19
2.52484 	0.762001 	0.0148136 	3.02402 	2.91048e-19
2.59497 	0.727453 	0.00731606 	3.03682 	-4.54272e-19
2.66511 	0.727453 	0.00731606 	3.03682 	-4.54272e-19
2.73524 	0.727453 	0.00731606 	3.03682 	-4.54272e-19
2.80538 	0.727453 	0.00731606 	3.03682 	-4.54272e-19
2.87551 	0.727453 	0.00731606 	3.03682 	-4.54272e-19
2.94564 	0.727453 	0.00731606 	3.03682 	-4.54272e-19
3.01578 	0.727453 	0.00731606 	3.03682 	-4.54272e-19
3.08591 	0.727453 	0.00731606 	3.03682 	-4.54272e-19
3.15605 	0.727453 	0.00731606 	3.03682 	-4.54272e-19
3.22618 	0.727453 	0.00731606 	3.03682 	-4.54272e-19
3.29632 	0.695111 	0.0199732 	3.04347 	4.5885e-19
3.36645 	0.695111 	0.0199732 	3.04347 	4.5885e-19
3.43659 	0.695111 	0.0199732 	3.04347 	4.5885e-19
3.50672 	0.695111 	0.0199732 	3.04347 	4.5885e-19
3.57685 	0.695111 	0.0199732 	3.04347 	4.5885e-19
3.64699 	0.695111 	0.0199732 	3.04347 	4.5885e-19
3.71712 	0.695111 	0.0199732 	3.04347 	4.5885e-19
3.78726 	0.695111 	0.0199732 	3.04347 	4.5885e-19
3.85739 	0.695111 	0.0199732 	3.04347 	4.5885e-19
3.92753 	0.695111 	0.0199732 	3.04347 	4.5885e-19
3.99766 	0.695111 	0.0199732 	3.04347 	4.5885e-19
4.06779 	0.676794 	0.00377331 	3.05023 	-1.27582e-20
4.13793 	0.676794 	0.00377331 	3.05023 	-1.27582e-20
4.20806 	0.676794 	0.00377331 	3.05023 	-1.27582e-20
4.2782 	0.676794 	0.00377331 	3.05023 	-1.27582e-20
4.34833 	0.676794 	0.00377331 	3.05023 	-1.27582e-20
4.41847 	0.676794 	0.00377331 	3.05023 	-1.27582e-20
4.4886 	0.651727 	0.0163653 	3.05794 	0
4.55874 	0.651727 	0.0163653 	3.05794 	0
4.62887 	0.651727 	0.0163653 	3.05794 	0
4.699 	0.651727 	0.0163653 	3.05794 	0
4.76914 	0.651727 	0.0163653 	3.05794 	0
4.83927 	0.651727 	0.0163653 	3.05794 	0
4.90941 	0.651727 	0.0163653 	3.05794 	0
4.97954 	0.651727 	0.0163653 	3.05794 	0
5.04968 	0.651727 	0.0163653 	3.05794 	0
5.11981 	0.651727 	0.0163653 	3.05794 	0
5.18994 	0.629233 	0.00588875 	3.06486 	-5.89531e-21
5.26008 	0.629233 	0.00588875 	3.06486 	-5.89531e-21
5.33021 	0.629233 	0.00588875 	3.06486 	-5.89531e-21
5.40035 	0.629233 	0.00588875 	3.06486 	-5.89531e-21
5.47048 	0.629233 	0.00588875 	3.06486 	-5.89531e-21
5.54062 	0.629233 	0.00588875 	3.06486 	-5.89531e-21
5.61075 	0.629233 	0.00588875 	3.06486 	-5.89531e-21
5.68089 	0.600529 	0.0111491 	3.07471 	0
5.75102 	0.600529 	0.0111491 	3.07471 	0
5.82115 	0.600529 	0.0111491 	3.07471 	0
5.89129 	0.600529 	0.0111491 	3.07471 	0
5.96142 	0.600529 	0.0111491 	3.07471 	0
6.03156 	0.600529 	0.0111491 	3.07471 	0
6.10169 	0.600529 	0.0111491 	3.07471 	0
6.17183 	0.600529 	0.0111491 	3.07471 	0
6.24196 	0.600529 	0.0111491 	3.07471 	0
6.3121 	0.571724 	0.00713176 	3.08214 	0
6.38223 	0.571724 	0.00713176 	3.08214 	0
6.45236 	0.571724 	0.00713176 	3.08214 	0
6.5225 	0.571724 	0.00713176 	3.08214 	0
6.59263 	0.571724 	0.00713176 	3.08214 	0
6.66277 	0.571724 	0.00713176 	3.08214 	0
6.7329 	0.571724 	0.00713176 	3.08214 	0
6.80304 	0.571724 	0.00713176 	3.08214 	0
6.87317 	0.545335 	0.00617199 	3.09203 	1.85543e-19
6.9433 	0.545335 	0.00617199 	3.09203 	1.85543e-19
7.01344 	0.545335 	0.00617199 	3.09203 	1.85543e-19
7.08357 	0.545335 	0.00617199 	3.09203 	1.85543e-19
7.15371 	0.545335 	0.00617199 	3.09203 	1.85543e-19
7.22384 	0.545335 	0.00617199 	3.09203 	1.85543e-19
7.29398 	0.545335 	0.00617199 	3.09203 	1.85543e-19
7.36411 	0.545335 	0.00617199 	3.09203 	1.85543e-19
7.43425 	0.545335 	0.00617199 	3.09203 	1.85543e-19
7.50438 	0.515251 	0.00856428 	3.09931 	-1.35643e-18
7.57451 	0.515251 	0.00856428 	3.09931 	-1.35643e-18
7.64465 	0.515251 	0.00856428 	3.09931 	-1.35643e-18
7.71478 	0.515251 	0.00856428 	3.09931 	-1.35643e-18
7.78492 	0.515251 	0.00856428 	3.09931 	-1.35643e-18
7.85505 	0.515251 	0.00856428 	3.09931 	-1.35643e-18
7.92519 	0.515251 	0.00856428 	3.09931 	-1.35643e-18
7.99532 	0.515251 	0.00856428 	3.09931 	-1.35643e-18
8.06545 	0.494265 	0.00180553 	3.10533 	1.36035e-18
8.13559 	0.494265 	0.00180553 	3.10533 	1.36035e-18
8.20572 	0.494265 	0.00180553 	3.10533 	1.36035e-18
8.27586 	0.494265 	0.00180553 	3.10533 	1.36035e-18
8.34599 	0.494265 	0.00180553 	3.10533 	1.36035e-18
8.41613 	0.494265 	0.00180553 	3.10533 	1.36035e-18
8.48626 	0.494265 	0.00180553 	3.10533 	1.36035e-18
8.5564 	0.494265 	0.00180553 	3.10533 	1.36035e-18
8.62653 	0.494265 	0.00180553 	3.10533 	1.36035e-18
8.69666 	0.46215 	0.0119411 	3.11911 	1.05908e-18
8.7668 	0.46215 	0.0119411 	3.11911 	1.05908e-18
8.83693 	0.46215 	0.0119411 	3.11911 	1.05908e-18
8.90707 	0.46215 	0.0119411 	3.11911 	1.05908e-18
8.9772 	0.46215 	0.0119411 	3.11911 	1.05908e-18
9.04734 	0.46215 	0.0119411 	3.11911 	1.05908e-18
9.11747 	0.46215 	0.0119411 	3.11911 	1.05908e-18
9.18761 	0.46215 	0.0119411 	3.11911 	1.05908e-18
9.25774 	0.431256 	0.00575448 	3.11844 	-9.69861e-19
9.32787 	0.431256 	0.00575448 	3.11844 	-9.69861e-19
9.39801 	0.431256 	0.00575448 	3.11844 	-9.69861e-19
9.46814 	0.431256 	0.00575448 	3.11844 	-9.69861e-19
9.53828 	0.431256 	0.00575448 	3.11844 	-9.69861e-19
9.60841 	0.431256 	0.00575448 	3.11844 	-9.69861e-19
9.67855 	0.431256 	0.00575448 	3.11844 	-9.69861e-19
9.74868 	0.431256 	0.00575448 	3.11844 	-9.69861e-19
9.81881 	0.416131 	0.0189059 	3.12938 	-3.26636e-19
9.88895 	0.416131 	0.0189059 	3.12938 	-3.26636e-19
9.95908 	0.416131 	0.0189059 	3.12938 	-3.26636e-19
10.0292 	0.416131 	0.0189059 	3.12938 	-3.26636e-19
10.0994 	0.416131 	0.0189059 	3.12938 	-3.26636e-19
10.1695 	0.416131 	0.0189059 	3.12938 	-3.26636e-19
10.2396 	0.416131 	0.0189059 	3.12938 	-3.26636e-19
10.3098 	0.416131 	0.0189059 	3.12938 	-3.26636e-19
10.3799 	0.416131 	0.0189059 	3.12938 	-3.26636e-19
10.45 	0.416131 	0.0189059 	3.12938 	-3.26636e-19
10.5202 	0.416131 	0.0189059 	3.12938 	-3.26636e-19
10.5903 	0.416131 	0.0189059 	3.12938 	-3.26636e-19
10.6604 	0.43803 	0.0165536 	3.12531 	4.80772e-19
10.7306 	0.384867 	0.0377748 	3.13973 	0
10.8007 	0.384867 	0.0377748 	3.13973 	0
10.8708 	0.384867 	0.0377748 	3.13973 	0
10.941 	0.384867 	0.0377748 	3.13973 	0
11.0111 	0.384867 	0.0377748 	3.13973 	0
11.0812 	0.384867 	0.0377748 	3.13973 	0
11.1514 	0.384867 	0.0377748 	3.13973 	0
11.2215 	0.384867 	0.0377748 	3.13973 	0
11.2916 	0.384867 	0.0377748 	3.13973 	0
11.3618 	0.384867 	0.0377748 	3.13973 	0
11.4319 	0.384867 	0.0377748 	3.13973 	0
11.502 	0.384867 	0.0377748 	3.13973 	0
11.5722 	0.384867 	0.0377748 	3.13973 	0
11.6423 	0.384867 	0.0377748 	3.13973 	0
11.7124 	0.393645 	0.0250709 	3.12855 	0
11.7826 	0.329769 	0.0803185 	3.16216 	4.86076e-19
11.8527 	0.329769 	0.0803185 	3.16216 	4.86076e-19
11.9228 	0.329769 	0.0803185 	3.16216 	4.86076e-19
11.993 	0.329769 	0.0803185 	3.16216 	4.86076e-19
12.0631 	0.329769 	0.0803185 	3.16216 	4.86076e-19
12.1332 	0.329769 	0.0803185 	3.16216 	4.86076e-19
12.2034 	0.227252 	0.072967 	3.18952 	-2.06791e-19
12.2735 	0.227252 	0.072967 	3.18952 	-2.06791e-19
12.3437 	0.227252 	0.072967 	3.18952 	-2.06791e-19
12.4138 	0.227252 	0.072967 	3.18952 	-2.06791e-19
12.4839 	0.227252 	0.072967 	3.18952 	-2.06791e-19
12.5541 	0.227252 	0.072967 	3.18952 	-2.06791e-19
12.6242 	0.227252 	0.072967 	3.18952 	-2.06791e-19
12.6943 	0.227252 	0.072967 	3.18952 	-2.06791e-19
12.7645 	0.227252 	0.072967 	3.18952 	-2.06791e-19
12.8346 	0.108811 	0.0390738 	3.18339 	1.00199e-19
12.9047 	0.0911342 	0.141614 	3.22642 	7.12849e-21
12.9749 	0.0911342 	0.141614 	3.22642 	7.12849e-21
13.045 	0.0911342 	0.141614 	3.22642 	7.12849e-21
13.1151 	0.0911342 	0.141614 	3.22642 	7.12849e-21
13.1853 	0.0911342 	0.141614 	3.22642 	7.12849e-21
13.2554 	0.0911342 	0.141614 	3.22642 	7.12849e-21
13.3255 	0.0911342 	0.141614 	3.22642 	7.12849e-21
13.3957 	0.320289 	0.147547 	3.19739 	7.87689e-19
13.4658 	0.320289 	0.147547 	3.19739 	7.87689e-19
13.5359 	0.320289 	0.147547 	3.19739 	7.87689e-19
13.6061 	0.320289 	0.147547 	3.19739 	7.87689e-19
13.6762 	0.320289 	0.147547 	3.19739 	7.87689e-19
13.7463 	0.320289 	0.147547 	3.19739 	7.87689e-19
13.8165 	0.395308 	0.12539 	2.87306 	-6.45097e-19
13.8866 	0.586914 	0.147911 	2.96707 	1.1409e-19
13.9567 	0.586914 	0.147911 	2.96707 	1.1409e-19
14.0269 	0.00489212 	0.255769 	3.0407 	-7.07341e-19
14.097 	0.00489212 	0.255769 	3.0407 	-7.07341e-19
14.1671 	0.00489212 	0.255769 	3.0407 	-7.07341e-19
14.2373 	0.00489212 	0.255769 	3.0407 	-7.07341e-19
14.3074 	0.00489212 	0.255769 	3.0407 	-7.07341e-19
14.3776 	0.00489212 	0.255769 	3.0407 	-7.07341e-19
14.4477 	0.00489212 	0.255769 	3.0407 	-7.07341e-19
14.5178 	0.00489212 	0.255769 	3.0407 	-7.07341e-19
14.588 	0.00489212 	0.255769 	3.0407 	-7.07341e-19
14.6581 	0.00489212 	0.255769 	3.0407 	-7.07341e-19
14.7282 	0.00489212 	0.255769 	3.0407 	-7.07341e-19
14.7984 	0.00489212 	0.255769 	3.0407 	-7.07341e-19
14.8685 	0.00489212 	0.255769 	3.0407 	-7.07341e-19
14.9386 	-0.176357 	0.349839 	3.20017 	0
15.0088 	-0.176357 	0.349839 	3.20017 	0
15.0789 	-0.176357 	0.349839 	3.20017 	0
15.149 	-0.176357 	0.349839 	3.20017 	0
15.2192 	-0.176357 	0.349839 	3.20017 	0
15.2893 	-0.683948 	0.345133 	3.43096 	-4.51484e-19
15.3594 	-0.683948 	0.345133 	3.43096 	-4.51484e-19
15.4296 	-0.683948 	0.345133 	3.43096 	-4.51484e-19
15.4997 	-0.683948 	0.345133 	3.43096 	-4.51484e-19
15.5698 	-0.683948 	0.345133 	3.43096 	-4.51484e-19
15.64 	-0.683948 	0.345133 	3.43096 	-4.51484e-19
15.7101 	-1.18524 	0.400429 	3.50283 	0
15.7802 	-1.18524 	0.400429 	3.50283 	0
15.8504 	-1.08806 	0.653199 	3.56324 	1.67961e-18
15.9205 	-1.08806 	0.653199 	3.56324 	1.67961e-18
15.9906 	-1.08806 	0.653199 	3.56324 	1.67961e-18
16.0608 	-1.08806 	0.653199 	3.56324 	1.67961e-18
16.1309 	-1.08806 	0.653199 	3.56324 	1.67961e-18
16.201 	-1.08806 	0.653199 	3.56324 	1.67961e-18
16.2712 	-1.08806 	0.653199 	3.56324 	1.67961e-18
16.3413 	-1.08806 	0.653199 	3.56324 	1.67961e-18
16.4114 	-1.08806 	0.653199 	3.56324 	1.67961e-18
16.4816 	-1.08806 	0.653199 	3.56324 	1.67961e-18
16.5517 	-1.08806 	0.653199 	3.56324 	1.67961e-18
16.6219 	-1.08806 	0.653199 	3.56324 	1.67961e-18
16.692 	-1.08806 	0.653199 	3.56324 	1.67961e-18
16.7621 	-1.08806 	0.653199 	3.56324 	1.67961e-18
16.8323 	-0.643502 	0.879835 	3.12814 	3.94554e-19
16.9024 	-0.643502 	0.879835 	3.12814 	3.94554e-19
16.9725 	-0.643502 	0.879835 	3.12814 	3.94554e-19
17.0427 	-0.643502 	0.879835 	3.12814 	3.94554e-19
17.1128 	-0.643502 	0.879835 	3.12814 	3.94554e-19
17.1829 	-0.643502 	0.879835 	3.12814 	3.94554e-19
17.2531 	-0.643502 	0.879835 	3.12814 	3.94554e-19
17.3232 	-0.643502 	0.879835 	3.12814 	3.94554e-19
17.3933 	-0.643502 	0.879835 	3.12814 	3.94554e-19
17.4635 	-0.643502 	0.879835 	3.12814 	3.94554e-19
17.5336 	-0.559736 	0.917051 	3.04641 	-4.4815e-19
17.6037 	-0.559736 	0.917051 	3.04641 	-4.4815e-19
17.6739 	-0.559736 	0.917051 	3.04641 	-4.4815e-19
17.744 	-0.651016 	1.04489 	3.1772 	4.98146e-19
17.8141 	-0.651016 	1.04489 	3.1772 	4.98146e-19
17.8843 	-0.651016 	1.04489 	3.1772 	4.98146e-19
17.9544 	-0.651016 	1.04489 	3.1772 	4.98146e-19
18.0245 	-0.651016 	1.04489 	3.1772 	4.98146e-19
18.0947 	-0.651016 	1.04489 	3.1772 	4.98146e-19
18.1648 	-0.651016 	1.04489 	3.1772 	4.98146e-19
18.2349 	-0.651016 	1.04489 	3.1772 	4.98146e-19
18.3051 	-0.651016 	1.04489 	3.1772 	4.98146e-19
18.3752 	-0.36051 	1.00668 	2.78432 	-3.78691e-19
18.4453 	-0.36051 	1.00668 	2.78432 	-3.78691e-19
18.5155 	-0.36051 	1.00668 	2.78432 	-3.78691e-19
18.5856 	-0.36051 	1.00668 	2.78432 	-3.78691e-19
18.6557 	-0.36051 	1.00668 	2.78432 	-3.78691e-19
18.7259 	-0.36051 	1.00668 	2.78432 	-3.78691e-19
18.796 	-0.36051 	1.00668 	2.78432 	-3.78691e-19
18.8662 	-0.284061 	1.03769 	2.84169 	3.07824e-19
18.9363 	-0.284061 	1.03769 	2.84169 	3.07824e-19
19.0064 	-0.284061 	1.03769 	2.84169 	3.07824e-19
19.0766 	-0.284061 	1.03769 	2.84169 	3.07824e-19
19.1467 	-0.284061 	1.03769 	2.84169 	3.07824e-19
19.2168 	-0.284061 	1.03769 	2.84169 	3.07824e-19
19.287 	-0.284061 	1.03769 	2.84169 	3.07824e-19
19.3571 	-0.284061 	1.03769 	2.84169 	3.07824e-19
19.4272 	-0.284061 	1.03769 	2.84169 	3.07824e-19
19.4974 	-0.284061 	1.03769 	2.84169 	3.07824e-19
19.5675 	-0.284061 	1.03769 	2.84169 	3.07824e-19
19.6376 	-0.284061 	1.03769 	2.84169 	3.07824e-19
19.7078 	-0.284061 	1.03769 	2.84169 	3.07824e-19
19.7779 	-0.137642 	0.990492 	2.46765 	-6.46729e-20
19.848 	-0.137642 	0.990492 	2.46765 	-6.46729e-20
19.9182 	-0.137642 	0.990492 	2.46765 	-6.46729e-20
19.9883 	-0.137642 	0.990492 	2.46765 	-6.46729e-20
20.0584 	-0.137642 	0.990492 	2.46765 	-6.46729e-20
20.1286 	-0.137642 	0.990492 	2.46765 	-6.46729e-20
20.1987 	-0.137642 	0.990492 	2.46765 	-6.46729e-20
20.2688 	-0.142847 	0.992657 	2.47139 	-1.85901e-19
20.339 	-0.142847 	0.992657 	2.47139 	-1.85901e-19
20.4091 	-0.142847 	0.992657 	2.47139 	-1.85901e-19
20.4792 	-0.142847 	0.992657 	2.47139 	-1.85901e-19
20.5494 	-0.142847 	0.992657 	2.47139 	-1.85901e-19
20.6195 	-0.142847 	0.992657 	2.47139 	-1.85901e-19
20.6896 	-0.142847 	0.992657 	2.47139 	-1.85901e-19
20.7598 	-0.142847 	0.992657 	2.47139 	-1.85901e-19
20.8299 	-0.142847 	0.992657 	2.47139 	-1.85901e-19
20.9 	-0.142847 	0.992657 	2.47139 	-1.85901e-19
20.9702 	-0.142847 	0.992657 	2.47139 	-1.85901e-19
21.0403 	-0.142847 	0.992657 	2.47139 	-1.85901e-19
21.1105 	-0.142847 	0.992657 	2.47139 	-1.85901e-19
21.1806 	-0.142847 	0.992657 	2.47139 	-1.85901e-19
21.2507 	-0.142847 	0.992657 	2.47139 	-1.85901e-19
21.3209 	-0.142847 	0.992657 	2.47139 	-1.85901e-19
21.391 	-0.142847 	0.992657 	2.47139 	-1.85901e-19
21.4611 	-0.132704 	0.704003 	1.93006 	1.36363e-19
21.5313 	-0.132704 	0.704003 	1.93006 	1.36363e-19
21.6014 	-0.132704 	0.704003 	1.93006 	1.36363e-19
21.6715 	-0.237514 	0.614566 	1.45051 	2.06732e-19
21.7417 	-0.237514 	0.614566 	1.45051 	2.06732e-19
21.8118 	-0.237514 	0.614566 	1.45051 	2.06732e-19
21.8819 	-0.237514 	0.614566 	1.45051 	2.06732e-19
21.9521 	-0.237514 	0.614566 	1.45051 	2.06732e-19
22.0222 	-0.362337 	0.927407 	2.3749 	-2.99499e-19
22.0923 	-0.362337 	0.927407 	2.3749 	-2.99499e-19
22.1625 	-0.362337 	0.927407 	2.3749 	-2.99499e-19
22.2326 	-0.362337 	0.927407 	2.3749 	-2.99499e-19
22.3027 	-0.362337 	0.927407 	2.3749 	-2.99499e-19
22.3729 	-0.362337 	0.927407 	2.3749 	-2.99499e-19
22.443 	-0.362337 	0.927407 	2.3749 	-2.99499e-19
22.5131 	-0.362337 	0.927407 	2.3749 	-2.99499e-19
22.5833 	-0.362337 	0.927407 	2.3749 	-2.99499e-19
22.6534 	-0.362337 	0.927407 	2.3749 	-2.99499e-19
22.7235 	-0.362337 	0.927407 	2.3749 	-2.99499e-19
22.7937 	-0.362337 	0.927407 	2.3749 	-2.99499e-19
22.8638 	-0.362337 	0.927407 	2.3749 	-2.99499e-19
22.9339 	-0.362337 	0.927407 	2.3749 	-2.99499e-19
23.0041 	-0.362337 	0.927407 	2.3749 	-2.99499e-19
23.0742 	-0.362337 	0.927407 	2.3749 	-2.99499e-19
23.1443 	-0.362337 	0.927407 	2.3749 	-2.99499e-19
23.2145 	-0.362337 	0.927407 	2.3749 	-2.99499e-19
23.2846 	-0.362337 	0.927407 	2.3749 	-2.99499e-19
23.3548 	-0.362337 	0.927407 	2.3749 	-2.99499e-19
23.4249 	-0.362337 	0.927407 	2.3749 	-2.99499e-19
23.495 	-0.177559 	0.895275 	2.34783 	3.90105e-20
23.5652 	-0.177559 	0.895275 	2.34783 	3.90105e-20
23.6353 	-0.177559 	0.895275 	2.34783 	3.90105e-20
23.7054 	-0.177559 	0.895275 	2.34783 	3.90105e-20
23.7756 	-0.177559 	0.895275 	2.34783 	3.90105e-20
23.8457 	-0.177559 	0.895275 	2.34783 	3.90105e-20
23.9158 	-0.177559 	0.895275 	2.34783 	3.90105e-20
23.986 	-0.0434623 	0.831692 	2.23351 	-1.90274e-21
24.0561 	-0.0434623 	0.831692 	2.23351 	-1.90274e-21
24.1262 	-0.0434623 	0.831692 	2.23351 	-1.90274e-21
24.1964 	-0.0434623 	0.831692 	2.23351 	-1.90274e-21
24.2665 	-0.0434623 	0.831692 	2.23351 	-1.90274e-21
24.3366 	-0.0434623 	0.831692 	2.23351 	-1.90274e-21
24.4068 	-0.0434623 	0.831692 	2.23351 	-1.90274e-21
24.4769 	-0.0434623 	0.831692 	2.23351 	-1.90274e-21
24.547 	-0.0434623 	0.831692 	2.23351 	-1.90274e-21
24.6172 	-0.0434623 	0.831692 	2.23351 	-1.90274e-21
24.6873 	-0.0434623 	0.831692 	2.23351 	-1.90274e-21
24.7574 	-0.0434623 	0.831692 	2.23351 	-1.90274e-21
24.8276 	-0.0434623 	0.831692 	2.23351 	-1.90274e-21
24.8977 	-0.0434623 	0.831692 	2.23351 	-1.90274e-21
24.9678 	-0.0434623 	0.831692 	2.23351 	-1.90274e-21
25.038 	-0.0434623 	0.831692 	2.23351 	-1.90274e-21
25.1081 	-0.0434623 	0.831692 	2.23351 	-1.90274e-21
25.1782 	-0.100898 	0.482961 	1.37229 	0
25.2484 	-0.100898 	0.482961 	1.37229 	0
25.3185 	-0.100898 	0.482961 	1.37229 	0
25.3886 	-0.100898 	0.482961 	1.37229 	0
25.4588 	-0.100898 	0.482961 	1.37229 	0
25.5289 	-0.100898 	0.482961 	1.37229 	0
25.5991 	-0.100898 	0.482961 	1.37229 	0
25.6692 	-0.100898 	0.482961 	1.37229 	0
25.7393 	-0.100898 	0.482961 	1.37229 	0
25.8095 	-0.100898 	0.482961 	1.37229 	0
25.8796 	-0.100898 	0.482961 	1.37229 	0
25.9497 	-0.100898 	0.482961 	1.37229 	0
26.0199 	-0.100898 	0.482961 	1.37229 	0
26.09 	-0.100898 	0.482961 	1.37229 	0
26.1601 	-0.100898 	0.482961 	1.37229 	0
26.2303 	-0.192979 	0.487358 	1.38192 	4.4388e-19
26.3004 	-0.192979 	0.487358 	1.38192 	4.4388e-19
26.3705 	-0.192979 	0.487358 	1.38192 	4.4388e-19
26.4407 	-0.192979 	0.487358 	1.38192 	4.4388e-19
26.5108 	-0.192979 	0.487358 	1.38192 	4.4388e-19
26.5809 	-0.192979 	0.487358 	1.38192 	4.4388e-19
26.6511 	-0.192979 	0.487358 	1.38192 	4.4388e-19
26.7212 	-0.192979 	0.487358 	1.38192 	4.4388e-19
26.7913 	-0.192979 	0.487358 	1.38192 	4.4388e-19
26.8615 	-0.192979 	0.487358 	1.38192 	4.4388e-19
26.9316 	-0.192979 	0.487358 	1.38192 	4.4388e-19
27.0017 	-0.192979 	0.487358 	1.38192 	4.4388e-19
27.0719 	-0.192979 	0.487358 	1.38192 	4.4388e-19
27.142 	-0.192979 	0.487358 	1.38192 	4.4388e-19
27.2121 	-0.192979 	0.487358 	1.38192 	4.4388e-19
27.2823 	-0.192979 	0.487358 	1.38192 	4.4388e-19
27.3524 	-0.251374 	0.495655 	1.38409 	-4.76638e-19
27.4225 	-0.251374 	0.495655 	1.38409 	-4.76638e-19
27.4927 	-0.251374 	0.495655 	1.38409 	-4.76638e-19
27.5628 	-0.251374 	0.495655 	1.38409 	-4.76638e-19
27.6329 	-0.251374 	0.495655 	1.38409 	-4.76638e-19
27.7031 	-0.251374 	0.495655 	1.38409 	-4.76638e-19
27.7732 	-0.251374 	0.495655 	1.38409 	-4.76638e-19
27.8434 	-0.251374 	0.495655 	1.38409 	-4.76638e-19
27.9135 	-0.251374 	0.495655 	1.38409 	-4.76638e-19
27.9836 	-0.251374 	0.495655 	1.38409 	-4.76638e-19
28.0538 	-0.251374 	0.495655 	1.38409 	-4.76638e-19
28.1239 	-0.251374 	0.495655 	1.38409 	-4.76638e-19
28.194 	-0.251374 	0.495655 	1.38409 	-4.76638e-19
28.2642 	-0.251374 	0.495655 	1.38409 	-4.76638e-19
28.3343 	-0.251374 	0.495655 	1.38409 	-4.76638e-19
28.4044 	-0.251374 	0.495655 	1.38409 	-4.76638e-19
28.4746 	-0.251374 	0.495655 	1.38409 	-4.76638e-19
28.5447 	-0.251374 	0.495655 	1.38409 	-4.76638e-19
28.6148 	-0.251374 	0.495655 	1.38409 	-4.76638e-19
28.685 	-0.251374 	0.495655 	1.38409 	-4.76638e-19
28.7551 	-0.251374 	0.495655 	1.38409 	-4.76638e-19
28.8252 	-0.251374 	0.495655 	1.38409 	-4.76638e-19
28.8954 	-0.251374 	0.495655 	1.38409 	-4.76638e-19
28.9655 	-0.294684 	0.439251 	1.28986 	-2.7303e-20
29.0356 	-0.294684 	0.439251 	1.28986 	-2.7303e-20
29.1058 	-0.294684 	0.439251 	1.28986 	-2.7303e-20
29.1759 	-0.294684 	0.439251 	1.28986 	-2.7303e-20
29.246 	-0.294684 	0.439251 	1.28986 	-2.7303e-20
29.3162 	-0.294684 	0.439251 	1.28986 	-2.7303e-20
29.3863 	-0.294684 	0.439251 	1.28986 	-2.7303e-20
29.4564 	-0.294684 	0.439251 	1.28986 	-2.7303e-20
29.5266 	-0.294684 	0.439251 	1.28986 	-2.7303e-20
29.5967 	-0.294684 	0.439251 	1.28986 	-2.7303e-20
29.6668 	-0.294684 	0.439251 	1.28986 	-2.7303e-20
29.737 	-0.294684 	0.439251 	1.28986 	-2.7303e-20
29.8071 	-0.294684 	0.439251 	1.28986 	-2.7303e-20
29.8773 	-0.294684 	0.439251 	1.28986 	-2.7303e-20
29.9474 	-0.294684 	0.439251 	1.28986 	-2.7303e-20
30.0175 	-0.294684 	0.439251 	1.28986 	-2.7303e-20
30.0877 	-0.294684 	0.439251 	1.28986 	-2.7303e-20
30.1578 	-0.294684 	0.439251 	1.28986 	-2.7303e-20
30.2279 	-0.294684 	0.439251 	1.28986 	-2.7303e-20
30.2981 	-0.294684 	0.439251 	1.28986 	-2.7303e-20
30.3682 	-0.294684 	0.439251 	1.28986 	-2.7303e-20
30.4383 	-0.294684 	0.439251 	1.28986 	-2.7303e-20
30.5085 	-0.294684 	0.439251 	1.28986 	-2.7303e-20
30.5786 	-0.294684 	0.439251 	1.28986 	-2.7303e-20
30.6487 	-0.294684 	0.439251 	1.28986 	-2.7303e-20
30.7189 	-0.294684 	0.439251 	1.28986 	-2.7303e-20
30.789 	-0.295812 	0.360017 	1.30132 	6.90175e-19
30.8591 	-0.295812 	0.360017 	1.30132 	6.90175e-19
30.9293 	-0.295812 	0.360017 	1.30132 	6.90175e-19
30.9994 	-0.295812 	0.360017 	1.30132 	6.90175e-19
31.0695 	-0.295812 	0.360017 	1.30132 	6.90175e-19
31.1397 	-0.295812 	0.360017 	1.30132 	6.90175e-19
31.2098 	-0.295812 	0.360017 	1.30132 	6.90175e-19
31.2799 	-0.295812 	0.360017 	1.30132 	6.90175e-19
31.3501 	-0.295812 	0.360017 	1.30132 	6.90175e-19
31.4202 	-0.295812 	0.360017 	1.30132 	6.90175e-19
31.4903 	-0.295812 	0.360017 	1.30132 	6.90175e-19
31.5605 	-0.295812 	0.360017 	1.30132 	6.90175e-19
31.6306 	-0.295812 	0.360017 	1.30132 	6.90175e-19
31.7007 	-0.295812 	0.360017 	1.30132 	6.90175e-19
31.7709 	-0.295812 	0.360017 	1.30132 	6.90175e-19
31.841 	-0.295812 	0.360017 	1.30132 	6.90175e-19
31.9111 	-0.295812 	0.360017 	1.30132 	6.90175e-19
31.9813 	-0.295812 	0.360017 	1.30132 	6.90175e-19
32.0514 	-0.295812 	0.360017 	1.30132 	6.90175e-19
32.1216 	-0.295812 	0.360017 	1.30132 	6.90175e-19
32.1917 	-0.295812 	0.360017 	1.30132 	6.90175e-19
32.2618 	-0.295812 	0.360017 	1.30132 	6.90175e-19
32.332 	-0.295812 	0.360017 	1.30132 	6.90175e-19
32.4021 	-0.295812 	0.360017 	1.30132 	6.90175e-19
32.4722 	-0.295812 	0.360017 	1.30132 	6.90175e-19
32.5424 	-0.295812 	0.360017 	1.30132 	6.90175e-19
32.6125 	-0.295812 	0.360017 	1.30132 	6.90175e-19
32.6826 	-0.295812 	0.360017 	1.30132 	6.90175e-19
32.7528 	-0.295812 	0.360017 	1.30132 	6.90175e-19
32.8229 	-0.295812 	0.360017 	1.30132 	6.90175e-19
32.893 	-0.295812 	0.360017 	1.30132 	6.90175e-19
32.9632 	-0.295812 	0.360017 	1.30132 	6.90175e-19
33.0333 	-0.295812 	0.360017 	1.30132 	6.90175e-19
33.1034 	-0.295812 	0.360017 	1.30132 	6.90175e-19
33.1736 	-0.295812 	0.360017 	1.30132 	6.90175e-19
33.2437 	-0.295812 	0.360017 	1.30132 	6.90175e-19
33.3138 	-0.295812 	0.360017 	1.30132 	6.90175e-19
33.384 	-0.295812 	0.360017 	1.30132 	6.90175e-19
33.4541 	-0.295812 	0.360017 	1.30132 	6.90175e-19
33.5242 	-0.295812 	0.360017 	1.30132 	6.90175e-19
33.5944 	-0.295812 	0.360017 	1.30132 	6.90175e-19
33.6645 	-0.295812 	0.360017 	1.30132 	6.90175e-19
33.7346 	-0.353945 	0.365745 	1.37703 	-4.30577e-19
33.8048 	-0.353945 	0.365745 	1.37703 	-4.30577e-19
33.8749 	-0.353945 	0.365745 	1.37703 	-4.30577e-19
33.945 	-0.353945 	0.365745 	1.37703 	-4.30577e-19
34.0152 	-0.353945 	0.365745 	1.37703 	-4.30577e-19
34.0853 	-0.353945 	0.365745 	1.37703 	-4.30577e-19
34.1554 	-0.354996 	0.255052 	1.33634 	3.32061e-19
34.2256 	-0.354996 	0.255052 	1.33634 	3.32061e-19
34.2957 	-0.354996 	0.255052 	1.33634 	3.32061e-19
34.3659 	-0.354996 	0.255052 	1.33634 	3.32061e-19
34.436 	-0.354996 	0.255052 	1.33634 	3.32061e-19
34.5061 	-0.354996 	0.255052 	1.33634 	3.32061e-19
34.5763 	-0.354996 	0.255052 	1.33634 	3.32061e-19
34.6464 	-0.354996 	0.255052 	1.33634 	3.32061e-19
34.7165 	-0.092226 	0.281396 	1.61153 	-2.09766e-19
34.7867 	-0.092226 	0.281396 	1.61153 	-2.09766e-19
34.8568 	-0.092226 	0.281396 	1.61153 	-2.09766e-19
34.9269 	-0.092226 	0.281396 	1.61153 	-2.09766e-19
34.9971 	-0.092226 	0.281396 	1.61153 	-2.09766e-19
35.0672 	-0.092226 	0.281396 	1.61153 	-2.09766e-19
35.1373 	-0.092226 	0.281396 	1.61153 	-2.09766e-19
35.2075 	-0.092226 	0.281396 	1.61153 	-2.09766e-19
35.2776 	-0.092226 	0.281396 	1.61153 	-2.09766e-19
35.3477 	-0.092226 	0.281396 	1.61153 	-2.09766e-19
35.4179 	-0.092226 	0.281396 	1.61153 	-2.09766e-19
35.488 	-0.092226 	0.281396 	1.61153 	-2.09766e-19
35.5581 	-0.092226 	0.281396 	1.61153 	-2.09766e-19
35.6283 	-0.092226 	0.281396 	1.61153 	-2.09766e-19
35.6984 	-0.092226 	0.281396 	1.61153 	-2.09766e-19
35.7685 	-0.092226 	0.281396 	1.61153 	-2.09766e-19
35.8387 	-0.092226 	0.281396 	1.61153 	-2.09766e-19
35.9088 	-0.092226 	0.281396 	1.61153 	-2.09766e-19
35.9789 	-0.092226 	0.281396 	1.61153 	-2.09766e-19
36.0491 	-0.122463 	0.197317 	1.58326 	0
36.1192 	-0.122463 	0.197317 	1.58326 	0
36.1893 	-0.122463 	0.197317 	1.58326 	0
36.2595 	-0.122463 	0.197317 	1.58326 	0
36.3296 	-0.122463 	0.197317 	1.58326 	0
36.3997 	-0.122463 	0.197317 	1.58326 	0
36.4699 	-0.122463 	0.197317 	1.58326 	0
36.54 	-0.122463 	0.197317 	1.58326 	0
36.6102 	-0.122463 	0.197317 	1.58326 	0
36.6803 	-0.122463 	0.197317 	1.58326 	0
36.7504 	-0.122463 	0.197317 	1.58326 	0
36.8206 	-0.122463 	0.197317 	1.58326 	0
36.8907 	-0.256134 	0.204903 	1.46731 	-2.28659e-19
36.9608 	-0.256134 	0.204903 	1.46731 	-2.28659e-19
37.031 	-0.256134 	0.204903 	1.46731 	-2.28659e-19
37.1011 	-0.256134 	0.204903 	1.46731 	-2.28659e-19
37.1712 	-0.256134 	0.204903 	1.46731 	-2.28659e-19
37.2414 	-0.256134 	0.204903 	1.46731 	-2.28659e-19
37.3115 	-0.256134 	0.204903 	1.46731 	-2.28659e-19
37.3816 	-0.256134 	0.204903 	1.46731 	-2.28659e-19
37.4518 	-0.256134 	0.204903 	1.46731 	-2.28659e-19
37.5219 	-0.256134 	0.204903 	1.46731 	-2.28659e-19
37.592 	-0.256134 	0.204903 	1.46731 	-2.28659e-19
37.6622 	-0.256134 	0.204903 	1.46731 	-2.28659e-19
37.7323 	-0.256134 	0.204903 	1.46731 	-2.28659e-19
37.8024 	-0.256134 	0.204903 	1.46731 	-2.28659e-19
37.8726 	-0.256134 	0.204903 	1.46731 	-2.28659e-19
37.9427 	-0.256134 	0.204903 	1.46731 	-2.28659e-19
38.0128 	-0.256134 	0.204903 	1.46731 	-2.28659e-19
38.083 	-0.256134 	0.204903 	1.46731 	-2.28659e-19
38.1531 	-0.256134 	0.204903 	1.46731 	-2.28659e-19
38.2232 	-0.224184 	0.209528 	1.60909 	2.51523e-19
38.2934 	-0.224184 	0.209528 	1.60909 	2.51523e-19
38.3635 	-0.224184 	0.209528 	1.60909 	2.51523e-19
38.4336 	-0.224184 	0.209528 	1.60909 	2.51523e-19
38.5038 	-0.224184 	0.209528 	1.60909 	2.51523e-19
38.5739 	-0.224184 	0.209528 	1.60909 	2.51523e-19
38.644 	-0.224184 	0.209528 	1.60909 	2.51523e-19
38.7142 	-0.224184 	0.209528 	1.60909 	2.51523e-19
38.7843 	-0.224184 	0.209528 	1.60909 	2.51523e-19
38.8545 	-0.224184 	0.209528 	1.60909 	2.51523e-19
38.9246 	-0.224184 	0.209528 	1.60909 	2.51523e-19
38.9947 	-0.224184 	0.209528 	1.60909 	2.51523e-19
39.0649 	-0.224184 	0.209528 	1.60909 	2.51523e-19
39.135 	-0.224184 	0.209528 	1.60909 	2.51523e-19
39.2051 	-0.285336 	0.243942 	1.61371 	0
39.2753 	-0.285336 	0.243942 	1.61371 	0
39.3454 	-0.285336 	0.243942 	1.61371 	0
39.4155 	-0.285336 	0.243942 	1.61371 	0
39.4857 	-0.285336 	0.243942 	1.61371 	0
39.5558 	-0.285336 	0.243942 	1.61371 	0
39.6259 	-0.285336 	0.243942 	1.61371 	0
39.6961 	-0.285336 	0.243942 	1.61371 	0
39.7662 	-0.285336 	0.243942 	1.61371 	0
39.8363 	-0.285336 	0.243942 	1.61371 	0
39.9065 	-0.285336 	0.243942 	1.61371 	0
39.9766 	-0.285336 	0.243942 	1.61371 	0
40.0467 	-0.285336 	0.243942 	1.61371 	0
40.1169 	-0.285336 	0.243942 	1.61371 	0
40.187 	-0.285336 	0.243942 	1.61371 	0
40.2571 	-0.285336 	0.243942 	1.61371 	0
40.3273 	-0.285336 	0.243942 	1.61371 	0
40.3974 	-0.285336 	0.243942 	1.61371 	0
40.4675 	-0.285336 	0.243942 	1.61371 	0
40.5377 	-0.285336 	0.243942 	1.61371 	0
40.6078 	-0.285336 	0.243942 	1.61371 	0
40.6779 	-0.334401 	0.283544 	1.55913 	2.13779e-19
40.7481 	-0.334401 	0.283544 	1.55913 	2.13779e-19
40.8182 	-0.334401 	0.283544 	1.55913 	2.13779e-19
40.8883 	-0.334401 	0.283544 	1.55913 	2.13779e-19
40.9585 	-0.334401 	0.283544 	1.55913 	2.13779e-19
41.0286 	-0.334401 	0.283544 	1.55913 	2.13779e-19
41.0988 	-0.334401 	0.283544 	1.55913 	2.13779e-19
41.1689 	-0.334401 	0.283544 	1.55913 	2.13779e-19
41.239 	-0.386643 	0.264964 	1.64707 	-3.99402e-19
41.3092 	-0.386643 	0.264964 	1.64707 	-3.99402e-19
41.3793 	-0.386643 	0.264964 	1.64707 	-3.99402e-19
41.4494 	-0.386643 	0.264964 	1.64707 	-3.99402e-19
41.5196 	-0.386643 	0.264964 	1.64707 	-3.99402e-19
41.5897 	-0.386643 	0.264964 	1.64707 	-3.99402e-19
41.6598 	-0.386643 	0.264964 	1.64707 	-3.99402e-19
41.73 	-0.386643 	0.264964 	1.64707 	-3.99402e-19
41.8001 	-0.386643 	0.264964 	1.64707 	-3.99402e-19
41.8702 	-0.386643 	0.264964 	1.64707 	-3.99402e-19
41.9404 	-0.386643 	0.264964 	1.64707 	-3.99402e-19
42.0105 	-0.386643 	0.264964 	1.64707 	-3.99402e-19
42.0806 	-0.386643 	0.264964 	1.64707 	-3.99402e-19
42.1508 	-0.386643 	0.264964 	1.64707 	-3.99402e-19
42.2209 	-0.386643 	0.264964 	1.64707 	-3.99402e-19
42.291 	-0.386643 	0.264964 	1.64707 	-3.99402e-19
42.3612 	-0.386643 	0.264964 	1.64707 	-3.99402e-19
42.4313 	-0.386643 	0.264964 	1.64707 	-3.99402e-19
42.5014 	-0.386643 	0.264964 	1.64707 	-3.99402e-19
42.5716 	-0.386643 	0.264964 	1.64707 	-3.99402e-19
42.6417 	-0.386643 	0.264964 	1.64707 	-3.99402e-19
42.7118 	-0.452385 	0.293814 	1.65182 	0
42.782 	-0.452385 	0.293814 	1.65182 	0
42.8521 	-0.452385 	0.293814 	1.65182 	0
42.9222 	-0.452385 	0.293814 	1.65182 	0
42.9924 	-0.473253 	0.133333 	1.78343 	0
43.0625 	-0.473253 	0.133333 	1.78343 	0
43.1327 	-0.473253 	0.133333 	1.78343 	0
43.2028 	-0.473253 	0.133333 	1.78343 	0
43.2729 	-0.473253 	0.133333 	1.78343 	0
43.3431 	-0.473253 	0.133333 	1.78343 	0
43.4132 	-0.473253 	0.133333 	1.78343 	0
43.4833 	-0.473253 	0.133333 	1.78343 	0
43.5535 	-0.473253 	0.133333 	1.78343 	0
43.6236 	-0.473253 	0.133333 	1.78343 	0
43.6937 	-0.473253 	0.133333 	1.78343 	0
43.7639 	-0.473253 	0.133333 	1.78343 	0
43.834 	-0.473253 	0.133333 	1.78343 	0
43.9041 	-0.473253 	0.133333 	1.78343 	0
43.9743 	-0.473253 	0.133333 	1.78343 	0
44.0444 	-0.473253 	0.133333 	1.78343 	0
44.1145 	-0.473253 	0.133333 	1.78343 	0
44.1847 	-0.473253 	0.133333 	1.78343 	0
44.2548 	-0.473253 	0.133333 	1.78343 	0
44.3249 	-0.473253 	0.133333 	1.78343 	0
44.3951 	-0.473253 	0.133333 	1.78343 	0
44.4652 	-0.473253 	0.133333 	1.78343 	0
44.5353 	-0.473253 	0.133333 	1.78343 	0
44.6055 	-0.473253 	0.133333 	1.78343 	0
44.6756 	-0.473253 	0.133333 	1.78343 	0
44.7457 	-0.473253 	0.133333 	1.78343 	0
44.8159 	-0.500414 	0.0787164 	1.81433 	0
44.886 	-0.500414 	0.0787164 	1.81433 	0
44.9561 	-0.500414 	0.0787164 	1.81433 	0
45.0263 	-0.500414 	0.0787164 	1.81433 	0
45.0964 	-0.500414 	0.0787164 	1.81433 	0
45.1665 	-0.500414 	0.0787164 	1.81433 	0
45.2367 	-0.500414 	0.0787164 	1.81433 	0
45.3068 	-0.500414 	0.0787164 	1.81433 	0
45.377 	-0.500414 	0.0787164 	1.81433 	0
45.4471 	-0.500414 	0.0787164 	1.81433 	0
45.5172 	-0.500414 	0.0787164 	1.81433 	0
45.5874 	-0.500414 	0.0787164 	1.81433 	0
45.6575 	-0.500414 	0.0787164 	1.81433 	0
45.7276 	-0.500414 	0.0787164 	1.81433 	0
45.7978 	-0.500414 	0.0787164 	1.81433 	0
45.8679 	-0.500414 	0.0787164 	1.81433 	0
45.938 	-0.500414 	0.0787164 	1.81433 	0
46.0082 	-0.500414 	0.0787164 	1.81433 	0
46.0783 	-0.500414 	0.0787164 	1.81433 	0
46.1484 	-0.500414 	0.0787164 	1.81433 	0
46.2186 	-0.500414 	0.0787164 	1.81433 	0
46.2887 	-0.500414 	0.0787164 	1.81433 	0
46.3588 	-0.500414 	0.0787164 	1.81433 	0
46.429 	-0.500414 	0.0787164 	1.81433 	0
46.4991 	-0.500414 	0.0787164 	1.81433 	0
46.5692 	-0.500414 	0.0787164 	1.81433 	0
46.6394 	-0.500958 	-0.178454 	1.85244 	-7.22189e-19
46.7095 	-0.500958 	-0.178454 	1.85244 	-7.22189e-19
46.7796 	-0.500958 	-0.178454 	1.85244 	-7.22189e-19
46.8498 	-0.500958 	-0.178454 	1.85244 	-7.22189e-19
46.9199 	-0.500958 	-0.178454 	1.85244 	-7.22189e-19
46.99 	-0.500958 	-0.178454 	1.85244 	-7.22189e-19
47.0602 	-0.500958 	-0.178454 	1.85244 	-7.22189e-19
47.1303 	-0.500958 	-0.178454 	1.85244 	-7.22189e-19
47.2004 	-0.500958 	-0.178454 	1.85244 	-7.22189e-19
47.2706 	-0.500958 	-0.178454 	1.85244 	-7.22189e-19
47.3407 	-0.500958 	-0.178454 	1.85244 	-7.22189e-19
47.4108 	-0.500958 	-0.178454 	1.85244 	-7.22189e-19
47.481 	-0.486911 	-0.255372 	1.65484 	8.87884e-19
47.5511 	-0.486911 	-0.255372 	1.65484 	8.87884e-19
47.6213 	-0.486911 	-0.255372 	1.65484 	8.87884e-19
47.6914 	-0.486911 	-0.255372 	1.65484 	8.87884e-19
47.7615 	-0.486911 	-0.255372 	1.65484 	8.87884e-19
47.8317 	-0.486911 	-0.255372 	1.65484 	8.87884e-19
47.9018 	-0.486911 	-0.255372 	1.65484 	8.87884e-19
47.9719 	-0.486911 	-0.255372 	1.65484 	8.87884e-19
48.0421 	-0.486911 	-0.255372 	1.65484 	8.87884e-19
48.1122 	-0.486911 	-0.255372 	1.65484 	8.87884e-19
48.1823 	-0.486911 	-0.255372 	1.65484 	8.87884e-19
48.2525 	-0.486911 	-0.255372 	1.65484 	8.87884e-19
48.3226 	-0.486911 	-0.255372 	1.65484 	8.87884e-19
48.3927 	-0.486911 	-0.255372 	1.65484 	8.87884e-19
48.4629 	-0.486911 	-0.255372 	1.65484 	8.87884e-19
48.533 	-0.486911 	-0.255372 	1.65484 	8.87884e-19
48.6031 	-0.486911 	-0.255372 	1.65484 	8.87884e-19
48.6733 	-0.486911 	-0.255372 	1.65484 	8.87884e-19
48.7434 	-0.411102 	-0.420929 	1.69066 	0
48.8135 	-0.411102 	-0.420929 	1.69066 	0
48.8837 	-0.411102 	-0.420929 	1.69066 	0
48.9538 	-0.411102 	-0.420929 	1.69066 	0
49.0239 	-0.411102 	-0.420929 	1.69066 	0
49.0941 	-0.411102 	-0.420929 	1.69066 	0
49.1642 	-0.411102 	-0.420929 	1.69066 	0
49.2343 	-0.411102 	-0.420929 	1.69066 	0
49.3045 	-0.411102 	-0.420929 	1.69066 	0
49.3746 	-0.411102 	-0.420929 	1.69066 	0
49.4447 	-0.411102 	-0.420929 	1.69066 	0
49.5149 	-0.411102 	-0.420929 	1.69066 	0
49.585 	-0.411102 	-0.420929 	1.69066 	0
49.6551 	-0.411102 	-0.420929 	1.69066 	0
49.7253 	-0.411102 	-0.420929 	1.69066 	0
49.7954 	-0.411102 	-0.420929 	1.69066 	0
49.8656 	-0.411102 	-0.420929 	1.69066 	0
49.9357 	-0.411102 	-0.420929 	1.69066 	0
50.0058 	-0.411102 	-0.420929 	1.69066 	0
50.076 	-0.411102 	-0.420929 	1.69066 	0
50.1461 	-0.411102 	-0.420929 	1.69066 	0
50.2162 	-0.411102 	-0.420929 	1.69066 	0
50.2864 	-0.411102 	-0.420929 	1.69066 	0
50.3565 	-0.411102 	-0.420929 	1.69066 	0
50.4266 	-0.411102 	-0.420929 	1.69066 	0
50.4968 	-0.362672 	-0.399216 	2.2276 	2.39905e-19
50.5669 	-0.362672 	-0.399216 	2.2276 	2.39905e-19
50.637 	-0.362672 	-0.399216 	2.2276 	2.39905e-19
50.7072 	-0.362672 	-0.399216 	2.2276 	2.39905e-19
50.7773 	-0.362672 	-0.399216 	2.2276 	2.39905e-19
50.8474 	-0.362672 	-0.399216 	2.2276 	2.39905e-19
50.9176 	-0.362672 	-0.399216 	2.2276 	2.39905e-19
50.9877 	-0.258425 	-0.430728 	2.1974 	-2.22154e-19
51.0578 	-0.258425 	-0.430728 	2.1974 	-2.22154e-19
51.128 	-0.161745 	-0.43967 	1.97899 	-8.32087e-20
51.1981 	-0.161745 	-0.43967 	1.97899 	-8.32087e-20
51.2682 	-0.161745 	-0.43967 	1.97899 	-8.32087e-20
51.3384 	-0.161745 	-0.43967 	1.97899 	-8.32087e-20
51.4085 	-0.161745 	-0.43967 	1.97899 	-8.32087e-20
51.4786 	-0.161745 	-0.43967 	1.97899 	-8.32087e-20
51.5488 	-0.161745 	-0.43967 	1.97899 	-8.32087e-20
51.6189 	-0.161745 	-0.43967 	1.97899 	-8.32087e-20
51.689 	-0.161745 	-0.43967 	1.97899 	-8.32087e-20
51.7592 	-0.161745 	-0.43967 	1.97899 	-8.32087e-20
51.8293 	-0.161745 	-0.43967 	1.97899 	-8.32087e-20
51.8994 	-0.161745 	-0.43967 	1.97899 	-8.32087e-20
51.9696 	-0.161745 	-0.43967 	1.97899 	-8.32087e-20
52.0397 	-0.161745 	-0.43967 	1.97899 	-8.32087e-20
52.1099 	-0.161745 	-0.43967 	1.97899 	-8.32087e-20
52.18 	-0.161745 	-0.43967 	1.97899 	-8.32087e-20
52.2501 	-0.161745 	-0.43967 	1.97899 	-8.32087e-20
52.3203 	-0.161745 	-0.43967 	1.97899 	-8.32087e-20
52.3904 	-0.161745 	-0.43967 	1.97899 	-8.32087e-20
52.4605 	-0.161745 	-0.43967 	1.97899 	-8.32087e-20
52.5307 	-0.161745 	-0.43967 	1.97899 	-8.32087e-20
52.6008 	-0.161745 	-0.43967 	1.97899 	-8.32087e-20
52.6709 	-0.161745 	-0.43967 	1.97899 	-8.32087e-20
52.7411 	-0.161745 	-0.43967 	1.97899 	-8.32087e-20
52.8112 	-0.161745 	-0.43967 	1.97899 	-8.32087e-20
52.8813 	-0.161745 	-0.43967 	1.97899 	-8.32087e-20
52.9515 	-0.161745 	-0.43967 	1.97899 	-8.32087e-20
53.0216 	-0.161745 	-0.43967 	1.97899 	-8.32087e-20
53.0917 	-0.161745 	-0.43967 	1.97899 	-8.32087e-20
53.1619 	-0.161745 	-0.43967 	1.97899 	-8.32087e-20
53.232 	-0.161745 	-0.43967 	1.97899 	-8.32087e-20
53.3021 	-0.161745 	-0.43967 	1.97899 	-8.32087e-20
53.3723 	-0.161745 	-0.43967 	1.97899 	-8.32087e-20
53.4424 	-0.0800359 	-0.396529 	2.02192 	-3.70937e-20
53.5125 	-0.0800359 	-0.396529 	2.02192 	-3.70937e-20
53.5827 	-0.0800359 	-0.396529 	2.02192 	-3.70937e-20
53.6528 	-0.0800359 	-0.396529 	2.02192 	-3.70937e-20
53.7229 	-0.0800359 	-0.396529 	2.02192 	-3.70937e-20
53.7931 	-0.0800359 	-0.396529 	2.02192 	-3.70937e-20
53.8632 	-0.0800359 	-0.396529 	2.02192 	-3.70937e-20
53.9333 	-0.0800359 	-0.396529 	2.02192 	-3.70937e-20
54.0035 	-0.0800359 	-0.396529 	2.02192 	-3.70937e-20
54.0736 	-0.0800359 	-0.396529 	2.02192 	-3.70937e-20
54.1437 	-0.0800359 	-0.396529 	2.02192 	-3.70937e-20
54.2139 	-0.0800359 	-0.396529 	2.02192 	-3.70937e-20
54.284 	-0.0800359 	-0.396529 	2.02192 	-3.70937e-20
54.3542 	-0.0236435 	-0.330156 	1.9202 	4.33279e-20
54.4243 	-0.0236435 	-0.330156 	1.9202 	4.33279e-20
54.4944 	-0.0236435 	-0.330156 	1.9202 	4.33279e-20
54.5646 	-0.0236435 	-0.330156 	1.9202 	4.33279e-20
54.6347 	-0.0236435 	-0.330156 	1.9202 	4.33279e-20
54.7048 	-0.0236435 	-0.330156 	1.9202 	4.33279e-20
54.775 	-0.0236435 	-0.330156 	1.9202 	4.33279e-20
54.8451 	-0.0236435 	-0.330156 	1.9202 	4.33279e-20
54.9152 	-0.0236435 	-0.330156 	1.9202 	4.33279e-20
54.9854 	-0.0236435 	-0.330156 	1.9202 	4.33279e-20
55.0555 	-0.0236435 	-0.330156 	1.9202 	4.33279e-20
55.1256 	0.0159014 	-0.306017 	1.91682 	0
55.1958 	0.0159014 	-0.306017 	1.91682 	0
55.2659 	0.0159014 	-0.306017 	1.91682 	0
55.336 	0.0159014 	-0.306017 	1.91682 	0
55.4062 	0.0159014 	-0.306017 	1.91682 	0
55.4763 	0.0159014 	-0.306017 	1.91682 	0
55.5464 	0.0159014 	-0.306017 	1.91682 	0
55.6166 	0.0159014 	-0.306017 	1.91682 	0
55.6867 	0.0159014 	-0.306017 	1.91682 	0
55.7568 	0.0159014 	-0.306017 	1.91682 	0
55.827 	0.0159014 	-0.306017 	1.91682 	0
55.8971 	0.0159014 	-0.306017 	1.91682 	0
55.9672 	0.0159014 	-0.306017 	1.91682 	0
56.0374 	0.0159014 	-0.306017 	1.91682 	0
56.1075 	0.0159014 	-0.306017 	1.91682 	0
56.1776 	0.0159014 	-0.306017 	1.91682 	0
56.2478 	0.0159014 	-0.306017 	1.91682 	0
56.3179 	0.0159014 	-0.306017 	1.91682 	0
56.3881 	-0.00123904 	-0.232806 	1.91996 	-2.21377e-21
56.4582 	-0.00123904 	-0.232806 	1.91996 	-2.21377e-21
56.5283 	-0.00123904 	-0.232806 	1.91996 	-2.21377e-21
56.5985 	-0.00123904 	-0.232806 	1.91996 	-2.21377e-21
56.6686 	-0.00123904 	-0.232806 	1.91996 	-2.21377e-21
56.7387 	-0.00123904 	-0.232806 	1.91996 	-2.21377e-21
56.8089 	-0.00123904 	-0.232806 	1.91996 	-2.21377e-21
56.879 	-0.00123904 	-0.232806 	1.91996 	-2.21377e-21
56.9491 	0.0193319 	-0.196658 	1.91113 	-2.88295e-21
57.0193 	0.0193319 	-0.196658 	1.91113 	-2.88295e-21
57.0894 	0.0193319 	-0.196658 	1.91113 	-2.88295e-21
57.1595 	0.0193319 	-0.196658 	1.91113 	-2.88295e-21
57.2297 	0.0193319 	-0.196658 	1.91113 	-2.88295e-21
57.2998 	0.0193319 	-0.196658 	1.91113 	-2.88295e-21
57.3699 	0.0193319 	-0.196658 	1.91113 	-2.88295e-21
57.4401 	0.0193319 	-0.196658 	1.91113 	-2.88295e-21
57.5102 	0.0193319 	-0.196658 	1.91113 	-2.88295e-21
57.5803 	0.0193319 	-0.196658 	1.91113 	-2.88295e-21
57.6505 	0.0193319 	-0.196658 	1.91113 	-2.88295e-21
57.7206 	0.0193319 	-0.196658 	1.91113 	-2.88295e-21
57.7907 	0.0193319 	-0.196658 	1.91113 	-2.88295e-21
57.8609 	0.0193319 	-0.196658 	1.91113 	-2.88295e-21
57.931 	0.0193319 	-0.196658 	1.91113 	-2.88295e-21
58.0011 	0.0193319 	-0.196658 	1.91113 	-2.88295e-21
58.0713 	0.0193319 	-0.196658 	1.91113 	-2.88295e-21
58.1414 	0.0193319 	-0.196658 	1.91113 	-2.88295e-21
58.2115 	0.0193319 	-0.196658 	1.91113 	-2.88295e-21
58.2817 	0.0193319 	-0.196658 	1.91113 	-2.88295e-21
58.3518 	0.0193319 	-0.196658 	1.91113 	-2.88295e-21
58.4219 	0.0193319 	-0.196658 	1.91113 	-2.88295e-21
58.4921 	0.0193319 	-0.196658 	1.91113 	-2.88295e-21
58.5622 	0.00713346 	-0.162832 	1.89324 	0
58.6324 	0.00713346 	-0.162832 	1.89324 	0
58.7025 	0.00713346 	-0.162832 	1.89324 	0
58.7726 	0.00713346 	-0.162832 	1.89324 	0
58.8428 	0.00713346 	-0.162832 	1.89324 	0
58.9129 	0.0113958 	-0.134732 	1.87483 	5.00253e-21
58.983 	0.0113958 	-0.134732 	1.87483 	5.00253e-21
59.0532 	0.0113958 	-0.134732 	1.87483 	5.00253e-21
59.1233 	0.0113958 	-0.134732 	1.87483 	5.00253e-21
59.1934 	0.0113958 	-0.134732 	1.87483 	5.00253e-21
59.2636 	0.0113958 	-0.134732 	1.87483 	5.00253e-21
59.3337 	0.0113958 	-0.134732 	1.87483 	5.00253e-21
59.4038 	0.0113958 	-0.134732 	1.87483 	5.00253e-21
59.474 	0.0113958 	-0.134732 	1.87483 	5.00253e-21
59.5441 	0.0113958 	-0.134732 	1.87483 	5.00253e-21
59.6142 	0.0113958 	-0.134732 	1.87483 	5.00253e-21
59.6844 	0.0113958 	-0.134732 	1.87483 	5.00253e-21
59.7545 	0.0113958 	-0.134732 	1.87483 	5.00253e-21
59.8246 	0.0113958 	-0.134732 	1.87483 	5.00253e-21
59.8948 	0.0113958 	-0.134732 	1.87483 	5.00253e-21
59.9649 	0.0113958 	-0.134732 	1.87483 	5.00253e-21
60.035 	0.0113958 	-0.134732 	1.87483 	5.00253e-21
60.1052 	0.0113958 	-0.134732 	1.87483 	5.00253e-21
60.1753 	0.0113958 	-0.134732 	1.87483 	5.00253e-21
60.2454 	0.0113958 	-0.134732 	1.87483 	5.00253e-21
60.3156 	0.0113958 	-0.134732 	1.87483 	5.00253e-21
60.3857 	0.0113958 	-0.134732 	1.87483 	5.00253e-21
60.4558 	0.0113958 	-0.134732 	1.87483 	5.00253e-21
60.526 	0.0113958 	-0.134732 	1.87483 	5.00253e-21
60.5961 	0.0113958 	-0.134732 	1.87483 	5.00253e-21
60.6662 	0.00703472 	-0.12203 	1.81969 	1.28526e-21
60.7364 	0.00703472 	-0.12203 	1.81969 	1.28526e-21
60.8065 	0.00703472 	-0.12203 	1.81969 	1.28526e-21
60.8767 	0.00703472 	-0.12203 	1.81969 	1.28526e-21
60.9468 	0.00703472 	-0.12203 	1.81969 	1.28526e-21
61.0169 	0.00703472 	-0.12203 	1.81969 	1.28526e-21
61.0871 	0.00703472 	-0.12203 	1.81969 	1.28526e-21
61.1572 	0.00703472 	-0.12203 	1.81969 	1.28526e-21
61.2273 	0.00703472 	-0.12203 	1.81969 	1.28526e-21
61.2975 	0.00703472 	-0.12203 	1.81969 	1.28526e-21
61.3676 	0.00703472 	-0.12203 	1.81969 	1.28526e-21
61.4377 	0.00703472 	-0.12203 	1.81969 	1.28526e-21
61.5079 	0.00703472 	-0.12203 	1.81969 	1.28526e-21
61.578 	0.00703472 	-0.12203 	1.81969 	1.28526e-21
61.6481 	0.00709847 	-0.0962844 	1.81794 	1.00628e-20
61.7183 	0.00709847 	-0.0962844 	1.81794 	1.00628e-20
61.7884 	0.00534262 	-0.0751084 	1.81475 	7.51097e-21
61.8585 	0.00534262 	-0.0751084 	1.81475 	7.51097e-21
61.9287 	0.00534262 	-0.0751084 	1.81475 	7.51097e-21
61.9988 	0.00534262 	-0.0751084 	1.81475 	7.51097e-21
62.0689 	0.00534262 	-0.0751084 	1.81475 	7.51097e-21
62.1391 	0.00534262 	-0.0751084 	1.81475 	7.51097e-21
62.2092 	0.00523135 	-0.0643801 	1.85185 	0
62.2793 	0.00523135 	-0.0643801 	1.85185 	0
62.3495 	0.00523135 	-0.0643801 	1.85185 	0
62.4196 	0.00523135 	-0.0643801 	1.85185 	0
62.4897 	0.00523135 	-0.0643801 	1.85185 	0
62.5599 	0.00523135 	-0.0643801 	1.85185 	0
62.63 	0.00523135 	-0.0643801 	1.85185 	0
62.7001 	0.00523135 	-0.0643801 	1.85185 	0
62.7703 	0.00523135 	-0.0643801 	1.85185 	0
62.8404 	0.00523135 	-0.0643801 	1.85185 	0
62.9105 	0.00523135 	-0.0643801 	1.85185 	0
62.9807 	0.00523135 	-0.0643801 	1.85185 	0
63.0508 	0.00523135 	-0.0643801 	1.85185 	0
63.121 	0.00523135 	-0.0643801 	1.85185 	0
63.1911 	0.00523135 	-0.0643801 	1.85185 	0
63.2612 	0.00523135 	-0.0643801 	1.85185 	0
63.3314 	0.00523135 	-0.0643801 	1.85185 	0
63.4015 	0.00523135 	-0.0643801 	1.85185 	0
63.4716 	0.00523135 	-0.0643801 	1.85185 	0
63.5418 	0.00523135 	-0.0643801 	1.85185 	0
63.6119 	0.00523135 	-0.0643801 	1.85185 	0
63.682 	0.00523135 	-0.0643801 	1.85185 	0
63.7522 	0.00523135 	-0.0643801 	1.85185 	0
63.8223 	0.00523135 	-0.0643801 	1.85185 	0
63.8924 	0.00523135 	-0.0643801 	1.85185 	0
63.9626 	0.00523135 	-0.0643801 	1.85185 	0
64.0327 	0.00523135 	-0.0643801 	1.85185 	0
64.1028 	0.00523135 	-0.0643801 	1.85185 	0
64.173 	0.00566473 	-0.0530529 	1.84307 	-1.3074e-21
64.2431 	0.00566473 	-0.0530529 	1.84307 	-1.3074e-21
64.3132 	0.00566473 	-0.0530529 	1.84307 	-1.3074e-21
64.3834 	0.00566473 	-0.0530529 	1.84307 	-1.3074e-21
64.4535 	0.00566473 	-0.0530529 	1.84307 	-1.3074e-21
64.5236 	0.00566473 	-0.0530529 	1.84307 	-1.3074e-21
64.5938 	0.00566473 	-0.0530529 	1.84307 	-1.3074e-21
64.6639 	0.00566473 	-0.0530529 	1.84307 	-1.3074e-21
64.734 	0.00566473 	-0.0530529 	1.84307 	-1.3074e-21
64.8042 	0.00566473 	-0.0530529 	1.84307 	-1.3074e-21
64.8743 	0.00780438 	-0.0418863 	1.83984 	0
64.9444 	0.00780438 	-0.0418863 	1.83984 	0
65.0146 	0.00780438 	-0.0418863 	1.83984 	0
65.0847 	0.00780438 	-0.0418863 	1.83984 	0
65.1548 	0.00780438 	-0.0418863 	1.83984 	0
65.225 	0.00780438 	-0.0418863 	1.83984 	0
65.2951 	0.00780438 	-0.0418863 	1.83984 	0
65.3653 	0.00780438 	-0.0418863 	1.83984 	0
65.4354 	0.00780438 	-0.0418863 	1.83984 	0
65.5055 	0.00780438 	-0.0418863 	1.83984 	0
65.5757 	0.00780438 	-0.0418863 	1.83984 	0
65.6458 	0.00780438 	-0.0418863 	1.83984 	0
65.7159 	0.00780438 	-0.0418863 	1.83984 	0
65.7861 	0.00780438 	-0.0418863 	1.83984 	0
65.8562 	0.00780438 	-0.0418863 	1.83984 	0
65.9263 	0.00780438 	-0.0418863 	1.83984 	0
65.9965 	0.00780438 	-0.0418863 	1.83984 	0
66.0666 	0.00780438 	-0.0418863 	1.83984 	0
66.1367 	0.00780438 	-0.0418863 	1.83984 	0
66.2069 	0.00780438 	-0.0418863 	1.83984 	0
66.277 	0.00780438 	-0.0418863 	1.83984 	0
66.3471 	0.00780438 	-0.0418863 	1.83984 	0
66.4173 	0.00780438 	-0.0418863 	1.83984 	0
66.4874 	0.00780438 	-0.0418863 	1.83984 	0
66.5575 	0.00780438 	-0.0418863 	1.83984 	0
66.6277 	0.00780438 	-0.0418863 	1.83984 	0
66.6978 	0.00780438 	-0.0418863 	1.83984 	0
66.7679 	0.00780438 	-0.0418863 	1.83984 	0
66.8381 	0.00780438 	-0.0418863 	1.83984 	0
66.9082 	0.00780438 	-0.0418863 	1.83984 	0
66.9783 	0.0058645 	-0.0347502 	1.82243 	0
67.0485 	0.0058645 	-0.0347502 	1.82243 	0
67.1186 	0.0058645 	-0.0347502 	1.82243 	0
67.1887 	0.0058645 	-0.0347502 	1.82243 	0
67.2589 	0.0058645 	-0.0347502 	1.82243 	0
67.329 	0.0058645 	-0.0347502 	1.82243 	0
67.3991 	0.00322628 	-0.0331283 	1.81993 	0
67.4693 	0.00322628 	-0.0331283 	1.81993 	0
67.5394 	0.000587145 	-0.0242399 	1.82649 	0
67.6096 	0.000587145 	-0.0242399 	1.82649 	0
67.6797 	0.000587145 	-0.0242399 	1.82649 	0
67.7498 	0.000587145 	-0.0242399 	1.82649 	0
67.82 	0.000587145 	-0.0242399 	1.82649 	0
67.8901 	0.000587145 	-0.0242399 	1.82649 	0
67.9602 	0.000587145 	-0.0242399 	1.82649 	0
68.0304 	0.000587145 	-0.0242399 	1.82649 	0
68.1005 	0.000587145 	-0.0242399 	1.82649 	0
68.1706 	0.000587145 	-0.0242399 	1.82649 	0
68.2408 	0.000587145 	-0.0242399 	1.82649 	0
68.3109 	0.000587145 	-0.0242399 	1.82649 	0
68.381 	0.000587145 	-0.0242399 	1.82649 	0
68.4512 	0.000587145 	-0.0242399 	1.82649 	0
68.5213 	0.000587145 	-0.0242399 	1.82649 	0
68.5914 	0.000587145 	-0.0242399 	1.82649 	0
68.6616 	0.000587145 	-0.0242399 	1.82649 	0
68.7317 	0.000587145 	-0.0242399 	1.82649 	0
68.8018 	0.000587145 	-0.0242399 	1.82649 	0
68.872 	0.000587145 	-0.0242399 	1.82649 	0
68.9421 	0.000587145 	-0.0242399 	1.82649 	0
69.0122 	0.000587145 	-0.0242399 	1.82649 	0
