0.490941 	2.12094 	0.00565655 	3.00061 	-6.56028e-20
0.561075 	2.12094 	0.00565655 	3.00061 	-6.56028e-20
0.63121 	2.12094 	0.00565655 	3.00061 	-6.56028e-20
0.701344 	2.12094 	0.00565655 	3.00061 	-6.56028e-20
0.771478 	2.12094 	0.00565655 	3.00061 	-6.56028e-20
0.841613 	2.12094 	0.00565655 	3.00061 	-6.56028e-20
0.911747 	2.12094 	0.00565655 	3.00061 	-6.56028e-20
0.981881 	2.12094 	0.00565655 	3.00061 	-6.56028e-20
1.05202 	2.12094 	0.00565655 	3.00061 	-6.56028e-20
1.12215 	2.12094 	0.00565655 	3.00061 	-6.56028e-20
1.19228 	2.12094 	0.00565655 	3.00061 	-6.56028e-20
1.26242 	2.12094 	0.00565655 	3.00061 	-6.56028e-20
1.33255 	2.08159 	0.0141697 	3.01446 	-6.79413e-20
1.40269 	2.08159 	0.0141697 	3.01446 	-6.79413e-20
1.47282 	2.08159 	0.0141697 	3.01446 	-6.79413e-20
1.54296 	2.08159 	0.0141697 	3.01446 	-6.79413e-20
1.61309 	2.08159 	0.0141697 	3.01446 	-6.79413e-20
1.68323 	2.08159 	0.0141697 	3.01446 	-6.79413e-20
1.75336 	2.08159 	0.0141697 	3.01446 	-6.79413e-20
1.82349 	2.08159 	0.0141697 	3.01446 	-6.79413e-20
1.89363 	2.08159 	0.0141697 	3.01446 	-6.79413e-20
1.96376 	2.08159 	0.0141697 	3.01446 	-6.79413e-20
2.0339 	2.08159 	0.0141697 	3.01446 	-6.79413e-20
2.10403 	2.08159 	0.0141697 	3.01446 	-6.79413e-20
2.17417 	2.02083 	0.0141074 	3.03179 	1.40877e-19
2.2443 	2.02083 	0.0141074 	3.03179 	1.40877e-19
2.31443 	2.02083 	0.0141074 	3.03179 	1.40877e-19
2.38457 	2.02083 	0.0141074 	3.03179 	1.40877e-19
2.4547 	2.02083 	0.0141074 	3.03179 	1.40877e-19
2.52484 	2.02083 	0.0141074 	3.03179 	1.40877e-19
2.59497 	2.02083 	0.0141074 	3.03179 	1.40877e-19
2.66511 	2.02083 	0.0141074 	3.03179 	1.40877e-19
2.73524 	2.02083 	0.0141074 	3.03179 	1.40877e-19
2.80538 	2.02083 	0.0141074 	3.03179 	1.40877e-19
2.87551 	2.02083 	0.0141074 	3.03179 	1.40877e-19
2.94564 	2.02083 	0.0141074 	3.03179 	1.40877e-19
3.01578 	1.94688 	0.0165374 	3.05895 	-1.66017e-20
3.08591 	1.94688 	0.0165374 	3.05895 	-1.66017e-20
3.15605 	1.94688 	0.0165374 	3.05895 	-1.66017e-20
3.22618 	1.94688 	0.0165374 	3.05895 	-1.66017e-20
3.29632 	1.94688 	0.0165374 	3.05895 	-1.66017e-20
3.36645 	1.94688 	0.0165374 	3.05895 	-1.66017e-20
3.43659 	1.94688 	0.0165374 	3.05895 	-1.66017e-20
3.50672 	1.94688 	0.0165374 	3.05895 	-1.66017e-20
3.57685 	1.94688 	0.0165374 	3.05895 	-1.66017e-20
3.64699 	1.94688 	0.0165374 	3.05895 	-1.66017e-20
3.71712 	1.94688 	0.0165374 	3.05895 	-1.66017e-20
3.78726 	1.9397 	0.00718876 	3.05537 	3.24942e-20
3.85739 	1.86079 	-0.000830955 	3.08433 	-2.43585e-19
3.92753 	1.86079 	-0.000830955 	3.08433 	-2.43585e-19
3.99766 	1.86079 	-0.000830955 	3.08433 	-2.43585e-19
4.06779 	1.86079 	-0.000830955 	3.08433 	-2.43585e-19
4.13793 	1.86079 	-0.000830955 	3.08433 	-2.43585e-19
4.20806 	1.86079 	-0.000830955 	3.08433 	-2.43585e-19
4.2782 	1.86079 	-0.000830955 	3.08433 	-2.43585e-19
4.34833 	1.86079 	-0.000830955 	3.08433 	-2.43585e-19
4.41847 	1.86079 	-0.000830955 	3.08433 	-2.43585e-19
4.4886 	1.86079 	-0.000830955 	3.08433 	-2.43585e-19
4.55874 	1.86079 	-0.000830955 	3.08433 	-2.43585e-19
4.62887 	1.86079 	-0.000830955 	3.08433 	-2.43585e-19
4.699 	1.86079 	-0.000830955 	3.08433 	-2.43585e-19
4.76914 	1.78207 	0.00556967 	3.10646 	4.7678e-19
4.83927 	1.78207 	0.00556967 	3.10646 	4.7678e-19
4.90941 	1.78207 	0.00556967 	3.10646 	4.7678e-19
4.97954 	1.78207 	0.00556967 	3.10646 	4.7678e-19
5.04968 	1.78207 	0.00556967 	3.10646 	4.7678e-19
5.11981 	1.78207 	0.00556967 	3.10646 	4.7678e-19
5.18994 	1.78207 	0.00556967 	3.10646 	4.7678e-19
5.26008 	1.78207 	0.00556967 	3.10646 	4.7678e-19
5.33021 	1.78207 	0.00556967 	3.10646 	4.7678e-19
5.40035 	1.78207 	0.00556967 	3.10646 	4.7678e-19
5.47048 	1.78207 	0.00556967 	3.10646 	4.7678e-19
5.54062 	1.78207 	0.00556967 	3.10646 	4.7678e-19
5.61075 	1.70742 	-0.00216527 	3.13377 	-2.32967e-19
5.68089 	1.70742 	-0.00216527 	3.13377 	-2.32967e-19
5.75102 	1.70742 	-0.00216527 	3.13377 	-2.32967e-19
5.82115 	1.70742 	-0.00216527 	3.13377 	-2.32967e-19
5.89129 	1.70742 	-0.00216527 	3.13377 	-2.32967e-19
5.96142 	1.70742 	-0.00216527 	3.13377 	-2.32967e-19
6.03156 	1.70742 	-0.00216527 	3.13377 	-2.32967e-19
6.10169 	1.70742 	-0.00216527 	3.13377 	-2.32967e-19
6.17183 	1.70742 	-0.00216527 	3.13377 	-2.32967e-19
6.24196 	1.70742 	-0.00216527 	3.13377 	-2.32967e-19
6.3121 	1.70742 	-0.00216527 	3.13377 	-2.32967e-19
6.38223 	1.70742 	-0.00216527 	3.13377 	-2.32967e-19
6.45236 	1.63615 	0.00541147 	3.1531 	0
6.5225 	1.63615 	0.00541147 	3.1531 	0
6.59263 	1.63615 	0.00541147 	3.1531 	0
6.66277 	1.63615 	0.00541147 	3.1531 	0
6.7329 	1.63615 	0.00541147 	3.1531 	0
6.80304 	1.63615 	0.00541147 	3.1531 	0
6.87317 	1.63615 	0.00541147 	3.1531 	0
6.9433 	1.63615 	0.00541147 	3.1531 	0
7.01344 	1.63615 	0.00541147 	3.1531 	0
7.08357 	1.63615 	0.00541147 	3.1531 	0
7.15371 	1.63615 	0.00541147 	3.1531 	0
7.22384 	1.63615 	0.00541147 	3.1531 	0
7.29398 	1.56818 	-0.00118693 	3.17808 	0
7.36411 	1.56818 	-0.00118693 	3.17808 	0
7.43425 	1.56818 	-0.00118693 	3.17808 	0
7.50438 	1.56818 	-0.00118693 	3.17808 	0
7.57451 	1.56818 	-0.00118693 	3.17808 	0
7.64465 	1.56818 	-0.00118693 	3.17808 	0
7.71478 	1.56818 	-0.00118693 	3.17808 	0
7.78492 	1.56818 	-0.00118693 	3.17808 	0
7.85505 	1.56818 	-0.00118693 	3.17808 	0
7.92519 	1.56818 	-0.00118693 	3.17808 	0
7.99532 	1.56818 	-0.00118693 	3.17808 	0
8.06545 	1.56818 	-0.00118693 	3.17808 	0
8.13559 	1.56818 	-0.00118693 	3.17808 	0
8.20572 	1.50104 	0.00806306 	3.19574 	3.72354e-22
8.27586 	1.50104 	0.00806306 	3.19574 	3.72354e-22
8.34599 	1.50104 	0.00806306 	3.19574 	3.72354e-22
8.41613 	1.50104 	0.00806306 	3.19574 	3.72354e-22
8.48626 	1.50104 	0.00806306 	3.19574 	3.72354e-22
8.5564 	1.50104 	0.00806306 	3.19574 	3.72354e-22
8.62653 	1.50104 	0.00806306 	3.19574 	3.72354e-22
8.69666 	1.50104 	0.00806306 	3.19574 	3.72354e-22
8.7668 	1.50104 	0.00806306 	3.19574 	3.72354e-22
8.83693 	1.50104 	0.00806306 	3.19574 	3.72354e-22
8.90707 	1.50104 	0.00806306 	3.19574 	3.72354e-22
8.9772 	1.50104 	0.00806306 	3.19574 	3.72354e-22
9.04734 	1.43468 	0.00392525 	3.22001 	3.74061e-19
9.11747 	1.43468 	0.00392525 	3.22001 	3.74061e-19
9.18761 	1.43468 	0.00392525 	3.22001 	3.74061e-19
9.25774 	1.43468 	0.00392525 	3.22001 	3.74061e-19
9.32787 	1.43468 	0.00392525 	3.22001 	3.74061e-19
9.39801 	1.43468 	0.00392525 	3.22001 	3.74061e-19
9.46814 	1.43468 	0.00392525 	3.22001 	3.74061e-19
9.53828 	1.43468 	0.00392525 	3.22001 	3.74061e-19
9.60841 	1.43468 	0.00392525 	3.22001 	3.74061e-19
9.67855 	1.43468 	0.00392525 	3.22001 	3.74061e-19
9.74868 	1.43468 	0.00392525 	3.22001 	3.74061e-19
9.81881 	1.43468 	0.00392525 	3.22001 	3.74061e-19
9.88895 	1.43468 	0.00392525 	3.22001 	3.74061e-19
9.95908 	1.36757 	0.0183353 	3.23735 	4.4272e-21
10.0292 	1.36757 	0.0183353 	3.23735 	4.4272e-21
10.0994 	1.36757 	0.0183353 	3.23735 	4.4272e-21
10.1695 	1.36757 	0.0183353 	3.23735 	4.4272e-21
10.2396 	1.36757 	0.0183353 	3.23735 	4.4272e-21
10.3098 	1.36757 	0.0183353 	3.23735 	4.4272e-21
10.3799 	1.36757 	0.0183353 	3.23735 	4.4272e-21
10.45 	1.36757 	0.0183353 	3.23735 	4.4272e-21
10.5202 	1.36757 	0.0183353 	3.23735 	4.4272e-21
10.5903 	1.36757 	0.0183353 	3.23735 	4.4272e-21
10.6604 	1.36757 	0.0183353 	3.23735 	4.4272e-21
10.7306 	1.36757 	0.0183353 	3.23735 	4.4272e-21
10.8007 	1.2996 	0.0244807 	3.26183 	-3.75809e-19
10.8708 	1.2996 	0.0244807 	3.26183 	-3.75809e-19
10.941 	1.2996 	0.0244807 	3.26183 	-3.75809e-19
11.0111 	1.2996 	0.0244807 	3.26183 	-3.75809e-19
11.0812 	1.2996 	0.0244807 	3.26183 	-3.75809e-19
11.1514 	1.2996 	0.0244807 	3.26183 	-3.75809e-19
11.2215 	1.2996 	0.0244807 	3.26183 	-3.75809e-19
11.2916 	1.2996 	0.0244807 	3.26183 	-3.75809e-19
11.3618 	1.2996 	0.0244807 	3.26183 	-3.75809e-19
11.4319 	1.2996 	0.0244807 	3.26183 	-3.75809e-19
11.502 	1.2996 	0.0244807 	3.26183 	-3.75809e-19
11.5722 	1.2996 	0.0244807 	3.26183 	-3.75809e-19
11.6423 	1.2996 	0.0244807 	3.26183 	-3.75809e-19
11.7124 	1.22547 	0.0563103 	3.28156 	-6.09513e-19
11.7826 	1.22547 	0.0563103 	3.28156 	-6.09513e-19
11.8527 	1.22547 	0.0563103 	3.28156 	-6.09513e-19
11.9228 	1.22547 	0.0563103 	3.28156 	-6.09513e-19
11.993 	1.22547 	0.0563103 	3.28156 	-6.09513e-19
12.0631 	1.22547 	0.0563103 	3.28156 	-6.09513e-19
12.1332 	1.22547 	0.0563103 	3.28156 	-6.09513e-19
12.2034 	1.22547 	0.0563103 	3.28156 	-6.09513e-19
12.2735 	1.22547 	0.0563103 	3.28156 	-6.09513e-19
12.3437 	1.22547 	0.0563103 	3.28156 	-6.09513e-19
12.4138 	1.22547 	0.0563103 	3.28156 	-6.09513e-19
12.4839 	1.22547 	0.0563103 	3.28156 	-6.09513e-19
12.5541 	1.22547 	0.0563103 	3.28156 	-6.09513e-19
12.6242 	1.14086 	0.0826058 	3.30905 	1.1931e-18
12.6943 	1.14086 	0.0826058 	3.30905 	1.1931e-18
12.7645 	1.14086 	0.0826058 	3.30905 	1.1931e-18
12.8346 	1.14086 	0.0826058 	3.30905 	1.1931e-18
12.9047 	1.14086 	0.0826058 	3.30905 	1.1931e-18
12.9749 	1.14086 	0.0826058 	3.30905 	1.1931e-18
13.045 	1.14086 	0.0826058 	3.30905 	1.1931e-18
13.1151 	1.14086 	0.0826058 	3.30905 	1.1931e-18
13.1853 	1.14086 	0.0826058 	3.30905 	1.1931e-18
13.2554 	1.14086 	0.0826058 	3.30905 	1.1931e-18
13.3255 	1.14086 	0.0826058 	3.30905 	1.1931e-18
13.3957 	1.14086 	0.0826058 	3.30905 	1.1931e-18
13.4658 	1.14086 	0.0826058 	3.30905 	1.1931e-18
13.5359 	1.02971 	0.159502 	3.34468 	-5.86994e-19
13.6061 	1.02971 	0.159502 	3.34468 	-5.86994e-19
13.6762 	1.02971 	0.159502 	3.34468 	-5.86994e-19
13.7463 	1.02971 	0.159502 	3.34468 	-5.86994e-19
13.8165 	1.02971 	0.159502 	3.34468 	-5.86994e-19
13.8866 	1.02971 	0.159502 	3.34468 	-5.86994e-19
13.9567 	1.02971 	0.159502 	3.34468 	-5.86994e-19
14.0269 	1.02971 	0.159502 	3.34468 	-5.86994e-19
14.097 	1.02971 	0.159502 	3.34468 	-5.86994e-19
14.1671 	1.02971 	0.159502 	3.34468 	-5.86994e-19
14.2373 	1.02971 	0.159502 	3.34468 	-5.86994e-19
14.3074 	1.02971 	0.159502 	3.34468 	-5.86994e-19
14.3776 	0.923456 	0.184511 	3.36726 	0
14.4477 	0.715849 	0.181834 	3.42695 	7.05039e-19
14.5178 	0.715849 	0.181834 	3.42695 	7.05039e-19
14.588 	0.715849 	0.181834 	3.42695 	7.05039e-19
14.6581 	0.715849 	0.181834 	3.42695 	7.05039e-19
14.7282 	0.715849 	0.181834 	3.42695 	7.05039e-19
14.7984 	0.715849 	0.181834 	3.42695 	7.05039e-19
14.8685 	0.740202 	0.207377 	3.41807 	-1.40889e-18
14.9386 	0.740202 	0.207377 	3.41807 	-1.40889e-18
15.0088 	0.740202 	0.207377 	3.41807 	-1.40889e-18
15.0789 	0.740202 	0.207377 	3.41807 	-1.40889e-18
15.149 	0.740202 	0.207377 	3.41807 	-1.40889e-18
15.2192 	0.496737 	0.272453 	3.48584 	1.00825e-18
15.2893 	0.496737 	0.272453 	3.48584 	1.00825e-18
15.3594 	0.496737 	0.272453 	3.48584 	1.00825e-18
15.4296 	0.624227 	0.344803 	3.4416 	-7.91806e-20
15.4997 	0.624227 	0.344803 	3.4416 	-7.91806e-20
15.5698 	0.624227 	0.344803 	3.4416 	-7.91806e-20
15.64 	0.624227 	0.344803 	3.4416 	-7.91806e-20
15.7101 	0.624227 	0.344803 	3.4416 	-7.91806e-20
15.7802 	0.624227 	0.344803 	3.4416 	-7.91806e-20
15.8504 	0.624227 	0.344803 	3.4416 	-7.91806e-20
15.9205 	0.361537 	0.34635 	3.54177 	9.54761e-20
15.9906 	0.361537 	0.34635 	3.54177 	9.54761e-20
16.0608 	0.361537 	0.34635 	3.54177 	9.54761e-20
16.1309 	0.575537 	0.433633 	3.45397 	4.24818e-19
16.201 	0.575537 	0.433633 	3.45397 	4.24818e-19
16.2712 	0.575537 	0.433633 	3.45397 	4.24818e-19
16.3413 	0.575537 	0.433633 	3.45397 	4.24818e-19
16.4114 	0.575537 	0.433633 	3.45397 	4.24818e-19
16.4816 	0.575537 	0.433633 	3.45397 	4.24818e-19
16.5517 	0.575537 	0.433633 	3.45397 	4.24818e-19
16.6219 	0.384127 	0.534675 	3.53168 	0
16.692 	0.384127 	0.534675 	3.53168 	0
16.7621 	0.384127 	0.534675 	3.53168 	0
16.8323 	0.384127 	0.534675 	3.53168 	0
16.9024 	0.384127 	0.534675 	3.53168 	0
16.9725 	0.620538 	0.540832 	3.43275 	3.76454e-19
17.0427 	0.620538 	0.540832 	3.43275 	3.76454e-19
17.1128 	0.620538 	0.540832 	3.43275 	3.76454e-19
17.1829 	0.620538 	0.540832 	3.43275 	3.76454e-19
17.2531 	0.464749 	0.628803 	3.48633 	4.94742e-19
17.3232 	0.464749 	0.628803 	3.48633 	4.94742e-19
17.3933 	0.464749 	0.628803 	3.48633 	4.94742e-19
17.4635 	0.464749 	0.628803 	3.48633 	4.94742e-19
17.5336 	0.464749 	0.628803 	3.48633 	4.94742e-19
17.6037 	0.464749 	0.628803 	3.48633 	4.94742e-19
17.6739 	0.464749 	0.628803 	3.48633 	4.94742e-19
17.744 	0.464749 	0.628803 	3.48633 	4.94742e-19
17.8141 	0.464749 	0.628803 	3.48633 	4.94742e-19
17.8843 	0.464749 	0.628803 	3.48633 	4.94742e-19
17.9544 	0.545621 	0.648664 	3.40611 	0
18.0245 	0.545621 	0.648664 	3.40611 	0
18.0947 	0.545621 	0.648664 	3.40611 	0
18.1648 	0.545621 	0.648664 	3.40611 	0
18.2349 	0.545621 	0.648664 	3.40611 	0
18.3051 	0.545621 	0.648664 	3.40611 	0
18.3752 	0.545621 	0.648664 	3.40611 	0
18.4453 	0.545621 	0.648664 	3.40611 	0
18.5155 	0.545621 	0.648664 	3.40611 	0
18.5856 	0.445842 	0.733335 	3.44443 	0
18.6557 	0.445842 	0.733335 	3.44443 	0
18.7259 	0.445842 	0.733335 	3.44443 	0
18.796 	0.445842 	0.733335 	3.44443 	0
18.8662 	0.445842 	0.733335 	3.44443 	0
18.9363 	0.445842 	0.733335 	3.44443 	0
19.0064 	0.445842 	0.733335 	3.44443 	0
19.0766 	0.445842 	0.733335 	3.44443 	0
19.1467 	0.445842 	0.733335 	3.44443 	0
19.2168 	0.393705 	0.795848 	3.43675 	-9.95971e-20
19.287 	0.629804 	0.721421 	3.21616 	-1.69757e-19
19.3571 	0.629804 	0.721421 	3.21616 	-1.69757e-19
19.4272 	0.629804 	0.721421 	3.21616 	-1.69757e-19
19.4974 	0.629804 	0.721421 	3.21616 	-1.69757e-19
19.5675 	0.629804 	0.721421 	3.21616 	-1.69757e-19
19.6376 	0.629804 	0.721421 	3.21616 	-1.69757e-19
19.7078 	0.629804 	0.721421 	3.21616 	-1.69757e-19
19.7779 	0.629804 	0.721421 	3.21616 	-1.69757e-19
19.848 	0.629804 	0.721421 	3.21616 	-1.69757e-19
19.9182 	0.578158 	0.769689 	3.28362 	-5.40498e-19
19.9883 	0.578158 	0.769689 	3.28362 	-5.40498e-19
20.0584 	0.578158 	0.769689 	3.28362 	-5.40498e-19
20.1286 	0.578158 	0.769689 	3.28362 	-5.40498e-19
20.1987 	0.578158 	0.769689 	3.28362 	-5.40498e-19
20.2688 	0.578158 	0.769689 	3.28362 	-5.40498e-19
20.339 	0.578158 	0.769689 	3.28362 	-5.40498e-19
20.4091 	0.578158 	0.769689 	3.28362 	-5.40498e-19
20.4792 	0.578158 	0.769689 	3.28362 	-5.40498e-19
20.5494 	0.578158 	0.769689 	3.28362 	-5.40498e-19
20.6195 	0.517274 	0.839633 	3.32883 	-8.45178e-20
20.6896 	0.517274 	0.839633 	3.32883 	-8.45178e-20
20.7598 	0.517274 	0.839633 	3.32883 	-8.45178e-20
20.8299 	0.517274 	0.839633 	3.32883 	-8.45178e-20
20.9 	0.608406 	0.722435 	2.72601 	-6.6827e-19
20.9702 	0.608406 	0.722435 	2.72601 	-6.6827e-19
21.0403 	0.608406 	0.722435 	2.72601 	-6.6827e-19
21.1105 	0.608406 	0.722435 	2.72601 	-6.6827e-19
21.1806 	0.608406 	0.722435 	2.72601 	-6.6827e-19
21.2507 	0.608406 	0.722435 	2.72601 	-6.6827e-19
21.3209 	0.564812 	0.773775 	2.91639 	0
21.391 	0.564812 	0.773775 	2.91639 	0
21.4611 	0.564812 	0.773775 	2.91639 	0
21.5313 	0.564812 	0.773775 	2.91639 	0
21.6014 	0.564812 	0.773775 	2.91639 	0
21.6715 	0.564812 	0.773775 	2.91639 	0
21.7417 	0.564812 	0.773775 	2.91639 	0
21.8118 	0.564812 	0.773775 	2.91639 	0
21.8819 	0.564812 	0.773775 	2.91639 	0
21.9521 	0.564812 	0.773775 	2.91639 	0
22.0222 	0.564812 	0.773775 	2.91639 	0
22.0923 	0.521086 	0.830876 	3.05162 	-3.53897e-19
22.1625 	0.521086 	0.830876 	3.05162 	-3.53897e-19
22.2326 	0.521086 	0.830876 	3.05162 	-3.53897e-19
22.3027 	0.521086 	0.830876 	3.05162 	-3.53897e-19
22.3729 	0.521086 	0.830876 	3.05162 	-3.53897e-19
22.443 	0.521086 	0.830876 	3.05162 	-3.53897e-19
22.5131 	0.521086 	0.830876 	3.05162 	-3.53897e-19
22.5833 	0.521086 	0.830876 	3.05162 	-3.53897e-19
22.6534 	0.521086 	0.830876 	3.05162 	-3.53897e-19
22.7235 	0.521086 	0.830876 	3.05162 	-3.53897e-19
22.7937 	0.521086 	0.830876 	3.05162 	-3.53897e-19
22.8638 	0.472423 	0.875371 	3.12226 	6.9882e-19
22.9339 	0.472423 	0.875371 	3.12226 	6.9882e-19
23.0041 	0.472423 	0.875371 	3.12226 	6.9882e-19
23.0742 	0.497269 	0.703204 	2.19532 	2.12108e-19
23.1443 	0.497269 	0.703204 	2.19532 	2.12108e-19
23.2145 	0.497269 	0.703204 	2.19532 	2.12108e-19
23.2846 	0.497269 	0.703204 	2.19532 	2.12108e-19
23.3548 	0.497269 	0.703204 	2.19532 	2.12108e-19
23.4249 	0.497269 	0.703204 	2.19532 	2.12108e-19
23.495 	0.497269 	0.703204 	2.19532 	2.12108e-19
23.5652 	0.497269 	0.703204 	2.19532 	2.12108e-19
23.6353 	0.497269 	0.703204 	2.19532 	2.12108e-19
23.7054 	0.447993 	0.750023 	2.37491 	-6.86261e-20
23.7756 	0.447993 	0.750023 	2.37491 	-6.86261e-20
23.8457 	0.447993 	0.750023 	2.37491 	-6.86261e-20
23.9158 	0.447993 	0.750023 	2.37491 	-6.86261e-20
23.986 	0.447993 	0.750023 	2.37491 	-6.86261e-20
24.0561 	0.447993 	0.750023 	2.37491 	-6.86261e-20
24.1262 	0.447993 	0.750023 	2.37491 	-6.86261e-20
24.1964 	0.447993 	0.750023 	2.37491 	-6.86261e-20
24.2665 	0.447993 	0.750023 	2.37491 	-6.86261e-20
24.3366 	0.447993 	0.750023 	2.37491 	-6.86261e-20
24.4068 	0.447993 	0.750023 	2.37491 	-6.86261e-20
24.4769 	0.447993 	0.750023 	2.37491 	-6.86261e-20
24.547 	0.447993 	0.750023 	2.37491 	-6.86261e-20
24.6172 	0.400454 	0.793498 	2.51366 	5.24074e-19
24.6873 	0.400454 	0.793498 	2.51366 	5.24074e-19
24.7574 	0.400454 	0.793498 	2.51366 	5.24074e-19
24.8276 	0.400454 	0.793498 	2.51366 	5.24074e-19
24.8977 	0.400454 	0.793498 	2.51366 	5.24074e-19
24.9678 	0.400454 	0.793498 	2.51366 	5.24074e-19
25.038 	0.400454 	0.793498 	2.51366 	5.24074e-19
25.1081 	0.400454 	0.793498 	2.51366 	5.24074e-19
25.1782 	0.400454 	0.793498 	2.51366 	5.24074e-19
25.2484 	0.400454 	0.793498 	2.51366 	5.24074e-19
25.3185 	0.400454 	0.793498 	2.51366 	5.24074e-19
25.3886 	0.400454 	0.793498 	2.51366 	5.24074e-19
25.4588 	0.354533 	0.837789 	2.63871 	-4.50192e-19
25.5289 	0.354533 	0.837789 	2.63871 	-4.50192e-19
25.5991 	0.354533 	0.837789 	2.63871 	-4.50192e-19
25.6692 	0.354533 	0.837789 	2.63871 	-4.50192e-19
25.7393 	0.354533 	0.837789 	2.63871 	-4.50192e-19
25.8095 	0.354533 	0.837789 	2.63871 	-4.50192e-19
25.8796 	0.354533 	0.837789 	2.63871 	-4.50192e-19
25.9497 	0.354533 	0.837789 	2.63871 	-4.50192e-19
26.0199 	0.354533 	0.837789 	2.63871 	-4.50192e-19
26.09 	0.377181 	0.624695 	1.70691 	-1.1934e-19
26.1601 	0.377181 	0.624695 	1.70691 	-1.1934e-19
26.2303 	0.377181 	0.624695 	1.70691 	-1.1934e-19
26.3004 	0.377181 	0.624695 	1.70691 	-1.1934e-19
26.3705 	0.377181 	0.624695 	1.70691 	-1.1934e-19
26.4407 	0.339479 	0.637618 	1.76429 	8.02792e-20
26.5108 	0.339479 	0.637618 	1.76429 	8.02792e-20
26.5809 	0.339479 	0.637618 	1.76429 	8.02792e-20
26.6511 	0.339479 	0.637618 	1.76429 	8.02792e-20
26.7212 	0.339479 	0.637618 	1.76429 	8.02792e-20
26.7913 	0.339479 	0.637618 	1.76429 	8.02792e-20
26.8615 	0.339479 	0.637618 	1.76429 	8.02792e-20
26.9316 	0.339479 	0.637618 	1.76429 	8.02792e-20
27.0017 	0.339479 	0.637618 	1.76429 	8.02792e-20
27.0719 	0.339479 	0.637618 	1.76429 	8.02792e-20
27.142 	0.339479 	0.637618 	1.76429 	8.02792e-20
27.2121 	0.339479 	0.637618 	1.76429 	8.02792e-20
27.2823 	0.339479 	0.637618 	1.76429 	8.02792e-20
27.3524 	0.303251 	0.654477 	1.81709 	0
27.4225 	0.303251 	0.654477 	1.81709 	0
27.4927 	0.303251 	0.654477 	1.81709 	0
27.5628 	0.303251 	0.654477 	1.81709 	0
27.6329 	0.303251 	0.654477 	1.81709 	0
27.7031 	0.303251 	0.654477 	1.81709 	0
27.7732 	0.303251 	0.654477 	1.81709 	0
27.8434 	0.303251 	0.654477 	1.81709 	0
27.9135 	0.303251 	0.654477 	1.81709 	0
27.9836 	0.303251 	0.654477 	1.81709 	0
28.0538 	0.303251 	0.654477 	1.81709 	0
28.1239 	0.303251 	0.654477 	1.81709 	0
28.194 	0.303251 	0.654477 	1.81709 	0
28.2642 	0.303251 	0.654477 	1.81709 	0
28.3343 	0.303251 	0.654477 	1.81709 	0
28.4044 	0.268465 	0.658197 	1.84226 	0
28.4746 	0.268465 	0.658197 	1.84226 	0
28.5447 	0.268465 	0.658197 	1.84226 	0
28.6148 	0.268465 	0.658197 	1.84226 	0
28.685 	0.268465 	0.658197 	1.84226 	0
28.7551 	0.268465 	0.658197 	1.84226 	0
28.8252 	0.268465 	0.658197 	1.84226 	0
28.8954 	0.268465 	0.658197 	1.84226 	0
28.9655 	0.268465 	0.658197 	1.84226 	0
29.0356 	0.268465 	0.658197 	1.84226 	0
29.1058 	0.268465 	0.658197 	1.84226 	0
29.1759 	0.268465 	0.658197 	1.84226 	0
29.246 	0.268465 	0.658197 	1.84226 	0
29.3162 	0.268465 	0.658197 	1.84226 	0
29.3863 	0.268465 	0.658197 	1.84226 	0
29.4564 	0.238761 	0.66022 	1.84462 	9.87831e-20
29.5266 	0.238761 	0.66022 	1.84462 	9.87831e-20
29.5967 	0.238761 	0.66022 	1.84462 	9.87831e-20
29.6668 	0.238761 	0.66022 	1.84462 	9.87831e-20
29.737 	0.238761 	0.66022 	1.84462 	9.87831e-20
29.8071 	0.238761 	0.66022 	1.84462 	9.87831e-20
29.8773 	0.238761 	0.66022 	1.84462 	9.87831e-20
29.9474 	0.238761 	0.66022 	1.84462 	9.87831e-20
30.0175 	0.238761 	0.66022 	1.84462 	9.87831e-20
30.0877 	0.238761 	0.66022 	1.84462 	9.87831e-20
30.1578 	0.238761 	0.66022 	1.84462 	9.87831e-20
30.2279 	0.238761 	0.66022 	1.84462 	9.87831e-20
30.2981 	0.238761 	0.66022 	1.84462 	9.87831e-20
30.3682 	0.238761 	0.66022 	1.84462 	9.87831e-20
30.4383 	0.238761 	0.66022 	1.84462 	9.87831e-20
30.5085 	0.238761 	0.66022 	1.84462 	9.87831e-20
30.5786 	0.228171 	0.643222 	1.81794 	5.28304e-21
30.6487 	0.228171 	0.643222 	1.81794 	5.28304e-21
30.7189 	0.228171 	0.643222 	1.81794 	5.28304e-21
30.789 	0.228171 	0.643222 	1.81794 	5.28304e-21
30.8591 	0.228171 	0.643222 	1.81794 	5.28304e-21
30.9293 	0.228171 	0.643222 	1.81794 	5.28304e-21
30.9994 	0.228171 	0.643222 	1.81794 	5.28304e-21
31.0695 	0.228171 	0.643222 	1.81794 	5.28304e-21
31.1397 	0.228171 	0.643222 	1.81794 	5.28304e-21
31.2098 	0.228171 	0.643222 	1.81794 	5.28304e-21
31.2799 	0.228171 	0.643222 	1.81794 	5.28304e-21
31.3501 	0.228171 	0.643222 	1.81794 	5.28304e-21
31.4202 	0.228171 	0.643222 	1.81794 	5.28304e-21
31.4903 	0.228171 	0.643222 	1.81794 	5.28304e-21
31.5605 	0.195592 	0.526779 	1.56884 	1.29764e-19
31.6306 	0.195592 	0.526779 	1.56884 	1.29764e-19
31.7007 	0.210461 	0.508064 	1.5579 	-7.99515e-20
31.7709 	0.210461 	0.508064 	1.5579 	-7.99515e-20
31.841 	0.210461 	0.508064 	1.5579 	-7.99515e-20
31.9111 	0.210461 	0.508064 	1.5579 	-7.99515e-20
31.9813 	0.210461 	0.508064 	1.5579 	-7.99515e-20
32.0514 	0.210461 	0.508064 	1.5579 	-7.99515e-20
32.1216 	0.210461 	0.508064 	1.5579 	-7.99515e-20
32.1917 	0.210461 	0.508064 	1.5579 	-7.99515e-20
32.2618 	0.210461 	0.508064 	1.5579 	-7.99515e-20
32.332 	0.210461 	0.508064 	1.5579 	-7.99515e-20
32.4021 	0.210461 	0.508064 	1.5579 	-7.99515e-20
32.4722 	0.210461 	0.508064 	1.5579 	-7.99515e-20
32.5424 	0.210461 	0.508064 	1.5579 	-7.99515e-20
32.6125 	0.210461 	0.508064 	1.5579 	-7.99515e-20
32.6826 	0.210461 	0.508064 	1.5579 	-7.99515e-20
32.7528 	0.210461 	0.508064 	1.5579 	-7.99515e-20
32.8229 	0.210461 	0.508064 	1.5579 	-7.99515e-20
32.893 	0.210461 	0.508064 	1.5579 	-7.99515e-20
32.9632 	0.246404 	0.476813 	1.53373 	-1.62796e-20
33.0333 	0.246404 	0.476813 	1.53373 	-1.62796e-20
33.1034 	0.246404 	0.476813 	1.53373 	-1.62796e-20
33.1736 	0.246404 	0.476813 	1.53373 	-1.62796e-20
33.2437 	0.246404 	0.476813 	1.53373 	-1.62796e-20
33.3138 	0.246404 	0.476813 	1.53373 	-1.62796e-20
33.384 	0.246404 	0.476813 	1.53373 	-1.62796e-20
33.4541 	0.246404 	0.476813 	1.53373 	-1.62796e-20
33.5242 	0.246404 	0.476813 	1.53373 	-1.62796e-20
33.5944 	0.246404 	0.476813 	1.53373 	-1.62796e-20
33.6645 	0.246404 	0.476813 	1.53373 	-1.62796e-20
33.7346 	0.246404 	0.476813 	1.53373 	-1.62796e-20
33.8048 	0.246404 	0.476813 	1.53373 	-1.62796e-20
33.8749 	0.246404 	0.476813 	1.53373 	-1.62796e-20
33.945 	0.246404 	0.476813 	1.53373 	-1.62796e-20
34.0152 	0.246404 	0.476813 	1.53373 	-1.62796e-20
34.0853 	0.246404 	0.476813 	1.53373 	-1.62796e-20
34.1554 	0.246404 	0.476813 	1.53373 	-1.62796e-20
34.2256 	0.297679 	0.423416 	1.49818 	2.98126e-20
34.2957 	0.297679 	0.423416 	1.49818 	2.98126e-20
34.3659 	0.297679 	0.423416 	1.49818 	2.98126e-20
34.436 	0.297679 	0.423416 	1.49818 	2.98126e-20
34.5061 	0.297679 	0.423416 	1.49818 	2.98126e-20
34.5763 	0.297679 	0.423416 	1.49818 	2.98126e-20
34.6464 	0.297679 	0.423416 	1.49818 	2.98126e-20
34.7165 	0.297679 	0.423416 	1.49818 	2.98126e-20
34.7867 	0.297679 	0.423416 	1.49818 	2.98126e-20
34.8568 	0.297679 	0.423416 	1.49818 	2.98126e-20
34.9269 	0.297679 	0.423416 	1.49818 	2.98126e-20
34.9971 	0.297679 	0.423416 	1.49818 	2.98126e-20
35.0672 	0.297679 	0.423416 	1.49818 	2.98126e-20
35.1373 	0.297679 	0.423416 	1.49818 	2.98126e-20
35.2075 	0.297679 	0.423416 	1.49818 	2.98126e-20
35.2776 	0.297679 	0.423416 	1.49818 	2.98126e-20
35.3477 	0.297679 	0.423416 	1.49818 	2.98126e-20
35.4179 	0.297679 	0.423416 	1.49818 	2.98126e-20
35.488 	0.297679 	0.423416 	1.49818 	2.98126e-20
35.5581 	0.297679 	0.423416 	1.49818 	2.98126e-20
35.6283 	0.341722 	0.345817 	1.46632 	5.64238e-21
35.6984 	0.341722 	0.345817 	1.46632 	5.64238e-21
35.7685 	0.341722 	0.345817 	1.46632 	5.64238e-21
35.8387 	0.341722 	0.345817 	1.46632 	5.64238e-21
35.9088 	0.341722 	0.345817 	1.46632 	5.64238e-21
35.9789 	0.341722 	0.345817 	1.46632 	5.64238e-21
36.0491 	0.341722 	0.345817 	1.46632 	5.64238e-21
36.1192 	0.341722 	0.345817 	1.46632 	5.64238e-21
36.1893 	0.341722 	0.345817 	1.46632 	5.64238e-21
36.2595 	0.341722 	0.345817 	1.46632 	5.64238e-21
36.3296 	0.341722 	0.345817 	1.46632 	5.64238e-21
36.3997 	0.341722 	0.345817 	1.46632 	5.64238e-21
36.4699 	0.341722 	0.345817 	1.46632 	5.64238e-21
36.54 	0.341722 	0.345817 	1.46632 	5.64238e-21
36.6102 	0.341722 	0.345817 	1.46632 	5.64238e-21
36.6803 	0.341722 	0.345817 	1.46632 	5.64238e-21
36.7504 	0.341722 	0.345817 	1.46632 	5.64238e-21
36.8206 	0.341722 	0.345817 	1.46632 	5.64238e-21
36.8907 	0.341722 	0.345817 	1.46632 	5.64238e-21
36.9608 	0.341722 	0.345817 	1.46632 	5.64238e-21
37.031 	0.341722 	0.345817 	1.46632 	5.64238e-21
37.1011 	0.358918 	0.268555 	1.45431 	0
37.1712 	0.358918 	0.268555 	1.45431 	0
37.2414 	0.358918 	0.268555 	1.45431 	0
37.3115 	0.358918 	0.268555 	1.45431 	0
37.3816 	0.358918 	0.268555 	1.45431 	0
37.4518 	0.358918 	0.268555 	1.45431 	0
37.5219 	0.358918 	0.268555 	1.45431 	0
37.592 	0.358918 	0.268555 	1.45431 	0
37.6622 	0.358918 	0.268555 	1.45431 	0
37.7323 	0.358918 	0.268555 	1.45431 	0
37.8024 	0.358918 	0.268555 	1.45431 	0
37.8726 	0.358918 	0.268555 	1.45431 	0
37.9427 	0.358918 	0.268555 	1.45431 	0
38.0128 	0.358918 	0.268555 	1.45431 	0
38.083 	0.358918 	0.268555 	1.45431 	0
38.1531 	0.358918 	0.268555 	1.45431 	0
38.2232 	0.358918 	0.268555 	1.45431 	0
38.2934 	0.354892 	0.202777 	1.45769 	0
38.3635 	0.354892 	0.202777 	1.45769 	0
38.4336 	0.354892 	0.202777 	1.45769 	0
38.5038 	0.354892 	0.202777 	1.45769 	0
38.5739 	0.354892 	0.202777 	1.45769 	0
38.644 	0.354892 	0.202777 	1.45769 	0
38.7142 	0.354892 	0.202777 	1.45769 	0
38.7843 	0.354892 	0.202777 	1.45769 	0
38.8545 	0.354892 	0.202777 	1.45769 	0
38.9246 	0.354892 	0.202777 	1.45769 	0
38.9947 	0.354892 	0.202777 	1.45769 	0
39.0649 	0.354892 	0.202777 	1.45769 	0
39.135 	0.354892 	0.202777 	1.45769 	0
39.2051 	0.354892 	0.202777 	1.45769 	0
39.2753 	0.354892 	0.202777 	1.45769 	0
39.3454 	0.354892 	0.202777 	1.45769 	0
39.4155 	0.354892 	0.202777 	1.45769 	0
39.4857 	0.354892 	0.202777 	1.45769 	0
39.5558 	0.342075 	0.14804 	1.46462 	0
39.6259 	0.342075 	0.14804 	1.46462 	0
39.6961 	0.342075 	0.14804 	1.46462 	0
39.7662 	0.342075 	0.14804 	1.46462 	0
39.8363 	0.342075 	0.14804 	1.46462 	0
39.9065 	0.342075 	0.14804 	1.46462 	0
39.9766 	0.342075 	0.14804 	1.46462 	0
40.0467 	0.342075 	0.14804 	1.46462 	0
40.1169 	0.342075 	0.14804 	1.46462 	0
40.187 	0.342075 	0.14804 	1.46462 	0
40.2571 	0.342075 	0.14804 	1.46462 	0
40.3273 	0.342075 	0.14804 	1.46462 	0
40.3974 	0.342075 	0.14804 	1.46462 	0
40.4675 	0.342075 	0.14804 	1.46462 	0
40.5377 	0.342075 	0.14804 	1.46462 	0
40.6078 	0.342075 	0.14804 	1.46462 	0
40.6779 	0.342075 	0.14804 	1.46462 	0
40.7481 	0.331095 	0.100986 	1.4698 	0
40.8182 	0.331095 	0.100986 	1.4698 	0
40.8883 	0.331095 	0.100986 	1.4698 	0
40.9585 	0.331095 	0.100986 	1.4698 	0
41.0286 	0.331095 	0.100986 	1.4698 	0
41.0988 	0.331095 	0.100986 	1.4698 	0
41.1689 	0.331095 	0.100986 	1.4698 	0
41.239 	0.331095 	0.100986 	1.4698 	0
41.3092 	0.331095 	0.100986 	1.4698 	0
41.3793 	0.331095 	0.100986 	1.4698 	0
41.4494 	0.331095 	0.100986 	1.4698 	0
41.5196 	0.331095 	0.100986 	1.4698 	0
41.5897 	0.331095 	0.100986 	1.4698 	0
41.6598 	0.331095 	0.100986 	1.4698 	0
41.73 	0.331095 	0.100986 	1.4698 	0
41.8001 	0.331095 	0.100986 	1.4698 	0
41.8702 	0.331095 	0.100986 	1.4698 	0
41.9404 	0.331095 	0.100986 	1.4698 	0
42.0105 	0.327509 	0.0592139 	1.47098 	0
42.0806 	0.327509 	0.0592139 	1.47098 	0
42.1508 	0.327509 	0.0592139 	1.47098 	0
42.2209 	0.327509 	0.0592139 	1.47098 	0
42.291 	0.327509 	0.0592139 	1.47098 	0
42.3612 	0.327509 	0.0592139 	1.47098 	0
42.4313 	0.327509 	0.0592139 	1.47098 	0
42.5014 	0.327509 	0.0592139 	1.47098 	0
42.5716 	0.327509 	0.0592139 	1.47098 	0
42.6417 	0.327509 	0.0592139 	1.47098 	0
42.7118 	0.327509 	0.0592139 	1.47098 	0
42.782 	0.327509 	0.0592139 	1.47098 	0
42.8521 	0.327509 	0.0592139 	1.47098 	0
42.9222 	0.327509 	0.0592139 	1.47098 	0
42.9924 	0.327509 	0.0592139 	1.47098 	0
43.0625 	0.327509 	0.0592139 	1.47098 	0
43.1327 	0.327509 	0.0592139 	1.47098 	0
43.2028 	0.331243 	0.0272114 	1.46398 	0
43.2729 	0.331243 	0.0272114 	1.46398 	0
43.3431 	0.331243 	0.0272114 	1.46398 	0
43.4132 	0.331243 	0.0272114 	1.46398 	0
43.4833 	0.331243 	0.0272114 	1.46398 	0
43.5535 	0.331243 	0.0272114 	1.46398 	0
43.6236 	0.331243 	0.0272114 	1.46398 	0
43.6937 	0.331243 	0.0272114 	1.46398 	0
43.7639 	0.331243 	0.0272114 	1.46398 	0
43.834 	0.331243 	0.0272114 	1.46398 	0
43.9041 	0.331243 	0.0272114 	1.46398 	0
43.9743 	0.331243 	0.0272114 	1.46398 	0
44.0444 	0.331243 	0.0272114 	1.46398 	0
44.1145 	0.331243 	0.0272114 	1.46398 	0
44.1847 	0.331243 	0.0272114 	1.46398 	0
44.2548 	0.331243 	0.0272114 	1.46398 	0
44.3249 	0.331243 	0.0272114 	1.46398 	0
44.3951 	0.331243 	0.0272114 	1.46398 	0
44.4652 	0.338308 	0.00664103 	1.45326 	0
44.5353 	0.338308 	0.00664103 	1.45326 	0
44.6055 	0.338308 	0.00664103 	1.45326 	0
44.6756 	0.338308 	0.00664103 	1.45326 	0
44.7457 	0.338308 	0.00664103 	1.45326 	0
44.8159 	0.338308 	0.00664103 	1.45326 	0
44.886 	0.338308 	0.00664103 	1.45326 	0
44.9561 	0.338308 	0.00664103 	1.45326 	0
45.0263 	0.338308 	0.00664103 	1.45326 	0
45.0964 	0.338308 	0.00664103 	1.45326 	0
45.1665 	0.338308 	0.00664103 	1.45326 	0
45.2367 	0.338308 	0.00664103 	1.45326 	0
45.3068 	0.338308 	0.00664103 	1.45326 	0
45.377 	0.338308 	0.00664103 	1.45326 	0
45.4471 	0.338308 	0.00664103 	1.45326 	0
45.5172 	0.338308 	0.00664103 	1.45326 	0
45.5874 	0.338308 	0.00664103 	1.45326 	0
45.6575 	0.34602 	-0.00512376 	1.44243 	0
45.7276 	0.34602 	-0.00512376 	1.44243 	0
45.7978 	0.34602 	-0.00512376 	1.44243 	0
45.8679 	0.34602 	-0.00512376 	1.44243 	0
45.938 	0.34602 	-0.00512376 	1.44243 	0
46.0082 	0.34602 	-0.00512376 	1.44243 	0
46.0783 	0.34602 	-0.00512376 	1.44243 	0
46.1484 	0.34602 	-0.00512376 	1.44243 	0
46.2186 	0.34602 	-0.00512376 	1.44243 	0
46.2887 	0.34602 	-0.00512376 	1.44243 	0
46.3588 	0.34602 	-0.00512376 	1.44243 	0
46.429 	0.34602 	-0.00512376 	1.44243 	0
46.4991 	0.34602 	-0.00512376 	1.44243 	0
46.5692 	0.34602 	-0.00512376 	1.44243 	0
46.6394 	0.34602 	-0.00512376 	1.44243 	0
46.7095 	0.34602 	-0.00512376 	1.44243 	0
46.7796 	0.371374 	0.01352 	1.50109 	0
46.8498 	0.371374 	0.01352 	1.50109 	0
46.9199 	0.367124 	0.00186525 	1.50055 	0
46.99 	0.367124 	0.00186525 	1.50055 	0
47.0602 	0.367124 	0.00186525 	1.50055 	0
47.1303 	0.367124 	0.00186525 	1.50055 	0
47.2004 	0.367124 	0.00186525 	1.50055 	0
47.2706 	0.367124 	0.00186525 	1.50055 	0
47.3407 	0.367124 	0.00186525 	1.50055 	0
47.4108 	0.367124 	0.00186525 	1.50055 	0
47.481 	0.367124 	0.00186525 	1.50055 	0
47.5511 	0.367124 	0.00186525 	1.50055 	0
47.6213 	0.367124 	0.00186525 	1.50055 	0
47.6914 	0.367124 	0.00186525 	1.50055 	0
47.7615 	0.367124 	0.00186525 	1.50055 	0
47.8317 	0.367124 	0.00186525 	1.50055 	0
47.9018 	0.367124 	0.00186525 	1.50055 	0
47.9719 	0.367124 	0.00186525 	1.50055 	0
48.0421 	0.367124 	0.00186525 	1.50055 	0
48.1122 	0.367124 	0.00186525 	1.50055 	0
48.1823 	0.365926 	-0.00801284 	1.4961 	0
48.2525 	0.365926 	-0.00801284 	1.4961 	0
48.3226 	0.365926 	-0.00801284 	1.4961 	0
48.3927 	0.365926 	-0.00801284 	1.4961 	0
48.4629 	0.365926 	-0.00801284 	1.4961 	0
48.533 	0.365926 	-0.00801284 	1.4961 	0
48.6031 	0.365926 	-0.00801284 	1.4961 	0
48.6733 	0.365926 	-0.00801284 	1.4961 	0
48.7434 	0.365926 	-0.00801284 	1.4961 	0
48.8135 	0.365926 	-0.00801284 	1.4961 	0
48.8837 	0.365926 	-0.00801284 	1.4961 	0
48.9538 	0.365926 	-0.00801284 	1.4961 	0
49.0239 	0.365926 	-0.00801284 	1.4961 	0
49.0941 	0.365926 	-0.00801284 	1.4961 	0
49.1642 	0.365926 	-0.00801284 	1.4961 	0
49.2343 	0.365926 	-0.00801284 	1.4961 	0
49.3045 	0.365926 	-0.00801284 	1.4961 	0
49.3746 	0.365016 	-0.018772 	1.49045 	0
49.4447 	0.365016 	-0.018772 	1.49045 	0
49.5149 	0.365016 	-0.018772 	1.49045 	0
49.585 	0.365016 	-0.018772 	1.49045 	0
49.6551 	0.365016 	-0.018772 	1.49045 	0
49.7253 	0.365016 	-0.018772 	1.49045 	0
49.7954 	0.365016 	-0.018772 	1.49045 	0
49.8656 	0.365016 	-0.018772 	1.49045 	0
49.9357 	0.365016 	-0.018772 	1.49045 	0
50.0058 	0.365016 	-0.018772 	1.49045 	0
50.076 	0.365016 	-0.018772 	1.49045 	0
50.1461 	0.365016 	-0.018772 	1.49045 	0
50.2162 	0.365016 	-0.018772 	1.49045 	0
50.2864 	0.365016 	-0.018772 	1.49045 	0
50.3565 	0.365016 	-0.018772 	1.49045 	0
50.4266 	0.365016 	-0.018772 	1.49045 	0
50.4968 	0.365016 	-0.018772 	1.49045 	0
50.5669 	0.365016 	-0.018772 	1.49045 	0
50.637 	0.363921 	-0.0297653 	1.4879 	0
50.7072 	0.363921 	-0.0297653 	1.4879 	0
50.7773 	0.363921 	-0.0297653 	1.4879 	0
50.8474 	0.363921 	-0.0297653 	1.4879 	0
50.9176 	0.363921 	-0.0297653 	1.4879 	0
50.9877 	0.363921 	-0.0297653 	1.4879 	0
51.0578 	0.363921 	-0.0297653 	1.4879 	0
51.128 	0.363921 	-0.0297653 	1.4879 	0
51.1981 	0.363921 	-0.0297653 	1.4879 	0
51.2682 	0.363921 	-0.0297653 	1.4879 	0
51.3384 	0.363921 	-0.0297653 	1.4879 	0
51.4085 	0.363921 	-0.0297653 	1.4879 	0
51.4786 	0.363921 	-0.0297653 	1.4879 	0
51.5488 	0.363921 	-0.0297653 	1.4879 	0
51.6189 	0.363921 	-0.0297653 	1.4879 	0
51.689 	0.363921 	-0.0297653 	1.4879 	0
51.7592 	0.363921 	-0.0297653 	1.4879 	0
51.8293 	0.363249 	-0.0371058 	1.48479 	0
51.8994 	0.363249 	-0.0371058 	1.48479 	0
51.9696 	0.363249 	-0.0371058 	1.48479 	0
52.0397 	0.363249 	-0.0371058 	1.48479 	0
52.1099 	0.363249 	-0.0371058 	1.48479 	0
52.18 	0.363249 	-0.0371058 	1.48479 	0
52.2501 	0.363249 	-0.0371058 	1.48479 	0
52.3203 	0.363249 	-0.0371058 	1.48479 	0
52.3904 	0.363249 	-0.0371058 	1.48479 	0
52.4605 	0.363249 	-0.0371058 	1.48479 	0
52.5307 	0.363249 	-0.0371058 	1.48479 	0
52.6008 	0.363249 	-0.0371058 	1.48479 	0
52.6709 	0.363249 	-0.0371058 	1.48479 	0
52.7411 	0.363249 	-0.0371058 	1.48479 	0
52.8112 	0.363249 	-0.0371058 	1.48479 	0
52.8813 	0.363249 	-0.0371058 	1.48479 	0
52.9515 	0.363249 	-0.0371058 	1.48479 	0
53.0216 	0.363249 	-0.0371058 	1.48479 	0
53.0917 	0.363136 	-0.0466149 	1.48427 	0
53.1619 	0.363136 	-0.0466149 	1.48427 	0
53.232 	0.363136 	-0.0466149 	1.48427 	0
53.3021 	0.363136 	-0.0466149 	1.48427 	0
53.3723 	0.363136 	-0.0466149 	1.48427 	0
53.4424 	0.363136 	-0.0466149 	1.48427 	0
53.5125 	0.363136 	-0.0466149 	1.48427 	0
53.5827 	0.363136 	-0.0466149 	1.48427 	0
53.6528 	0.363136 	-0.0466149 	1.48427 	0
53.7229 	0.363136 	-0.0466149 	1.48427 	0
53.7931 	0.363136 	-0.0466149 	1.48427 	0
53.8632 	0.363136 	-0.0466149 	1.48427 	0
53.9333 	0.363136 	-0.0466149 	1.48427 	0
54.0035 	0.363136 	-0.0466149 	1.48427 	0
54.0736 	0.363136 	-0.0466149 	1.48427 	0
54.1437 	0.363136 	-0.0466149 	1.48427 	0
54.2139 	0.363136 	-0.0466149 	1.48427 	0
54.284 	0.366009 	-0.0536704 	1.48487 	0
54.3542 	0.366009 	-0.0536704 	1.48487 	0
54.4243 	0.366009 	-0.0536704 	1.48487 	0
54.4944 	0.366009 	-0.0536704 	1.48487 	0
54.5646 	0.366009 	-0.0536704 	1.48487 	0
54.6347 	0.366009 	-0.0536704 	1.48487 	0
54.7048 	0.366009 	-0.0536704 	1.48487 	0
54.775 	0.366009 	-0.0536704 	1.48487 	0
54.8451 	0.366009 	-0.0536704 	1.48487 	0
54.9152 	0.366009 	-0.0536704 	1.48487 	0
54.9854 	0.366009 	-0.0536704 	1.48487 	0
55.0555 	0.366009 	-0.0536704 	1.48487 	0
55.1256 	0.366009 	-0.0536704 	1.48487 	0
55.1958 	0.366009 	-0.0536704 	1.48487 	0
55.2659 	0.366009 	-0.0536704 	1.48487 	0
55.336 	0.366009 	-0.0536704 	1.48487 	0
55.4062 	0.366009 	-0.0536704 	1.48487 	0
55.4763 	0.366009 	-0.0536704 	1.48487 	0
55.5464 	0.375591 	-0.0572086 	1.49193 	0
55.6166 	0.375591 	-0.0572086 	1.49193 	0
55.6867 	0.375591 	-0.0572086 	1.49193 	0
55.7568 	0.375591 	-0.0572086 	1.49193 	0
55.827 	0.375591 	-0.0572086 	1.49193 	0
55.8971 	0.375591 	-0.0572086 	1.49193 	0
55.9672 	0.375591 	-0.0572086 	1.49193 	0
56.0374 	0.375591 	-0.0572086 	1.49193 	0
56.1075 	0.375591 	-0.0572086 	1.49193 	0
56.1776 	0.375591 	-0.0572086 	1.49193 	0
56.2478 	0.375591 	-0.0572086 	1.49193 	0
56.3179 	0.375591 	-0.0572086 	1.49193 	0
56.3881 	0.375591 	-0.0572086 	1.49193 	0
56.4582 	0.375591 	-0.0572086 	1.49193 	0
56.5283 	0.375591 	-0.0572086 	1.49193 	0
56.5985 	0.375591 	-0.0572086 	1.49193 	0
56.6686 	0.375591 	-0.0572086 	1.49193 	0
56.7387 	0.375591 	-0.0572086 	1.49193 	0
56.8089 	0.388425 	-0.050282 	1.50716 	0
56.879 	0.388425 	-0.050282 	1.50716 	0
56.9491 	0.388425 	-0.050282 	1.50716 	0
57.0193 	0.388425 	-0.050282 	1.50716 	0
57.0894 	0.388425 	-0.050282 	1.50716 	0
57.1595 	0.388425 	-0.050282 	1.50716 	0
57.2297 	0.388425 	-0.050282 	1.50716 	0
57.2998 	0.388425 	-0.050282 	1.50716 	0
57.3699 	0.388425 	-0.050282 	1.50716 	0
57.4401 	0.388425 	-0.050282 	1.50716 	0
57.5102 	0.388425 	-0.050282 	1.50716 	0
57.5803 	0.388425 	-0.050282 	1.50716 	0
57.6505 	0.388425 	-0.050282 	1.50716 	0
57.7206 	0.388425 	-0.050282 	1.50716 	0
57.7907 	0.388425 	-0.050282 	1.50716 	0
57.8609 	0.388425 	-0.050282 	1.50716 	0
57.931 	0.388425 	-0.050282 	1.50716 	0
58.0011 	0.393431 	-0.0175539 	1.53504 	0
58.0713 	0.393431 	-0.0175539 	1.53504 	0
58.1414 	0.393431 	-0.0175539 	1.53504 	0
58.2115 	0.393431 	-0.0175539 	1.53504 	0
58.2817 	0.393431 	-0.0175539 	1.53504 	0
58.3518 	0.393431 	-0.0175539 	1.53504 	0
58.4219 	0.393431 	-0.0175539 	1.53504 	0
58.4921 	0.393431 	-0.0175539 	1.53504 	0
58.5622 	0.393431 	-0.0175539 	1.53504 	0
58.6324 	0.393431 	-0.0175539 	1.53504 	0
58.7025 	0.393431 	-0.0175539 	1.53504 	0
58.7726 	0.393431 	-0.0175539 	1.53504 	0
58.8428 	0.393431 	-0.0175539 	1.53504 	0
58.9129 	0.393431 	-0.0175539 	1.53504 	0
58.983 	0.393431 	-0.0175539 	1.53504 	0
59.0532 	0.393431 	-0.0175539 	1.53504 	0
59.1233 	0.393431 	-0.0175539 	1.53504 	0
59.1934 	0.393431 	-0.0175539 	1.53504 	0
59.2636 	0.400026 	0.0390429 	1.60624 	0
59.3337 	0.400026 	0.0390429 	1.60624 	0
59.4038 	0.400026 	0.0390429 	1.60624 	0
59.474 	0.400026 	0.0390429 	1.60624 	0
59.5441 	0.400026 	0.0390429 	1.60624 	0
59.6142 	0.400026 	0.0390429 	1.60624 	0
59.6844 	0.400026 	0.0390429 	1.60624 	0
59.7545 	0.400026 	0.0390429 	1.60624 	0
59.8246 	0.400026 	0.0390429 	1.60624 	0
59.8948 	0.400026 	0.0390429 	1.60624 	0
59.9649 	0.400026 	0.0390429 	1.60624 	0
60.035 	0.400026 	0.0390429 	1.60624 	0
60.1052 	0.400026 	0.0390429 	1.60624 	0
60.1753 	0.400026 	0.0390429 	1.60624 	0
60.2454 	0.400026 	0.0390429 	1.60624 	0
60.3156 	0.400026 	0.0390429 	1.60624 	0
60.3857 	0.400026 	0.0390429 	1.60624 	0
60.4558 	0.397037 	0.117964 	1.66861 	0
60.526 	0.397037 	0.117964 	1.66861 	0
60.5961 	0.397037 	0.117964 	1.66861 	0
60.6662 	0.397037 	0.117964 	1.66861 	0
60.7364 	0.397037 	0.117964 	1.66861 	0
60.8065 	0.397037 	0.117964 	1.66861 	0
60.8767 	0.397037 	0.117964 	1.66861 	0
60.9468 	0.397037 	0.117964 	1.66861 	0
61.0169 	0.397037 	0.117964 	1.66861 	0
61.0871 	0.397037 	0.117964 	1.66861 	0
61.1572 	0.397037 	0.117964 	1.66861 	0
61.2273 	0.397037 	0.117964 	1.66861 	0
61.2975 	0.397037 	0.117964 	1.66861 	0
61.3676 	0.397037 	0.117964 	1.66861 	0
61.4377 	0.397037 	0.117964 	1.66861 	0
61.5079 	0.397037 	0.117964 	1.66861 	0
61.578 	0.397037 	0.117964 	1.66861 	0
61.6481 	0.397037 	0.117964 	1.66861 	0
61.7183 	0.366771 	0.167451 	1.77324 	0
61.7884 	0.366771 	0.167451 	1.77324 	0
61.8585 	0.366771 	0.167451 	1.77324 	0
61.9287 	0.366771 	0.167451 	1.77324 	0
61.9988 	0.366771 	0.167451 	1.77324 	0
62.0689 	0.366771 	0.167451 	1.77324 	0
62.1391 	0.366771 	0.167451 	1.77324 	0
62.2092 	0.366771 	0.167451 	1.77324 	0
62.2793 	0.366771 	0.167451 	1.77324 	0
62.3495 	0.366771 	0.167451 	1.77324 	0
62.4196 	0.366771 	0.167451 	1.77324 	0
62.4897 	0.366771 	0.167451 	1.77324 	0
62.5599 	0.366771 	0.167451 	1.77324 	0
62.63 	0.366771 	0.167451 	1.77324 	0
62.7001 	0.366771 	0.167451 	1.77324 	0
62.7703 	0.366771 	0.167451 	1.77324 	0
62.8404 	0.366771 	0.167451 	1.77324 	0
62.9105 	0.321309 	0.203971 	1.85418 	0
62.9807 	0.321309 	0.203971 	1.85418 	0
63.0508 	0.321309 	0.203971 	1.85418 	0
63.121 	0.321309 	0.203971 	1.85418 	0
63.1911 	0.321309 	0.203971 	1.85418 	0
63.2612 	0.321309 	0.203971 	1.85418 	0
63.3314 	0.321309 	0.203971 	1.85418 	0
63.4015 	0.321309 	0.203971 	1.85418 	0
63.4716 	0.321309 	0.203971 	1.85418 	0
63.5418 	0.321309 	0.203971 	1.85418 	0
63.6119 	0.321309 	0.203971 	1.85418 	0
63.682 	0.321309 	0.203971 	1.85418 	0
63.7522 	0.321309 	0.203971 	1.85418 	0
63.8223 	0.321309 	0.203971 	1.85418 	0
63.8924 	0.321309 	0.203971 	1.85418 	0
63.9626 	0.321309 	0.203971 	1.85418 	0
64.0327 	0.321309 	0.203971 	1.85418 	0
64.1028 	0.321309 	0.203971 	1.85418 	0
64.173 	0.244561 	0.25646 	1.9606 	0
64.2431 	0.244561 	0.25646 	1.9606 	0
64.3132 	0.244561 	0.25646 	1.9606 	0
64.3834 	0.244561 	0.25646 	1.9606 	0
64.4535 	0.244561 	0.25646 	1.9606 	0
64.5236 	0.244561 	0.25646 	1.9606 	0
64.5938 	0.244561 	0.25646 	1.9606 	0
64.6639 	0.244561 	0.25646 	1.9606 	0
64.734 	0.244561 	0.25646 	1.9606 	0
64.8042 	0.244561 	0.25646 	1.9606 	0
64.8743 	0.244561 	0.25646 	1.9606 	0
64.9444 	0.244561 	0.25646 	1.9606 	0
65.0146 	0.244561 	0.25646 	1.9606 	0
65.0847 	0.244561 	0.25646 	1.9606 	0
65.1548 	0.244561 	0.25646 	1.9606 	0
65.225 	0.244561 	0.25646 	1.9606 	0
65.2951 	0.244561 	0.25646 	1.9606 	0
65.3653 	0.244561 	0.25646 	1.9606 	0
65.4354 	0.169991 	0.206196 	2.08749 	0
65.5055 	0.169991 	0.206196 	2.08749 	0
65.5757 	0.169991 	0.206196 	2.08749 	0
65.6458 	0.169991 	0.206196 	2.08749 	0
65.7159 	0.169991 	0.206196 	2.08749 	0
65.7861 	0.169991 	0.206196 	2.08749 	0
65.8562 	0.169991 	0.206196 	2.08749 	0
65.9263 	0.169991 	0.206196 	2.08749 	0
65.9965 	0.169991 	0.206196 	2.08749 	0
66.0666 	0.169991 	0.206196 	2.08749 	0
66.1367 	0.169991 	0.206196 	2.08749 	0
66.2069 	0.169991 	0.206196 	2.08749 	0
66.277 	0.169991 	0.206196 	2.08749 	0
66.3471 	0.169991 	0.206196 	2.08749 	0
66.4173 	0.169991 	0.206196 	2.08749 	0
66.4874 	0.169991 	0.206196 	2.08749 	0
66.5575 	0.169991 	0.206196 	2.08749 	0
66.6277 	0.0826834 	0.219576 	2.20556 	0
66.6978 	0.0826834 	0.219576 	2.20556 	0
66.7679 	0.0826834 	0.219576 	2.20556 	0
66.8381 	0.0826834 	0.219576 	2.20556 	0
66.9082 	0.0826834 	0.219576 	2.20556 	0
66.9783 	0.0826834 	0.219576 	2.20556 	0
67.0485 	0.0826834 	0.219576 	2.20556 	0
67.1186 	0.0826834 	0.219576 	2.20556 	0
67.1887 	0.0826834 	0.219576 	2.20556 	0
67.2589 	0.0826834 	0.219576 	2.20556 	0
67.329 	0.0826834 	0.219576 	2.20556 	0
67.3991 	0.0826834 	0.219576 	2.20556 	0
67.4693 	0.0826834 	0.219576 	2.20556 	0
67.5394 	0.0826834 	0.219576 	2.20556 	0
67.6096 	0.0826834 	0.219576 	2.20556 	0
67.6797 	0.0826834 	0.219576 	2.20556 	0
67.7498 	0.0826834 	0.219576 	2.20556 	0
67.82 	0.0826834 	0.219576 	2.20556 	0
67.8901 	0.0236944 	0.0814079 	2.34408 	0
67.9602 	0.0236944 	0.0814079 	2.34408 	0
68.0304 	0.0236944 	0.0814079 	2.34408 	0
68.1005 	0.0236944 	0.0814079 	2.34408 	0
68.1706 	0.0236944 	0.0814079 	2.34408 	0
68.2408 	0.0236944 	0.0814079 	2.34408 	0
68.3109 	0.0236944 	0.0814079 	2.34408 	0
68.381 	0.0236944 	0.0814079 	2.34408 	0
68.4512 	0.0236944 	0.0814079 	2.34408 	0
68.5213 	0.0236944 	0.0814079 	2.34408 	0
68.5914 	0.0236944 	0.0814079 	2.34408 	0
68.6616 	0.0236944 	0.0814079 	2.34408 	0
68.7317 	0.0236944 	0.0814079 	2.34408 	0
68.8018 	0.0236944 	0.0814079 	2.34408 	0
68.872 	0.0236944 	0.0814079 	2.34408 	0
68.9421 	0.0236944 	0.0814079 	2.34408 	0
69.0122 	0.0236944 	0.0814079 	2.34408 	0
