0.490941 	2.27249 	0.0043446 	3.00032 	-3.22201e-20
0.561075 	2.27249 	0.0043446 	3.00032 	-3.22201e-20
0.63121 	2.27249 	0.0043446 	3.00032 	-3.22201e-20
0.701344 	2.27249 	0.0043446 	3.00032 	-3.22201e-20
0.771478 	2.27249 	0.0043446 	3.00032 	-3.22201e-20
0.841613 	2.27249 	0.0043446 	3.00032 	-3.22201e-20
0.911747 	2.24746 	0.0145095 	3.00801 	-7.43589e-20
0.981881 	2.24746 	0.0145095 	3.00801 	-7.43589e-20
1.05202 	2.24746 	0.0145095 	3.00801 	-7.43589e-20
1.12215 	2.24746 	0.0145095 	3.00801 	-7.43589e-20
1.19228 	2.24746 	0.0145095 	3.00801 	-7.43589e-20
1.26242 	2.24746 	0.0145095 	3.00801 	-7.43589e-20
1.33255 	2.2035 	0.0192984 	3.02331 	7.43078e-20
1.40269 	2.2035 	0.0192984 	3.02331 	7.43078e-20
1.47282 	2.2035 	0.0192984 	3.02331 	7.43078e-20
1.54296 	2.2035 	0.0192984 	3.02331 	7.43078e-20
1.61309 	2.2035 	0.0192984 	3.02331 	7.43078e-20
1.68323 	2.2035 	0.0192984 	3.02331 	7.43078e-20
1.75336 	2.14314 	0.0247414 	3.04252 	3.57021e-20
1.82349 	2.14314 	0.0247414 	3.04252 	3.57021e-20
1.89363 	2.14314 	0.0247414 	3.04252 	3.57021e-20
1.96376 	2.14314 	0.0247414 	3.04252 	3.57021e-20
2.0339 	2.14314 	0.0247414 	3.04252 	3.57021e-20
2.10403 	2.14314 	0.0247414 	3.04252 	3.57021e-20
2.17417 	2.07188 	0.024245 	3.06668 	0
2.2443 	2.07188 	0.024245 	3.06668 	0
2.31443 	2.07188 	0.024245 	3.06668 	0
2.38457 	2.07188 	0.024245 	3.06668 	0
2.4547 	2.07188 	0.024245 	3.06668 	0
2.52484 	2.07188 	0.024245 	3.06668 	0
2.59497 	1.99556 	0.0256834 	3.09073 	-1.63714e-19
2.66511 	1.99556 	0.0256834 	3.09073 	-1.63714e-19
2.73524 	1.99556 	0.0256834 	3.09073 	-1.63714e-19
2.80538 	1.99556 	0.0256834 	3.09073 	-1.63714e-19
2.87551 	1.99556 	0.0256834 	3.09073 	-1.63714e-19
2.94564 	1.99556 	0.0256834 	3.09073 	-1.63714e-19
3.01578 	1.91925 	0.0233639 	3.11625 	1.30365e-19
3.08591 	1.91925 	0.0233639 	3.11625 	1.30365e-19
3.15605 	1.91925 	0.0233639 	3.11625 	1.30365e-19
3.22618 	1.91925 	0.0233639 	3.11625 	1.30365e-19
3.29632 	1.91925 	0.0233639 	3.11625 	1.30365e-19
3.36645 	1.91925 	0.0233639 	3.11625 	1.30365e-19
3.43659 	1.84479 	0.0250178 	3.13924 	-2.40708e-19
3.50672 	1.84479 	0.0250178 	3.13924 	-2.40708e-19
3.57685 	1.84479 	0.0250178 	3.13924 	-2.40708e-19
3.64699 	1.84479 	0.0250178 	3.13924 	-2.40708e-19
3.71712 	1.84479 	0.0250178 	3.13924 	-2.40708e-19
3.78726 	1.83687 	0.0142171 	3.13799 	-2.67327e-19
3.85739 	1.76369 	0.0119879 	3.16285 	4.93513e-19
3.92753 	1.76369 	0.0119879 	3.16285 	4.93513e-19
3.99766 	1.76369 	0.0119879 	3.16285 	4.93513e-19
4.06779 	1.76369 	0.0119879 	3.16285 	4.93513e-19
4.13793 	1.76369 	0.0119879 	3.16285 	4.93513e-19
4.20806 	1.76369 	0.0119879 	3.16285 	4.93513e-19
4.2782 	1.69249 	0.0144407 	3.1837 	-2.8321e-19
4.34833 	1.69249 	0.0144407 	3.1837 	-2.8321e-19
4.41847 	1.69249 	0.0144407 	3.1837 	-2.8321e-19
4.4886 	1.69249 	0.0144407 	3.1837 	-2.8321e-19
4.55874 	1.69249 	0.0144407 	3.1837 	-2.8321e-19
4.62887 	1.69249 	0.0144407 	3.1837 	-2.8321e-19
4.699 	1.69249 	0.0144407 	3.1837 	-2.8321e-19
4.76914 	1.62309 	0.0119894 	3.20719 	-2.09212e-19
4.83927 	1.62309 	0.0119894 	3.20719 	-2.09212e-19
4.90941 	1.62309 	0.0119894 	3.20719 	-2.09212e-19
4.97954 	1.62309 	0.0119894 	3.20719 	-2.09212e-19
5.04968 	1.62309 	0.0119894 	3.20719 	-2.09212e-19
5.11981 	1.62309 	0.0119894 	3.20719 	-2.09212e-19
5.18994 	1.55538 	0.0142162 	3.22651 	1.83632e-19
5.26008 	1.55538 	0.0142162 	3.22651 	1.83632e-19
5.33021 	1.55538 	0.0142162 	3.22651 	1.83632e-19
5.40035 	1.55538 	0.0142162 	3.22651 	1.83632e-19
5.47048 	1.55538 	0.0142162 	3.22651 	1.83632e-19
5.54062 	1.55538 	0.0142162 	3.22651 	1.83632e-19
5.61075 	1.49029 	0.0114764 	3.24854 	-3.59492e-19
5.68089 	1.49029 	0.0114764 	3.24854 	-3.59492e-19
5.75102 	1.49029 	0.0114764 	3.24854 	-3.59492e-19
5.82115 	1.49029 	0.0114764 	3.24854 	-3.59492e-19
5.89129 	1.49029 	0.0114764 	3.24854 	-3.59492e-19
5.96142 	1.49029 	0.0114764 	3.24854 	-3.59492e-19
6.03156 	1.42835 	0.013911 	3.26566 	3.83686e-19
6.10169 	1.42835 	0.013911 	3.26566 	3.83686e-19
6.17183 	1.42835 	0.013911 	3.26566 	3.83686e-19
6.24196 	1.42835 	0.013911 	3.26566 	3.83686e-19
6.3121 	1.42835 	0.013911 	3.26566 	3.83686e-19
6.38223 	1.42835 	0.013911 	3.26566 	3.83686e-19
6.45236 	1.37045 	0.0113966 	3.28544 	2.24282e-20
6.5225 	1.37045 	0.0113966 	3.28544 	2.24282e-20
6.59263 	1.37045 	0.0113966 	3.28544 	2.24282e-20
6.66277 	1.37045 	0.0113966 	3.28544 	2.24282e-20
6.7329 	1.37045 	0.0113966 	3.28544 	2.24282e-20
6.80304 	1.37045 	0.0113966 	3.28544 	2.24282e-20
6.87317 	1.31662 	0.0144515 	3.29971 	-2.15341e-20
6.9433 	1.31662 	0.0144515 	3.29971 	-2.15341e-20
7.01344 	1.31662 	0.0144515 	3.29971 	-2.15341e-20
7.08357 	1.31662 	0.0144515 	3.29971 	-2.15341e-20
7.15371 	1.31662 	0.0144515 	3.29971 	-2.15341e-20
7.22384 	1.31662 	0.0144515 	3.29971 	-2.15341e-20
7.29398 	1.26709 	0.0123374 	3.31698 	0
7.36411 	1.26709 	0.0123374 	3.31698 	0
7.43425 	1.26709 	0.0123374 	3.31698 	0
7.50438 	1.26709 	0.0123374 	3.31698 	0
7.57451 	1.26709 	0.0123374 	3.31698 	0
7.64465 	1.26709 	0.0123374 	3.31698 	0
7.71478 	1.26709 	0.0123374 	3.31698 	0
7.78492 	1.22129 	0.0160767 	3.32847 	0
7.85505 	1.22129 	0.0160767 	3.32847 	0
7.92519 	1.22129 	0.0160767 	3.32847 	0
7.99532 	1.22129 	0.0160767 	3.32847 	0
8.06545 	1.22129 	0.0160767 	3.32847 	0
8.13559 	1.22129 	0.0160767 	3.32847 	0
8.20572 	1.17908 	0.0143762 	3.34365 	0
8.27586 	1.17908 	0.0143762 	3.34365 	0
8.34599 	1.17908 	0.0143762 	3.34365 	0
8.41613 	1.17908 	0.0143762 	3.34365 	0
8.48626 	1.17908 	0.0143762 	3.34365 	0
8.5564 	1.17908 	0.0143762 	3.34365 	0
8.62653 	1.13974 	0.018967 	3.35286 	2.22894e-22
8.69666 	1.13974 	0.018967 	3.35286 	2.22894e-22
8.7668 	1.13974 	0.018967 	3.35286 	2.22894e-22
8.83693 	1.13974 	0.018967 	3.35286 	2.22894e-22
8.90707 	1.13974 	0.018967 	3.35286 	2.22894e-22
8.9772 	1.13974 	0.018967 	3.35286 	2.22894e-22
9.04734 	1.10306 	0.0178925 	3.36657 	-2.67129e-19
9.11747 	1.10306 	0.0178925 	3.36657 	-2.67129e-19
9.18761 	1.10306 	0.0178925 	3.36657 	-2.67129e-19
9.25774 	1.08827 	0.0139372 	3.36926 	-2.71781e-20
9.32787 	1.08827 	0.0139372 	3.36926 	-2.71781e-20
9.39801 	1.08827 	0.0139372 	3.36926 	-2.71781e-20
9.46814 	1.08827 	0.0139372 	3.36926 	-2.71781e-20
9.53828 	1.05259 	0.0208823 	3.37777 	-2.76933e-19
9.60841 	1.05259 	0.0208823 	3.37777 	-2.76933e-19
9.67855 	1.05259 	0.0208823 	3.37777 	-2.76933e-19
9.74868 	1.05259 	0.0208823 	3.37777 	-2.76933e-19
9.81881 	1.05259 	0.0208823 	3.37777 	-2.76933e-19
9.88895 	1.05259 	0.0208823 	3.37777 	-2.76933e-19
9.95908 	1.01842 	0.0209085 	3.39015 	-1.6603e-20
10.0292 	1.01842 	0.0209085 	3.39015 	-1.6603e-20
10.0994 	1.01842 	0.0209085 	3.39015 	-1.6603e-20
10.1695 	1.01842 	0.0209085 	3.39015 	-1.6603e-20
10.2396 	1.01842 	0.0209085 	3.39015 	-1.6603e-20
10.3098 	1.01842 	0.0209085 	3.39015 	-1.6603e-20
10.3799 	0.985202 	0.0299793 	3.39761 	2.50479e-19
10.45 	0.985202 	0.0299793 	3.39761 	2.50479e-19
10.5202 	0.985202 	0.0299793 	3.39761 	2.50479e-19
10.5903 	0.985202 	0.0299793 	3.39761 	2.50479e-19
10.6604 	0.985202 	0.0299793 	3.39761 	2.50479e-19
10.7306 	0.985202 	0.0299793 	3.39761 	2.50479e-19
10.8007 	0.952735 	0.0319908 	3.40968 	-2.66052e-19
10.8708 	0.952735 	0.0319908 	3.40968 	-2.66052e-19
10.941 	0.952735 	0.0319908 	3.40968 	-2.66052e-19
11.0111 	0.952735 	0.0319908 	3.40968 	-2.66052e-19
11.0812 	0.952735 	0.0319908 	3.40968 	-2.66052e-19
11.1514 	0.952735 	0.0319908 	3.40968 	-2.66052e-19
11.2215 	0.952735 	0.0319908 	3.40968 	-2.66052e-19
11.2916 	0.920338 	0.0444602 	3.41651 	-4.66873e-19
11.3618 	0.920338 	0.0444602 	3.41651 	-4.66873e-19
11.4319 	0.920338 	0.0444602 	3.41651 	-4.66873e-19
11.502 	0.920338 	0.0444602 	3.41651 	-4.66873e-19
11.5722 	0.920338 	0.0444602 	3.41651 	-4.66873e-19
11.6423 	0.920338 	0.0444602 	3.41651 	-4.66873e-19
11.7124 	0.887542 	0.049803 	3.42884 	4.51461e-19
11.7826 	0.887542 	0.049803 	3.42884 	4.51461e-19
11.8527 	0.887542 	0.049803 	3.42884 	4.51461e-19
11.9228 	0.887542 	0.049803 	3.42884 	4.51461e-19
11.993 	0.887542 	0.049803 	3.42884 	4.51461e-19
12.0631 	0.887542 	0.049803 	3.42884 	4.51461e-19
12.1332 	0.853209 	0.0677635 	3.4359 	0
12.2034 	0.853209 	0.0677635 	3.4359 	0
12.2735 	0.853209 	0.0677635 	3.4359 	0
12.3437 	0.853209 	0.0677635 	3.4359 	0
12.4138 	0.853209 	0.0677635 	3.4359 	0
12.4839 	0.853209 	0.0677635 	3.4359 	0
12.5541 	0.853209 	0.0677635 	3.4359 	0
12.6242 	0.816472 	0.0774488 	3.44922 	-1.27571e-20
12.6943 	0.816472 	0.0774488 	3.44922 	-1.27571e-20
12.7645 	0.816472 	0.0774488 	3.44922 	-1.27571e-20
12.8346 	0.816472 	0.0774488 	3.44922 	-1.27571e-20
12.9047 	0.816472 	0.0774488 	3.44922 	-1.27571e-20
12.9749 	0.816472 	0.0774488 	3.44922 	-1.27571e-20
13.045 	0.776148 	0.103326 	3.45772 	1.28535e-20
13.1151 	0.776148 	0.103326 	3.45772 	1.28535e-20
13.1853 	0.776148 	0.103326 	3.45772 	1.28535e-20
13.2554 	0.776148 	0.103326 	3.45772 	1.28535e-20
13.3255 	0.776148 	0.103326 	3.45772 	1.28535e-20
13.3957 	0.776148 	0.103326 	3.45772 	1.28535e-20
13.4658 	0.776148 	0.103326 	3.45772 	1.28535e-20
13.5359 	0.731909 	0.118195 	3.47267 	0
13.6061 	0.731909 	0.118195 	3.47267 	0
13.6762 	0.731909 	0.118195 	3.47267 	0
13.7463 	0.731909 	0.118195 	3.47267 	0
13.8165 	0.731909 	0.118195 	3.47267 	0
13.8866 	0.731909 	0.118195 	3.47267 	0
13.9567 	0.684123 	0.167484 	3.48685 	8.96139e-22
14.0269 	0.684123 	0.167484 	3.48685 	8.96139e-22
14.097 	0.684123 	0.167484 	3.48685 	8.96139e-22
14.1671 	0.684123 	0.167484 	3.48685 	8.96139e-22
14.2373 	0.684123 	0.167484 	3.48685 	8.96139e-22
14.3074 	0.684123 	0.167484 	3.48685 	8.96139e-22
14.3776 	0.661189 	0.165893 	3.49136 	1.3388e-19
14.4477 	0.554388 	0.168171 	3.52072 	-1.92637e-20
14.5178 	0.554388 	0.168171 	3.52072 	-1.92637e-20
14.588 	0.554388 	0.168171 	3.52072 	-1.92637e-20
14.6581 	0.574222 	0.182464 	3.51347 	0
14.7282 	0.574222 	0.182464 	3.51347 	0
14.7984 	0.485105 	0.197844 	3.53917 	-1.98076e-19
14.8685 	0.516491 	0.222913 	3.52848 	-1.97607e-19
14.9386 	0.516491 	0.222913 	3.52848 	-1.97607e-19
15.0088 	0.516491 	0.222913 	3.52848 	-1.97607e-19
15.0789 	0.516491 	0.222913 	3.52848 	-1.97607e-19
15.149 	0.555243 	0.241372 	3.51706 	1.96989e-19
15.2192 	0.45293 	0.259612 	3.55347 	1.68237e-19
15.2893 	0.45293 	0.259612 	3.55347 	1.68237e-19
15.3594 	0.45293 	0.259612 	3.55347 	1.68237e-19
15.4296 	0.491145 	0.281999 	3.53182 	-5.6047e-19
15.4997 	0.491145 	0.281999 	3.53182 	-5.6047e-19
15.5698 	0.389048 	0.297325 	3.56233 	2.95008e-19
15.64 	0.389048 	0.297325 	3.56233 	2.95008e-19
15.7101 	0.389048 	0.297325 	3.56233 	2.95008e-19
15.7802 	0.432038 	0.317485 	3.55574 	-4.89588e-19
15.8504 	0.432038 	0.317485 	3.55574 	-4.89588e-19
15.9205 	0.329992 	0.337539 	3.57018 	-1.37453e-19
15.9906 	0.329992 	0.337539 	3.57018 	-1.37453e-19
16.0608 	0.329992 	0.337539 	3.57018 	-1.37453e-19
16.1309 	0.384676 	0.364658 	3.55032 	0
16.201 	0.384676 	0.364658 	3.55032 	0
16.2712 	0.283372 	0.377516 	3.58524 	0
16.3413 	0.283372 	0.377516 	3.58524 	0
16.4114 	0.283372 	0.377516 	3.58524 	0
16.4816 	0.283372 	0.377516 	3.58524 	0
16.5517 	0.356875 	0.395816 	3.56103 	-1.92591e-19
16.6219 	0.26191 	0.43133 	3.585 	5.85112e-20
16.692 	0.26191 	0.43133 	3.585 	5.85112e-20
16.7621 	0.26191 	0.43133 	3.585 	5.85112e-20
16.8323 	0.26191 	0.43133 	3.585 	5.85112e-20
16.9024 	0.26191 	0.43133 	3.585 	5.85112e-20
16.9725 	0.270158 	0.475153 	3.57785 	0
17.0427 	0.270158 	0.475153 	3.57785 	0
17.1128 	0.270158 	0.475153 	3.57785 	0
17.1829 	0.270158 	0.475153 	3.57785 	0
17.2531 	0.18966 	0.506503 	3.59464 	0
17.3232 	0.18966 	0.506503 	3.59464 	0
17.3933 	0.18966 	0.506503 	3.59464 	0
17.4635 	0.298865 	0.534501 	3.575 	1.78231e-19
17.5336 	0.298865 	0.534501 	3.575 	1.78231e-19
17.6037 	0.228722 	0.554595 	3.5828 	0
17.6739 	0.228722 	0.554595 	3.5828 	0
17.744 	0.228722 	0.554595 	3.5828 	0
17.8141 	0.228722 	0.554595 	3.5828 	0
17.8843 	0.228722 	0.554595 	3.5828 	0
17.9544 	0.276111 	0.613199 	3.5705 	1.54127e-19
18.0245 	0.276111 	0.613199 	3.5705 	1.54127e-19
18.0947 	0.276111 	0.613199 	3.5705 	1.54127e-19
18.1648 	0.276111 	0.613199 	3.5705 	1.54127e-19
18.2349 	0.218861 	0.631554 	3.57968 	-2.27461e-19
18.3051 	0.218861 	0.631554 	3.57968 	-2.27461e-19
18.3752 	0.218861 	0.631554 	3.57968 	-2.27461e-19
18.4453 	0.218861 	0.631554 	3.57968 	-2.27461e-19
18.5155 	0.218861 	0.631554 	3.57968 	-2.27461e-19
18.5856 	0.265315 	0.67118 	3.55875 	-3.34932e-19
18.6557 	0.265315 	0.67118 	3.55875 	-3.34932e-19
18.7259 	0.265315 	0.67118 	3.55875 	-3.34932e-19
18.796 	0.265315 	0.67118 	3.55875 	-3.34932e-19
18.8662 	0.211093 	0.691224 	3.56976 	2.73366e-19
18.9363 	0.211093 	0.691224 	3.56976 	2.73366e-19
19.0064 	0.211093 	0.691224 	3.56976 	2.73366e-19
19.0766 	0.211093 	0.691224 	3.56976 	2.73366e-19
19.1467 	0.211093 	0.691224 	3.56976 	2.73366e-19
19.2168 	0.159886 	0.722365 	3.58681 	4.53951e-20
19.287 	0.262267 	0.71203 	3.53526 	1.94684e-19
19.3571 	0.262267 	0.71203 	3.53526 	1.94684e-19
19.4272 	0.262267 	0.71203 	3.53526 	1.94684e-19
19.4974 	0.262267 	0.71203 	3.53526 	1.94684e-19
19.5675 	0.210099 	0.737249 	3.55213 	3.58654e-20
19.6376 	0.210099 	0.737249 	3.55213 	3.58654e-20
19.7078 	0.210099 	0.737249 	3.55213 	3.58654e-20
19.7779 	0.210099 	0.737249 	3.55213 	3.58654e-20
19.848 	0.210099 	0.737249 	3.55213 	3.58654e-20
19.9182 	0.159439 	0.771545 	3.57258 	-8.30025e-20
19.9883 	0.159439 	0.771545 	3.57258 	-8.30025e-20
20.0584 	0.265422 	0.737594 	3.48125 	0
20.1286 	0.265422 	0.737594 	3.48125 	0
20.1987 	0.265422 	0.737594 	3.48125 	0
20.2688 	0.213144 	0.766216 	3.51442 	6.67279e-20
20.339 	0.213144 	0.766216 	3.51442 	6.67279e-20
20.4091 	0.213144 	0.766216 	3.51442 	6.67279e-20
20.4792 	0.213144 	0.766216 	3.51442 	6.67279e-20
20.5494 	0.213144 	0.766216 	3.51442 	6.67279e-20
20.6195 	0.16216 	0.80531 	3.54587 	-2.96769e-20
20.6896 	0.16216 	0.80531 	3.54587 	-2.96769e-20
20.7598 	0.16216 	0.80531 	3.54587 	-2.96769e-20
20.8299 	0.16216 	0.80531 	3.54587 	-2.96769e-20
20.9 	0.266483 	0.74406 	3.32857 	3.63846e-19
20.9702 	0.216542 	0.777502 	3.40408 	1.5145e-19
21.0403 	0.216542 	0.777502 	3.40408 	1.5145e-19
21.1105 	0.216542 	0.777502 	3.40408 	1.5145e-19
21.1806 	0.216542 	0.777502 	3.40408 	1.5145e-19
21.2507 	0.216542 	0.777502 	3.40408 	1.5145e-19
21.3209 	0.165499 	0.81863 	3.46476 	-1.06398e-19
21.391 	0.165499 	0.81863 	3.46476 	-1.06398e-19
21.4611 	0.165499 	0.81863 	3.46476 	-1.06398e-19
21.5313 	0.165499 	0.81863 	3.46476 	-1.06398e-19
21.6014 	0.165499 	0.81863 	3.46476 	-1.06398e-19
21.6715 	0.165499 	0.81863 	3.46476 	-1.06398e-19
21.7417 	0.11672 	0.847402 	3.50211 	1.44745e-20
21.8118 	0.11672 	0.847402 	3.50211 	1.44745e-20
21.8819 	0.11672 	0.847402 	3.50211 	1.44745e-20
21.9521 	0.195127 	0.761756 	3.11965 	5.23652e-20
22.0222 	0.195127 	0.761756 	3.11965 	5.23652e-20
22.0923 	0.158459 	0.804727 	3.23678 	1.51079e-19
22.1625 	0.158459 	0.804727 	3.23678 	1.51079e-19
22.2326 	0.158459 	0.804727 	3.23678 	1.51079e-19
22.3027 	0.158459 	0.804727 	3.23678 	1.51079e-19
22.3729 	0.158459 	0.804727 	3.23678 	1.51079e-19
22.443 	0.158459 	0.804727 	3.23678 	1.51079e-19
22.5131 	0.118256 	0.842654 	3.33018 	-3.73194e-20
22.5833 	0.118256 	0.842654 	3.33018 	-3.73194e-20
22.6534 	0.118256 	0.842654 	3.33018 	-3.73194e-20
22.7235 	0.118256 	0.842654 	3.33018 	-3.73194e-20
22.7937 	0.118256 	0.842654 	3.33018 	-3.73194e-20
22.8638 	0.0738153 	0.879963 	3.39776 	-7.55703e-20
22.9339 	0.0738153 	0.879963 	3.39776 	-7.55703e-20
23.0041 	0.0738153 	0.879963 	3.39776 	-7.55703e-20
23.0742 	0.12483 	0.734324 	2.67834 	1.32709e-19
23.1443 	0.12483 	0.734324 	2.67834 	1.32709e-19
23.2145 	0.12483 	0.734324 	2.67834 	1.32709e-19
23.2846 	0.0863997 	0.786477 	2.86079 	9.89837e-21
23.3548 	0.0863997 	0.786477 	2.86079 	9.89837e-21
23.4249 	0.0863997 	0.786477 	2.86079 	9.89837e-21
23.495 	0.0863997 	0.786477 	2.86079 	9.89837e-21
23.5652 	0.0863997 	0.786477 	2.86079 	9.89837e-21
23.6353 	0.0863997 	0.786477 	2.86079 	9.89837e-21
23.7054 	0.0483011 	0.824092 	2.95966 	2.37638e-20
23.7756 	0.0483011 	0.824092 	2.95966 	2.37638e-20
23.8457 	0.0483011 	0.824092 	2.95966 	2.37638e-20
23.9158 	0.0483011 	0.824092 	2.95966 	2.37638e-20
23.986 	0.0483011 	0.824092 	2.95966 	2.37638e-20
24.0561 	0.0483011 	0.824092 	2.95966 	2.37638e-20
24.1262 	0.0115431 	0.872891 	3.1036 	0
24.1964 	0.0115431 	0.872891 	3.1036 	0
24.2665 	0.0115431 	0.872891 	3.1036 	0
24.3366 	0.0115431 	0.872891 	3.1036 	0
24.4068 	0.0115431 	0.872891 	3.1036 	0
24.4769 	0.0550553 	0.677927 	2.20818 	5.18393e-20
24.547 	0.0550553 	0.677927 	2.20818 	5.18393e-20
24.6172 	0.0189464 	0.705953 	2.27445 	4.96881e-22
24.6873 	0.0189464 	0.705953 	2.27445 	4.96881e-22
24.7574 	0.0189464 	0.705953 	2.27445 	4.96881e-22
24.8276 	0.0189464 	0.705953 	2.27445 	4.96881e-22
24.8977 	0.0189464 	0.705953 	2.27445 	4.96881e-22
24.9678 	0.0189464 	0.705953 	2.27445 	4.96881e-22
25.038 	-0.0154404 	0.752731 	2.42615 	-4.00478e-21
25.1081 	-0.0154404 	0.752731 	2.42615 	-4.00478e-21
25.1782 	-0.0154404 	0.752731 	2.42615 	-4.00478e-21
25.2484 	-0.0154404 	0.752731 	2.42615 	-4.00478e-21
25.3185 	-0.0154404 	0.752731 	2.42615 	-4.00478e-21
25.3886 	-0.0154404 	0.752731 	2.42615 	-4.00478e-21
25.4588 	-0.0488238 	0.779362 	2.48415 	0
25.5289 	-0.0488238 	0.779362 	2.48415 	0
25.5991 	-0.0488238 	0.779362 	2.48415 	0
25.6692 	-0.0488238 	0.779362 	2.48415 	0
25.7393 	-0.0488238 	0.779362 	2.48415 	0
25.8095 	-0.0488238 	0.779362 	2.48415 	0
25.8796 	-0.0488238 	0.779362 	2.48415 	0
25.9497 	-0.0799137 	0.826493 	2.61532 	-5.86263e-20
26.0199 	-0.0799137 	0.826493 	2.61532 	-5.86263e-20
26.09 	-0.0552244 	0.629051 	1.87998 	-3.64139e-20
26.1601 	-0.0552244 	0.629051 	1.87998 	-3.64139e-20
26.2303 	-0.0552244 	0.629051 	1.87998 	-3.64139e-20
26.3004 	-0.0552244 	0.629051 	1.87998 	-3.64139e-20
26.3705 	-0.0552244 	0.629051 	1.87998 	-3.64139e-20
26.4407 	-0.0810014 	0.64279 	1.90619 	1.05282e-19
26.5108 	-0.0810014 	0.64279 	1.90619 	1.05282e-19
26.5809 	-0.0810014 	0.64279 	1.90619 	1.05282e-19
26.6511 	-0.0810014 	0.64279 	1.90619 	1.05282e-19
26.7212 	-0.0810014 	0.64279 	1.90619 	1.05282e-19
26.7913 	-0.0810014 	0.64279 	1.90619 	1.05282e-19
26.8615 	-0.0810014 	0.64279 	1.90619 	1.05282e-19
26.9316 	-0.105583 	0.668383 	1.96706 	-7.43899e-20
27.0017 	-0.105583 	0.668383 	1.96706 	-7.43899e-20
27.0719 	-0.105583 	0.668383 	1.96706 	-7.43899e-20
27.142 	-0.105583 	0.668383 	1.96706 	-7.43899e-20
27.2121 	-0.105583 	0.668383 	1.96706 	-7.43899e-20
27.2823 	-0.105583 	0.668383 	1.96706 	-7.43899e-20
27.3524 	-0.130487 	0.68085 	1.98235 	-3.41108e-20
27.4225 	-0.130487 	0.68085 	1.98235 	-3.41108e-20
27.4927 	-0.130487 	0.68085 	1.98235 	-3.41108e-20
27.5628 	-0.130487 	0.68085 	1.98235 	-3.41108e-20
27.6329 	-0.130487 	0.68085 	1.98235 	-3.41108e-20
27.7031 	-0.130487 	0.68085 	1.98235 	-3.41108e-20
27.7732 	-0.130487 	0.68085 	1.98235 	-3.41108e-20
27.8434 	-0.130487 	0.68085 	1.98235 	-3.41108e-20
27.9135 	-0.155477 	0.69941 	2.02319 	-4.15891e-20
27.9836 	-0.155477 	0.69941 	2.02319 	-4.15891e-20
28.0538 	-0.155477 	0.69941 	2.02319 	-4.15891e-20
28.1239 	-0.155477 	0.69941 	2.02319 	-4.15891e-20
28.194 	-0.155477 	0.69941 	2.02319 	-4.15891e-20
28.2642 	-0.155477 	0.69941 	2.02319 	-4.15891e-20
28.3343 	-0.160322 	0.578407 	1.66776 	4.47725e-20
28.4044 	-0.181451 	0.580662 	1.67299 	-7.76546e-20
28.4746 	-0.181451 	0.580662 	1.67299 	-7.76546e-20
28.5447 	-0.181451 	0.580662 	1.67299 	-7.76546e-20
28.6148 	-0.181451 	0.580662 	1.67299 	-7.76546e-20
28.685 	-0.181451 	0.580662 	1.67299 	-7.76546e-20
28.7551 	-0.181451 	0.580662 	1.67299 	-7.76546e-20
28.8252 	-0.181451 	0.580662 	1.67299 	-7.76546e-20
28.8954 	-0.181451 	0.580662 	1.67299 	-7.76546e-20
28.9655 	-0.198874 	0.5895 	1.67866 	-9.03298e-20
29.0356 	-0.198874 	0.5895 	1.67866 	-9.03298e-20
29.1058 	-0.198874 	0.5895 	1.67866 	-9.03298e-20
29.1759 	-0.198874 	0.5895 	1.67866 	-9.03298e-20
29.246 	-0.198874 	0.5895 	1.67866 	-9.03298e-20
29.3162 	-0.198874 	0.5895 	1.67866 	-9.03298e-20
29.3863 	-0.198874 	0.5895 	1.67866 	-9.03298e-20
29.4564 	-0.212432 	0.590764 	1.67218 	8.48866e-20
29.5266 	-0.212432 	0.590764 	1.67218 	8.48866e-20
29.5967 	-0.212432 	0.590764 	1.67218 	8.48866e-20
29.6668 	-0.212432 	0.590764 	1.67218 	8.48866e-20
29.737 	-0.212432 	0.590764 	1.67218 	8.48866e-20
29.8071 	-0.212432 	0.590764 	1.67218 	8.48866e-20
29.8773 	-0.212432 	0.590764 	1.67218 	8.48866e-20
29.9474 	-0.212432 	0.590764 	1.67218 	8.48866e-20
30.0175 	-0.221117 	0.598263 	1.66843 	-9.50481e-20
30.0877 	-0.221117 	0.598263 	1.66843 	-9.50481e-20
30.1578 	-0.221117 	0.598263 	1.66843 	-9.50481e-20
30.2279 	-0.221117 	0.598263 	1.66843 	-9.50481e-20
30.2981 	-0.221117 	0.598263 	1.66843 	-9.50481e-20
30.3682 	-0.221117 	0.598263 	1.66843 	-9.50481e-20
30.4383 	-0.221117 	0.598263 	1.66843 	-9.50481e-20
30.5085 	-0.221117 	0.598263 	1.66843 	-9.50481e-20
30.5786 	-0.224057 	0.596774 	1.64938 	1.76879e-19
30.6487 	-0.224057 	0.596774 	1.64938 	1.76879e-19
30.7189 	-0.224057 	0.596774 	1.64938 	1.76879e-19
30.789 	-0.224057 	0.596774 	1.64938 	1.76879e-19
30.8591 	-0.224057 	0.596774 	1.64938 	1.76879e-19
30.9293 	-0.224057 	0.596774 	1.64938 	1.76879e-19
30.9994 	-0.224057 	0.596774 	1.64938 	1.76879e-19
31.0695 	-0.224057 	0.596774 	1.64938 	1.76879e-19
31.1397 	-0.219783 	0.599785 	1.63223 	-8.8342e-20
31.2098 	-0.219783 	0.599785 	1.63223 	-8.8342e-20
31.2799 	-0.219783 	0.599785 	1.63223 	-8.8342e-20
31.3501 	-0.219783 	0.599785 	1.63223 	-8.8342e-20
31.4202 	-0.219783 	0.599785 	1.63223 	-8.8342e-20
31.4903 	-0.219783 	0.599785 	1.63223 	-8.8342e-20
31.5605 	-0.218094 	0.565295 	1.5778 	1.36176e-19
31.6306 	-0.218094 	0.565295 	1.5778 	1.36176e-19
31.7007 	-0.207084 	0.557942 	1.56555 	-3.98165e-20
31.7709 	-0.207084 	0.557942 	1.56555 	-3.98165e-20
31.841 	-0.207084 	0.557942 	1.56555 	-3.98165e-20
31.9111 	-0.207084 	0.557942 	1.56555 	-3.98165e-20
31.9813 	-0.207084 	0.557942 	1.56555 	-3.98165e-20
32.0514 	-0.207084 	0.557942 	1.56555 	-3.98165e-20
32.1216 	-0.207084 	0.557942 	1.56555 	-3.98165e-20
32.1917 	-0.207084 	0.557942 	1.56555 	-3.98165e-20
32.2618 	-0.207084 	0.557942 	1.56555 	-3.98165e-20
32.332 	-0.187496 	0.550554 	1.54711 	0
32.4021 	-0.187496 	0.550554 	1.54711 	0
32.4722 	-0.187496 	0.550554 	1.54711 	0
32.5424 	-0.187496 	0.550554 	1.54711 	0
32.6125 	-0.187496 	0.550554 	1.54711 	0
32.6826 	-0.187496 	0.550554 	1.54711 	0
32.7528 	-0.187496 	0.550554 	1.54711 	0
32.8229 	-0.187496 	0.550554 	1.54711 	0
32.893 	-0.187496 	0.550554 	1.54711 	0
32.9632 	-0.161376 	0.529962 	1.52807 	0
33.0333 	-0.161376 	0.529962 	1.52807 	0
33.1034 	-0.161376 	0.529962 	1.52807 	0
33.1736 	-0.161376 	0.529962 	1.52807 	0
33.2437 	-0.161376 	0.529962 	1.52807 	0
33.3138 	-0.161376 	0.529962 	1.52807 	0
33.384 	-0.161376 	0.529962 	1.52807 	0
33.4541 	-0.161376 	0.529962 	1.52807 	0
33.5242 	-0.161376 	0.529962 	1.52807 	0
33.5944 	-0.131682 	0.503573 	1.50814 	1.37001e-20
33.6645 	-0.131682 	0.503573 	1.50814 	1.37001e-20
33.7346 	-0.131682 	0.503573 	1.50814 	1.37001e-20
33.8048 	-0.131682 	0.503573 	1.50814 	1.37001e-20
33.8749 	-0.131682 	0.503573 	1.50814 	1.37001e-20
33.945 	-0.131682 	0.503573 	1.50814 	1.37001e-20
34.0152 	-0.131682 	0.503573 	1.50814 	1.37001e-20
34.0853 	-0.131682 	0.503573 	1.50814 	1.37001e-20
34.1554 	-0.131682 	0.503573 	1.50814 	1.37001e-20
34.2256 	-0.0999866 	0.46517 	1.49134 	-6.23437e-21
34.2957 	-0.0999866 	0.46517 	1.49134 	-6.23437e-21
34.3659 	-0.0999866 	0.46517 	1.49134 	-6.23437e-21
34.436 	-0.0999866 	0.46517 	1.49134 	-6.23437e-21
34.5061 	-0.0999866 	0.46517 	1.49134 	-6.23437e-21
34.5763 	-0.0999866 	0.46517 	1.49134 	-6.23437e-21
34.6464 	-0.0999866 	0.46517 	1.49134 	-6.23437e-21
34.7165 	-0.0999866 	0.46517 	1.49134 	-6.23437e-21
34.7867 	-0.0999866 	0.46517 	1.49134 	-6.23437e-21
34.8568 	-0.0999866 	0.46517 	1.49134 	-6.23437e-21
34.9269 	-0.0683178 	0.421584 	1.47592 	7.85977e-21
34.9971 	-0.0683178 	0.421584 	1.47592 	7.85977e-21
35.0672 	-0.0683178 	0.421584 	1.47592 	7.85977e-21
35.1373 	-0.0683178 	0.421584 	1.47592 	7.85977e-21
35.2075 	-0.0683178 	0.421584 	1.47592 	7.85977e-21
35.2776 	-0.0683178 	0.421584 	1.47592 	7.85977e-21
35.3477 	-0.0683178 	0.421584 	1.47592 	7.85977e-21
35.4179 	-0.0683178 	0.421584 	1.47592 	7.85977e-21
35.488 	-0.0683178 	0.421584 	1.47592 	7.85977e-21
35.5581 	-0.0683178 	0.421584 	1.47592 	7.85977e-21
35.6283 	-0.04155 	0.378886 	1.46561 	-3.95058e-21
35.6984 	-0.04155 	0.378886 	1.46561 	-3.95058e-21
35.7685 	-0.04155 	0.378886 	1.46561 	-3.95058e-21
35.8387 	-0.04155 	0.378886 	1.46561 	-3.95058e-21
35.9088 	-0.04155 	0.378886 	1.46561 	-3.95058e-21
35.9789 	-0.04155 	0.378886 	1.46561 	-3.95058e-21
36.0491 	-0.04155 	0.378886 	1.46561 	-3.95058e-21
36.1192 	-0.04155 	0.378886 	1.46561 	-3.95058e-21
36.1893 	-0.04155 	0.378886 	1.46561 	-3.95058e-21
36.2595 	-0.04155 	0.378886 	1.46561 	-3.95058e-21
36.3296 	-0.0238023 	0.339227 	1.46126 	-2.32834e-22
36.3997 	-0.0238023 	0.339227 	1.46126 	-2.32834e-22
36.4699 	-0.0238023 	0.339227 	1.46126 	-2.32834e-22
36.54 	-0.0238023 	0.339227 	1.46126 	-2.32834e-22
36.6102 	-0.0238023 	0.339227 	1.46126 	-2.32834e-22
36.6803 	-0.0238023 	0.339227 	1.46126 	-2.32834e-22
36.7504 	-0.0238023 	0.339227 	1.46126 	-2.32834e-22
36.8206 	-0.0238023 	0.339227 	1.46126 	-2.32834e-22
36.8907 	-0.0238023 	0.339227 	1.46126 	-2.32834e-22
36.9608 	-0.0238023 	0.339227 	1.46126 	-2.32834e-22
37.031 	-0.0238023 	0.339227 	1.46126 	-2.32834e-22
37.1011 	-0.0148684 	0.303936 	1.46096 	0
37.1712 	-0.0148684 	0.303936 	1.46096 	0
37.2414 	-0.0148684 	0.303936 	1.46096 	0
37.3115 	-0.0148684 	0.303936 	1.46096 	0
37.3816 	-0.0148684 	0.303936 	1.46096 	0
37.4518 	-0.0148684 	0.303936 	1.46096 	0
37.5219 	-0.0148684 	0.303936 	1.46096 	0
37.592 	-0.0148684 	0.303936 	1.46096 	0
37.6622 	-0.0109892 	0.272047 	1.4623 	0
37.7323 	-0.0109892 	0.272047 	1.4623 	0
37.8024 	-0.0109892 	0.272047 	1.4623 	0
37.8726 	-0.0109892 	0.272047 	1.4623 	0
37.9427 	-0.0109892 	0.272047 	1.4623 	0
38.0128 	-0.0109892 	0.272047 	1.4623 	0
38.083 	-0.0109892 	0.272047 	1.4623 	0
38.1531 	-0.0109892 	0.272047 	1.4623 	0
38.2232 	-0.0109892 	0.272047 	1.4623 	0
38.2934 	-0.0104064 	0.241402 	1.46441 	0
38.3635 	-0.0104064 	0.241402 	1.46441 	0
38.4336 	-0.0104064 	0.241402 	1.46441 	0
38.5038 	-0.0104064 	0.241402 	1.46441 	0
38.5739 	-0.0104064 	0.241402 	1.46441 	0
38.644 	-0.0104064 	0.241402 	1.46441 	0
38.7142 	-0.0104064 	0.241402 	1.46441 	0
38.7843 	-0.0104064 	0.241402 	1.46441 	0
38.8545 	-0.0104064 	0.241402 	1.46441 	0
38.9246 	-0.0117917 	0.211866 	1.46666 	0
38.9947 	-0.0117917 	0.211866 	1.46666 	0
39.0649 	-0.0117917 	0.211866 	1.46666 	0
39.135 	-0.0117917 	0.211866 	1.46666 	0
39.2051 	-0.0117917 	0.211866 	1.46666 	0
39.2753 	-0.0117917 	0.211866 	1.46666 	0
39.3454 	-0.0117917 	0.211866 	1.46666 	0
39.4155 	-0.0117917 	0.211866 	1.46666 	0
39.4857 	-0.0117917 	0.211866 	1.46666 	0
39.5558 	-0.0143346 	0.183572 	1.46841 	0
39.6259 	-0.0143346 	0.183572 	1.46841 	0
39.6961 	-0.0143346 	0.183572 	1.46841 	0
39.7662 	-0.0143346 	0.183572 	1.46841 	0
39.8363 	-0.0143346 	0.183572 	1.46841 	0
39.9065 	-0.0143346 	0.183572 	1.46841 	0
39.9766 	-0.0143346 	0.183572 	1.46841 	0
40.0467 	-0.0143346 	0.183572 	1.46841 	0
40.1169 	-0.0176837 	0.157325 	1.46998 	0
40.187 	-0.0176837 	0.157325 	1.46998 	0
40.2571 	-0.0176837 	0.157325 	1.46998 	0
40.3273 	-0.0176837 	0.157325 	1.46998 	0
40.3974 	-0.0176837 	0.157325 	1.46998 	0
40.4675 	-0.0176837 	0.157325 	1.46998 	0
40.5377 	-0.0176837 	0.157325 	1.46998 	0
40.6078 	-0.0176837 	0.157325 	1.46998 	0
40.6779 	-0.0176837 	0.157325 	1.46998 	0
40.7481 	-0.0210317 	0.133273 	1.47068 	0
40.8182 	-0.0210317 	0.133273 	1.47068 	0
40.8883 	-0.0210317 	0.133273 	1.47068 	0
40.9585 	-0.0210317 	0.133273 	1.47068 	0
41.0286 	-0.0210317 	0.133273 	1.47068 	0
41.0988 	-0.0210317 	0.133273 	1.47068 	0
41.1689 	-0.0210317 	0.133273 	1.47068 	0
41.239 	-0.0210317 	0.133273 	1.47068 	0
41.3092 	-0.0210317 	0.133273 	1.47068 	0
41.3793 	-0.0235438 	0.110595 	1.47057 	0
41.4494 	-0.0235438 	0.110595 	1.47057 	0
41.5196 	-0.0235438 	0.110595 	1.47057 	0
41.5897 	-0.0235438 	0.110595 	1.47057 	0
41.6598 	-0.0235438 	0.110595 	1.47057 	0
41.73 	-0.0235438 	0.110595 	1.47057 	0
41.8001 	-0.0235438 	0.110595 	1.47057 	0
41.8702 	-0.0235438 	0.110595 	1.47057 	0
41.9404 	-0.0235438 	0.110595 	1.47057 	0
42.0105 	-0.025178 	0.089489 	1.46979 	0
42.0806 	-0.025178 	0.089489 	1.46979 	0
42.1508 	-0.025178 	0.089489 	1.46979 	0
42.2209 	-0.025178 	0.089489 	1.46979 	0
42.291 	-0.025178 	0.089489 	1.46979 	0
42.3612 	-0.025178 	0.089489 	1.46979 	0
42.4313 	-0.025178 	0.089489 	1.46979 	0
42.5014 	-0.025178 	0.089489 	1.46979 	0
42.5716 	-0.025178 	0.089489 	1.46979 	0
42.6417 	-0.0261904 	0.0709088 	1.46863 	0
42.7118 	-0.0261904 	0.0709088 	1.46863 	0
42.782 	-0.0261904 	0.0709088 	1.46863 	0
42.8521 	-0.0261904 	0.0709088 	1.46863 	0
42.9222 	-0.0261904 	0.0709088 	1.46863 	0
42.9924 	-0.0261904 	0.0709088 	1.46863 	0
43.0625 	-0.0261904 	0.0709088 	1.46863 	0
43.1327 	-0.0261904 	0.0709088 	1.46863 	0
43.2028 	-0.0263002 	0.05543 	1.46705 	0
43.2729 	-0.0263002 	0.05543 	1.46705 	0
43.3431 	-0.0263002 	0.05543 	1.46705 	0
43.4132 	-0.0263002 	0.05543 	1.46705 	0
43.4833 	-0.0263002 	0.05543 	1.46705 	0
43.5535 	-0.0263002 	0.05543 	1.46705 	0
43.6236 	-0.0263002 	0.05543 	1.46705 	0
43.6937 	-0.0263002 	0.05543 	1.46705 	0
43.7639 	-0.0263002 	0.05543 	1.46705 	0
43.834 	-0.0252526 	0.0420958 	1.4658 	0
43.9041 	-0.0252526 	0.0420958 	1.4658 	0
43.9743 	-0.0252526 	0.0420958 	1.4658 	0
44.0444 	-0.0252526 	0.0420958 	1.4658 	0
44.1145 	-0.0252526 	0.0420958 	1.4658 	0
44.1847 	-0.0252526 	0.0420958 	1.4658 	0
44.2548 	-0.0252526 	0.0420958 	1.4658 	0
44.3249 	-0.0252526 	0.0420958 	1.4658 	0
44.3951 	-0.0252526 	0.0420958 	1.4658 	0
44.4652 	-0.0233922 	0.0299113 	1.46567 	0
44.5353 	-0.0233922 	0.0299113 	1.46567 	0
44.6055 	-0.0233922 	0.0299113 	1.46567 	0
44.6756 	-0.0233922 	0.0299113 	1.46567 	0
44.7457 	-0.0233922 	0.0299113 	1.46567 	0
44.8159 	-0.0233922 	0.0299113 	1.46567 	0
44.886 	-0.0233922 	0.0299113 	1.46567 	0
44.9561 	-0.0233922 	0.0299113 	1.46567 	0
45.0263 	-0.0233922 	0.0299113 	1.46567 	0
45.0964 	-0.0209568 	0.019304 	1.46647 	0
45.1665 	-0.0209568 	0.019304 	1.46647 	0
45.2367 	-0.0209568 	0.019304 	1.46647 	0
45.3068 	-0.0209568 	0.019304 	1.46647 	0
45.377 	-0.0209568 	0.019304 	1.46647 	0
45.4471 	-0.0209568 	0.019304 	1.46647 	0
45.5172 	-0.0209568 	0.019304 	1.46647 	0
45.5874 	-0.0209568 	0.019304 	1.46647 	0
45.6575 	-0.0177905 	0.0114082 	1.46818 	0
45.7276 	-0.0177905 	0.0114082 	1.46818 	0
45.7978 	-0.0177905 	0.0114082 	1.46818 	0
45.8679 	-0.0177905 	0.0114082 	1.46818 	0
45.938 	-0.0177905 	0.0114082 	1.46818 	0
46.0082 	-0.0177905 	0.0114082 	1.46818 	0
46.0783 	-0.0177905 	0.0114082 	1.46818 	0
46.1484 	-0.0177905 	0.0114082 	1.46818 	0
46.2186 	-0.0177905 	0.0114082 	1.46818 	0
46.2887 	-0.0138971 	0.00719966 	1.47068 	0
46.3588 	-0.0138971 	0.00719966 	1.47068 	0
46.429 	-0.0138971 	0.00719966 	1.47068 	0
46.4991 	-0.0138971 	0.00719966 	1.47068 	0
46.5692 	-0.0138971 	0.00719966 	1.47068 	0
46.6394 	-0.0138971 	0.00719966 	1.47068 	0
46.7095 	-0.0138971 	0.00719966 	1.47068 	0
46.7796 	7.03082e-05 	0.000396487 	1.46674 	0
46.8498 	7.03082e-05 	0.000396487 	1.46674 	0
46.9199 	0.00340602 	0.000888234 	1.47326 	0
46.99 	0.00340602 	0.000888234 	1.47326 	0
47.0602 	0.00340602 	0.000888234 	1.47326 	0
47.1303 	0.00340602 	0.000888234 	1.47326 	0
47.2004 	0.00340602 	0.000888234 	1.47326 	0
47.2706 	0.00340602 	0.000888234 	1.47326 	0
47.3407 	0.00340602 	0.000888234 	1.47326 	0
47.4108 	0.00340602 	0.000888234 	1.47326 	0
47.481 	0.00340602 	0.000888234 	1.47326 	0
47.5511 	0.00673203 	0.00328745 	1.48111 	0
47.6213 	0.00673203 	0.00328745 	1.48111 	0
47.6914 	0.00673203 	0.00328745 	1.48111 	0
47.7615 	0.00673203 	0.00328745 	1.48111 	0
47.8317 	0.00673203 	0.00328745 	1.48111 	0
47.9018 	0.00673203 	0.00328745 	1.48111 	0
47.9719 	0.00673203 	0.00328745 	1.48111 	0
48.0421 	0.00673203 	0.00328745 	1.48111 	0
48.1122 	0.00673203 	0.00328745 	1.48111 	0
48.1823 	0.0100023 	0.00596134 	1.48996 	0
48.2525 	0.0100023 	0.00596134 	1.48996 	0
48.3226 	0.0100023 	0.00596134 	1.48996 	0
48.3927 	0.0100023 	0.00596134 	1.48996 	0
48.4629 	0.0100023 	0.00596134 	1.48996 	0
48.533 	0.0100023 	0.00596134 	1.48996 	0
48.6031 	0.0100023 	0.00596134 	1.48996 	0
48.6733 	0.0100023 	0.00596134 	1.48996 	0
48.7434 	0.0126942 	0.0087199 	1.49982 	0
48.8135 	0.0126942 	0.0087199 	1.49982 	0
48.8837 	0.0126942 	0.0087199 	1.49982 	0
48.9538 	0.0126942 	0.0087199 	1.49982 	0
49.0239 	0.0126942 	0.0087199 	1.49982 	0
49.0941 	0.0126942 	0.0087199 	1.49982 	0
49.1642 	0.0126942 	0.0087199 	1.49982 	0
49.2343 	0.0126942 	0.0087199 	1.49982 	0
49.3045 	0.0126942 	0.0087199 	1.49982 	0
49.3746 	0.0142157 	0.0134841 	1.50987 	0
49.4447 	0.0142157 	0.0134841 	1.50987 	0
49.5149 	0.0142157 	0.0134841 	1.50987 	0
49.585 	0.0142157 	0.0134841 	1.50987 	0
49.6551 	0.0142157 	0.0134841 	1.50987 	0
49.7253 	0.0142157 	0.0134841 	1.50987 	0
49.7954 	0.0142157 	0.0134841 	1.50987 	0
49.8656 	0.0142157 	0.0134841 	1.50987 	0
49.9357 	0.0142157 	0.0134841 	1.50987 	0
50.0058 	0.0147467 	0.0234515 	1.52059 	0
50.076 	0.0147467 	0.0234515 	1.52059 	0
50.1461 	0.0147467 	0.0234515 	1.52059 	0
50.2162 	0.0147467 	0.0234515 	1.52059 	0
50.2864 	0.0147467 	0.0234515 	1.52059 	0
50.3565 	0.0147467 	0.0234515 	1.52059 	0
50.4266 	0.0147467 	0.0234515 	1.52059 	0
50.4968 	0.0147467 	0.0234515 	1.52059 	0
50.5669 	0.0147467 	0.0234515 	1.52059 	0
50.637 	0.0139576 	0.0413974 	1.53242 	0
50.7072 	0.0139576 	0.0413974 	1.53242 	0
50.7773 	0.0139576 	0.0413974 	1.53242 	0
50.8474 	0.0139576 	0.0413974 	1.53242 	0
50.9176 	0.0139576 	0.0413974 	1.53242 	0
50.9877 	0.0139576 	0.0413974 	1.53242 	0
51.0578 	0.0139576 	0.0413974 	1.53242 	0
51.128 	0.0139576 	0.0413974 	1.53242 	0
51.1981 	0.0139576 	0.0413974 	1.53242 	0
51.2682 	0.0118034 	0.0679832 	1.54665 	0
51.3384 	0.0118034 	0.0679832 	1.54665 	0
51.4085 	0.0118034 	0.0679832 	1.54665 	0
51.4786 	0.0118034 	0.0679832 	1.54665 	0
51.5488 	0.0118034 	0.0679832 	1.54665 	0
51.6189 	0.0118034 	0.0679832 	1.54665 	0
51.689 	0.0118034 	0.0679832 	1.54665 	0
51.7592 	0.0118034 	0.0679832 	1.54665 	0
51.8293 	0.00796284 	0.103494 	1.56303 	0
51.8994 	0.00796284 	0.103494 	1.56303 	0
51.9696 	0.00796284 	0.103494 	1.56303 	0
52.0397 	0.00796284 	0.103494 	1.56303 	0
52.1099 	0.00796284 	0.103494 	1.56303 	0
52.18 	0.00796284 	0.103494 	1.56303 	0
52.2501 	0.00796284 	0.103494 	1.56303 	0
52.3203 	0.00796284 	0.103494 	1.56303 	0
52.3904 	0.00796284 	0.103494 	1.56303 	0
52.4605 	0.00196842 	0.145425 	1.5817 	0
52.5307 	0.00196842 	0.145425 	1.5817 	0
52.6008 	0.00196842 	0.145425 	1.5817 	0
52.6709 	0.00196842 	0.145425 	1.5817 	0
52.7411 	0.00196842 	0.145425 	1.5817 	0
52.8112 	0.00196842 	0.145425 	1.5817 	0
52.8813 	0.00196842 	0.145425 	1.5817 	0
52.9515 	0.00196842 	0.145425 	1.5817 	0
53.0216 	0.00196842 	0.145425 	1.5817 	0
53.0917 	-0.00688815 	0.193389 	1.60262 	0
53.1619 	-0.00688815 	0.193389 	1.60262 	0
53.232 	-0.00688815 	0.193389 	1.60262 	0
53.3021 	-0.00688815 	0.193389 	1.60262 	0
53.3723 	-0.00688815 	0.193389 	1.60262 	0
53.4424 	-0.00688815 	0.193389 	1.60262 	0
53.5125 	-0.00688815 	0.193389 	1.60262 	0
53.5827 	-0.00688815 	0.193389 	1.60262 	0
53.6528 	-0.00688815 	0.193389 	1.60262 	0
53.7229 	-0.0202308 	0.248032 	1.62421 	0
53.7931 	-0.0202308 	0.248032 	1.62421 	0
53.8632 	-0.0202308 	0.248032 	1.62421 	0
53.9333 	-0.0202308 	0.248032 	1.62421 	0
54.0035 	-0.0202308 	0.248032 	1.62421 	0
54.0736 	-0.0202308 	0.248032 	1.62421 	0
54.1437 	-0.0202308 	0.248032 	1.62421 	0
54.2139 	-0.0202308 	0.248032 	1.62421 	0
54.284 	-0.0405263 	0.309075 	1.6472 	0
54.3542 	-0.0405263 	0.309075 	1.6472 	0
54.4243 	-0.0405263 	0.309075 	1.6472 	0
54.4944 	-0.0405263 	0.309075 	1.6472 	0
54.5646 	-0.0405263 	0.309075 	1.6472 	0
54.6347 	-0.0405263 	0.309075 	1.6472 	0
54.7048 	-0.0405263 	0.309075 	1.6472 	0
54.775 	-0.0405263 	0.309075 	1.6472 	0
54.8451 	-0.0405263 	0.309075 	1.6472 	0
54.9152 	-0.0713574 	0.372006 	1.67343 	0
54.9854 	-0.0713574 	0.372006 	1.67343 	0
55.0555 	-0.0713574 	0.372006 	1.67343 	0
55.1256 	-0.0713574 	0.372006 	1.67343 	0
55.1958 	-0.0713574 	0.372006 	1.67343 	0
55.2659 	-0.0713574 	0.372006 	1.67343 	0
55.336 	-0.0713574 	0.372006 	1.67343 	0
55.4062 	-0.0713574 	0.372006 	1.67343 	0
55.4763 	-0.0713574 	0.372006 	1.67343 	0
55.5464 	-0.117211 	0.430459 	1.70798 	0
55.6166 	-0.117211 	0.430459 	1.70798 	0
55.6867 	-0.117211 	0.430459 	1.70798 	0
55.7568 	-0.117211 	0.430459 	1.70798 	0
55.827 	-0.117211 	0.430459 	1.70798 	0
55.8971 	-0.117211 	0.430459 	1.70798 	0
55.9672 	-0.117211 	0.430459 	1.70798 	0
56.0374 	-0.117211 	0.430459 	1.70798 	0
56.1075 	-0.117211 	0.430459 	1.70798 	0
56.1776 	-0.182584 	0.479205 	1.75213 	0
56.2478 	-0.182584 	0.479205 	1.75213 	0
56.3179 	-0.182584 	0.479205 	1.75213 	0
56.3881 	-0.182584 	0.479205 	1.75213 	0
56.4582 	-0.182584 	0.479205 	1.75213 	0
56.5283 	-0.182584 	0.479205 	1.75213 	0
56.5985 	-0.182584 	0.479205 	1.75213 	0
56.6686 	-0.182584 	0.479205 	1.75213 	0
56.7387 	-0.182584 	0.479205 	1.75213 	0
56.8089 	-0.270891 	0.515194 	1.80506 	0
56.879 	-0.270891 	0.515194 	1.80506 	0
56.9491 	-0.270891 	0.515194 	1.80506 	0
57.0193 	-0.270891 	0.515194 	1.80506 	0
57.0894 	-0.270891 	0.515194 	1.80506 	0
57.1595 	-0.270891 	0.515194 	1.80506 	0
57.2297 	-0.270891 	0.515194 	1.80506 	0
57.2998 	-0.270891 	0.515194 	1.80506 	0
57.3699 	-0.383918 	0.536445 	1.86326 	0
57.4401 	-0.383918 	0.536445 	1.86326 	0
57.5102 	-0.383918 	0.536445 	1.86326 	0
57.5803 	-0.383918 	0.536445 	1.86326 	0
57.6505 	-0.383918 	0.536445 	1.86326 	0
57.7206 	-0.383918 	0.536445 	1.86326 	0
57.7907 	-0.383918 	0.536445 	1.86326 	0
57.8609 	-0.383918 	0.536445 	1.86326 	0
57.931 	-0.383918 	0.536445 	1.86326 	0
58.0011 	-0.522495 	0.539598 	1.92482 	0
58.0713 	-0.522495 	0.539598 	1.92482 	0
58.1414 	-0.522495 	0.539598 	1.92482 	0
58.2115 	-0.522495 	0.539598 	1.92482 	0
58.2817 	-0.522495 	0.539598 	1.92482 	0
58.3518 	-0.522495 	0.539598 	1.92482 	0
58.4219 	-0.522495 	0.539598 	1.92482 	0
58.4921 	-0.522495 	0.539598 	1.92482 	0
58.5622 	-0.522495 	0.539598 	1.92482 	0
58.6324 	-0.683953 	0.515026 	1.99196 	0
58.7025 	-0.683953 	0.515026 	1.99196 	0
58.7726 	-0.683953 	0.515026 	1.99196 	0
58.8428 	-0.683953 	0.515026 	1.99196 	0
58.9129 	-0.683953 	0.515026 	1.99196 	0
58.983 	-0.683953 	0.515026 	1.99196 	0
59.0532 	-0.683953 	0.515026 	1.99196 	0
59.1233 	-0.683953 	0.515026 	1.99196 	0
59.1934 	-0.683953 	0.515026 	1.99196 	0
59.2636 	-0.857833 	0.454182 	2.0667 	0
59.3337 	-0.857833 	0.454182 	2.0667 	0
59.4038 	-0.857833 	0.454182 	2.0667 	0
59.474 	-0.857833 	0.454182 	2.0667 	0
59.5441 	-0.857833 	0.454182 	2.0667 	0
59.6142 	-0.857833 	0.454182 	2.0667 	0
59.6844 	-0.857833 	0.454182 	2.0667 	0
59.7545 	-0.857833 	0.454182 	2.0667 	0
59.8246 	-1.03453 	0.360202 	2.13973 	0
59.8948 	-1.03453 	0.360202 	2.13973 	0
59.9649 	-1.03453 	0.360202 	2.13973 	0
60.035 	-1.03453 	0.360202 	2.13973 	0
60.1052 	-1.03453 	0.360202 	2.13973 	0
60.1753 	-1.03453 	0.360202 	2.13973 	0
60.2454 	-1.03453 	0.360202 	2.13973 	0
60.3156 	-1.03453 	0.360202 	2.13973 	0
60.3857 	-1.03453 	0.360202 	2.13973 	0
60.4558 	-1.19213 	0.240831 	2.21037 	0
60.526 	-1.19213 	0.240831 	2.21037 	0
60.5961 	-1.19213 	0.240831 	2.21037 	0
60.6662 	-1.19213 	0.240831 	2.21037 	0
60.7364 	-1.19213 	0.240831 	2.21037 	0
60.8065 	-1.19213 	0.240831 	2.21037 	0
60.8767 	-1.19213 	0.240831 	2.21037 	0
60.9468 	-1.19213 	0.240831 	2.21037 	0
61.0169 	-1.19213 	0.240831 	2.21037 	0
61.0871 	-1.3182 	0.101615 	2.2695 	0
61.1572 	-1.3182 	0.101615 	2.2695 	0
61.2273 	-1.3182 	0.101615 	2.2695 	0
61.2975 	-1.3182 	0.101615 	2.2695 	0
61.3676 	-1.3182 	0.101615 	2.2695 	0
61.4377 	-1.3182 	0.101615 	2.2695 	0
61.5079 	-1.3182 	0.101615 	2.2695 	0
61.578 	-1.3182 	0.101615 	2.2695 	0
61.6481 	-1.3182 	0.101615 	2.2695 	0
61.7183 	-1.4042 	-0.0468784 	2.32819 	0
61.7884 	-1.4042 	-0.0468784 	2.32819 	0
61.8585 	-1.4042 	-0.0468784 	2.32819 	0
61.9287 	-1.4042 	-0.0468784 	2.32819 	0
61.9988 	-1.4042 	-0.0468784 	2.32819 	0
62.0689 	-1.4042 	-0.0468784 	2.32819 	0
62.1391 	-1.4042 	-0.0468784 	2.32819 	0
62.2092 	-1.4042 	-0.0468784 	2.32819 	0
62.2793 	-1.4042 	-0.0468784 	2.32819 	0
62.3495 	-1.43342 	-0.19948 	2.37123 	0
62.4196 	-1.43342 	-0.19948 	2.37123 	0
62.4897 	-1.43342 	-0.19948 	2.37123 	0
62.5599 	-1.43342 	-0.19948 	2.37123 	0
62.63 	-1.43342 	-0.19948 	2.37123 	0
62.7001 	-1.43342 	-0.19948 	2.37123 	0
62.7703 	-1.43342 	-0.19948 	2.37123 	0
62.8404 	-1.43342 	-0.19948 	2.37123 	0
62.9105 	-1.40678 	-0.35025 	2.4146 	0
62.9807 	-1.40678 	-0.35025 	2.4146 	0
63.0508 	-1.40678 	-0.35025 	2.4146 	0
63.121 	-1.40678 	-0.35025 	2.4146 	0
63.1911 	-1.40678 	-0.35025 	2.4146 	0
63.2612 	-1.40678 	-0.35025 	2.4146 	0
63.3314 	-1.40678 	-0.35025 	2.4146 	0
63.4015 	-1.40678 	-0.35025 	2.4146 	0
63.4716 	-1.40678 	-0.35025 	2.4146 	0
63.5418 	-1.3252 	-0.491346 	2.43305 	0
63.6119 	-1.3252 	-0.491346 	2.43305 	0
63.682 	-1.3252 	-0.491346 	2.43305 	0
63.7522 	-1.3252 	-0.491346 	2.43305 	0
63.8223 	-1.3252 	-0.491346 	2.43305 	0
63.8924 	-1.3252 	-0.491346 	2.43305 	0
63.9626 	-1.3252 	-0.491346 	2.43305 	0
64.0327 	-1.3252 	-0.491346 	2.43305 	0
64.1028 	-1.3252 	-0.491346 	2.43305 	0
64.173 	-1.19907 	-0.607517 	2.45576 	0
64.2431 	-1.19907 	-0.607517 	2.45576 	0
64.3132 	-1.19907 	-0.607517 	2.45576 	0
64.3834 	-1.19907 	-0.607517 	2.45576 	0
64.4535 	-1.19907 	-0.607517 	2.45576 	0
64.5236 	-1.19907 	-0.607517 	2.45576 	0
64.5938 	-1.19907 	-0.607517 	2.45576 	0
64.6639 	-1.19907 	-0.607517 	2.45576 	0
64.734 	-1.19907 	-0.607517 	2.45576 	0
64.8042 	-1.04471 	-0.686828 	2.45515 	0
64.8743 	-1.04471 	-0.686828 	2.45515 	0
64.9444 	-1.04471 	-0.686828 	2.45515 	0
65.0146 	-1.04471 	-0.686828 	2.45515 	0
65.0847 	-1.04471 	-0.686828 	2.45515 	0
65.1548 	-1.04471 	-0.686828 	2.45515 	0
65.225 	-1.04471 	-0.686828 	2.45515 	0
65.2951 	-0.967377 	-0.662812 	2.85151 	0
65.3653 	-0.967377 	-0.662812 	2.85151 	0
65.4354 	-0.822113 	-0.690963 	2.82595 	0
65.5055 	-0.822113 	-0.690963 	2.82595 	0
65.5757 	-0.822113 	-0.690963 	2.82595 	0
65.6458 	-0.822113 	-0.690963 	2.82595 	0
65.7159 	-0.822113 	-0.690963 	2.82595 	0
65.7861 	-0.822113 	-0.690963 	2.82595 	0
65.8562 	-0.822113 	-0.690963 	2.82595 	0
65.9263 	-0.822113 	-0.690963 	2.82595 	0
65.9965 	-0.678529 	-0.691092 	2.77608 	0
66.0666 	-0.678529 	-0.691092 	2.77608 	0
66.1367 	-0.678529 	-0.691092 	2.77608 	0
66.2069 	-0.678529 	-0.691092 	2.77608 	0
66.277 	-0.678529 	-0.691092 	2.77608 	0
66.3471 	-0.678529 	-0.691092 	2.77608 	0
66.4173 	-0.678529 	-0.691092 	2.77608 	0
66.4874 	-0.678529 	-0.691092 	2.77608 	0
66.5575 	-0.678529 	-0.691092 	2.77608 	0
66.6277 	-0.537762 	-0.690312 	2.73429 	0
66.6978 	-0.537762 	-0.690312 	2.73429 	0
66.7679 	-0.537762 	-0.690312 	2.73429 	0
66.8381 	-0.537762 	-0.690312 	2.73429 	0
66.9082 	-0.537762 	-0.690312 	2.73429 	0
66.9783 	-0.537762 	-0.690312 	2.73429 	0
67.0485 	-0.537762 	-0.690312 	2.73429 	0
67.1186 	-0.537762 	-0.690312 	2.73429 	0
67.1887 	-0.537762 	-0.690312 	2.73429 	0
67.2589 	-0.398599 	-0.70803 	2.67633 	0
67.329 	-0.398599 	-0.70803 	2.67633 	0
67.3991 	-0.398599 	-0.70803 	2.67633 	0
67.4693 	-0.398599 	-0.70803 	2.67633 	0
67.5394 	-0.398599 	-0.70803 	2.67633 	0
67.6096 	-0.398599 	-0.70803 	2.67633 	0
67.6797 	-0.398599 	-0.70803 	2.67633 	0
67.7498 	-0.398599 	-0.70803 	2.67633 	0
67.82 	-0.398599 	-0.70803 	2.67633 	0
67.8901 	-0.234037 	-0.770808 	2.6355 	0
67.9602 	-0.234037 	-0.770808 	2.6355 	0
68.0304 	-0.234037 	-0.770808 	2.6355 	0
68.1005 	-0.234037 	-0.770808 	2.6355 	0
68.1706 	-0.234037 	-0.770808 	2.6355 	0
68.2408 	-0.234037 	-0.770808 	2.6355 	0
68.3109 	-0.234037 	-0.770808 	2.6355 	0
68.381 	-0.234037 	-0.770808 	2.6355 	0
68.4512 	-0.0729147 	-0.778348 	2.56239 	0
68.5213 	-0.0729147 	-0.778348 	2.56239 	0
68.5914 	-0.0729147 	-0.778348 	2.56239 	0
68.6616 	-0.0729147 	-0.778348 	2.56239 	0
68.7317 	-0.0729147 	-0.778348 	2.56239 	0
68.8018 	-0.0729147 	-0.778348 	2.56239 	0
68.872 	-0.0729147 	-0.778348 	2.56239 	0
68.9421 	-0.0729147 	-0.778348 	2.56239 	0
69.0122 	-0.0729147 	-0.778348 	2.56239 	0
