0.490941 	2.92386 	0.00435123 	3.00033 	-4.14769e-20
0.561075 	2.92386 	0.00435123 	3.00033 	-4.14769e-20
0.63121 	2.92386 	0.00435123 	3.00033 	-4.14769e-20
0.701344 	2.92386 	0.00435123 	3.00033 	-4.14769e-20
0.771478 	2.92386 	0.00435123 	3.00033 	-4.14769e-20
0.841613 	2.92386 	0.00435123 	3.00033 	-4.14769e-20
0.911747 	2.89883 	0.0144976 	3.00801 	-9.61229e-20
0.981881 	2.89883 	0.0144976 	3.00801 	-9.61229e-20
1.05202 	2.89883 	0.0144976 	3.00801 	-9.61229e-20
1.12215 	2.89883 	0.0144976 	3.00801 	-9.61229e-20
1.19228 	2.89883 	0.0144976 	3.00801 	-9.61229e-20
1.26242 	2.89883 	0.0144976 	3.00801 	-9.61229e-20
1.33255 	2.85487 	0.0193074 	3.02331 	9.60569e-20
1.40269 	2.85487 	0.0193074 	3.02331 	9.60569e-20
1.47282 	2.85487 	0.0193074 	3.02331 	9.60569e-20
1.54296 	2.85487 	0.0193074 	3.02331 	9.60569e-20
1.61309 	2.85487 	0.0193074 	3.02331 	9.60569e-20
1.68323 	2.85487 	0.0193074 	3.02331 	9.60569e-20
1.75336 	2.79452 	0.0247287 	3.04252 	4.65694e-20
1.82349 	2.79452 	0.0247287 	3.04252 	4.65694e-20
1.89363 	2.79452 	0.0247287 	3.04252 	4.65694e-20
1.96376 	2.79452 	0.0247287 	3.04252 	4.65694e-20
2.0339 	2.79452 	0.0247287 	3.04252 	4.65694e-20
2.10403 	2.79452 	0.0247287 	3.04252 	4.65694e-20
2.17417 	2.72326 	0.0242464 	3.06668 	0
2.2443 	2.72326 	0.0242464 	3.06668 	0
2.31443 	2.72326 	0.0242464 	3.06668 	0
2.38457 	2.72326 	0.0242464 	3.06668 	0
2.4547 	2.72326 	0.0242464 	3.06668 	0
2.52484 	2.72326 	0.0242464 	3.06668 	0
2.59497 	2.64693 	0.0256616 	3.09073 	-2.17967e-19
2.66511 	2.64693 	0.0256616 	3.09073 	-2.17967e-19
2.73524 	2.64693 	0.0256616 	3.09073 	-2.17967e-19
2.80538 	2.64693 	0.0256616 	3.09073 	-2.17967e-19
2.87551 	2.64693 	0.0256616 	3.09073 	-2.17967e-19
2.94564 	2.64693 	0.0256616 	3.09073 	-2.17967e-19
3.01578 	2.57061 	0.0233576 	3.11625 	1.73747e-19
3.08591 	2.57061 	0.0233576 	3.11625 	1.73747e-19
3.15605 	2.57061 	0.0233576 	3.11625 	1.73747e-19
3.22618 	2.57061 	0.0233576 	3.11625 	1.73747e-19
3.29632 	2.57061 	0.0233576 	3.11625 	1.73747e-19
3.36645 	2.57061 	0.0233576 	3.11625 	1.73747e-19
3.43659 	2.49615 	0.0249879 	3.13924 	-3.27391e-19
3.50672 	2.49615 	0.0249879 	3.13924 	-3.27391e-19
3.57685 	2.49615 	0.0249879 	3.13924 	-3.27391e-19
3.64699 	2.49615 	0.0249879 	3.13924 	-3.27391e-19
3.71712 	2.49615 	0.0249879 	3.13924 	-3.27391e-19
3.78726 	2.48824 	0.0141799 	3.13801 	-3.63856e-19
3.85739 	2.41506 	0.0119759 	3.16283 	6.75756e-19
3.92753 	2.41506 	0.0119759 	3.16283 	6.75756e-19
3.99766 	2.41506 	0.0119759 	3.16283 	6.75756e-19
4.06779 	2.41506 	0.0119759 	3.16283 	6.75756e-19
4.13793 	2.41506 	0.0119759 	3.16283 	6.75756e-19
4.20806 	2.41506 	0.0119759 	3.16283 	6.75756e-19
4.2782 	2.34385 	0.0143886 	3.18373 	-3.90403e-19
4.34833 	2.34385 	0.0143886 	3.18373 	-3.90403e-19
4.41847 	2.34385 	0.0143886 	3.18373 	-3.90403e-19
4.4886 	2.34385 	0.0143886 	3.18373 	-3.90403e-19
4.55874 	2.34385 	0.0143886 	3.18373 	-3.90403e-19
4.62887 	2.34385 	0.0143886 	3.18373 	-3.90403e-19
4.699 	2.34385 	0.0143886 	3.18373 	-3.90403e-19
4.76914 	2.27445 	0.0119589 	3.20717 	-2.94958e-19
4.83927 	2.27445 	0.0119589 	3.20717 	-2.94958e-19
4.90941 	2.27445 	0.0119589 	3.20717 	-2.94958e-19
4.97954 	2.27445 	0.0119589 	3.20717 	-2.94958e-19
5.04968 	2.27445 	0.0119589 	3.20717 	-2.94958e-19
5.11981 	2.27445 	0.0119589 	3.20717 	-2.94958e-19
5.18994 	2.20674 	0.0141406 	3.22654 	2.58628e-19
5.26008 	2.20674 	0.0141406 	3.22654 	2.58628e-19
5.33021 	2.20674 	0.0141406 	3.22654 	2.58628e-19
5.40035 	2.20674 	0.0141406 	3.22654 	2.58628e-19
5.47048 	2.20674 	0.0141406 	3.22654 	2.58628e-19
5.54062 	2.20674 	0.0141406 	3.22654 	2.58628e-19
5.61075 	2.14163 	0.0114169 	3.24853 	-5.20128e-19
5.68089 	2.14163 	0.0114169 	3.24853 	-5.20128e-19
5.75102 	2.14163 	0.0114169 	3.24853 	-5.20128e-19
5.82115 	2.14163 	0.0114169 	3.24853 	-5.20128e-19
5.89129 	2.14163 	0.0114169 	3.24853 	-5.20128e-19
5.96142 	2.14163 	0.0114169 	3.24853 	-5.20128e-19
6.03156 	2.07969 	0.0137978 	3.2657 	5.55024e-19
6.10169 	2.07969 	0.0137978 	3.2657 	5.55024e-19
6.17183 	2.07969 	0.0137978 	3.2657 	5.55024e-19
6.24196 	2.07969 	0.0137978 	3.2657 	5.55024e-19
6.3121 	2.07969 	0.0137978 	3.2657 	5.55024e-19
6.38223 	2.07969 	0.0137978 	3.2657 	5.55024e-19
6.45236 	2.02178 	0.0112913 	3.28543 	3.31375e-20
6.5225 	2.02178 	0.0112913 	3.28543 	3.31375e-20
6.59263 	2.02178 	0.0112913 	3.28543 	3.31375e-20
6.66277 	2.02178 	0.0112913 	3.28543 	3.31375e-20
6.7329 	2.02178 	0.0112913 	3.28543 	3.31375e-20
6.80304 	2.02178 	0.0112913 	3.28543 	3.31375e-20
6.87317 	1.96794 	0.0142794 	3.29975 	-3.22398e-20
6.9433 	1.96794 	0.0142794 	3.29975 	-3.22398e-20
7.01344 	1.96794 	0.0142794 	3.29975 	-3.22398e-20
7.08357 	1.96794 	0.0142794 	3.29975 	-3.22398e-20
7.15371 	1.96794 	0.0142794 	3.29975 	-3.22398e-20
7.22384 	1.96794 	0.0142794 	3.29975 	-3.22398e-20
7.29398 	1.91839 	0.0121612 	3.31697 	0
7.36411 	1.91839 	0.0121612 	3.31697 	0
7.43425 	1.91839 	0.0121612 	3.31697 	0
7.50438 	1.91839 	0.0121612 	3.31697 	0
7.57451 	1.91839 	0.0121612 	3.31697 	0
7.64465 	1.91839 	0.0121612 	3.31697 	0
7.71478 	1.91839 	0.0121612 	3.31697 	0
7.78492 	1.87258 	0.0158147 	3.32852 	0
7.85505 	1.87258 	0.0158147 	3.32852 	0
7.92519 	1.87258 	0.0158147 	3.32852 	0
7.99532 	1.87258 	0.0158147 	3.32852 	0
8.06545 	1.87258 	0.0158147 	3.32852 	0
8.13559 	1.87258 	0.0158147 	3.32852 	0
8.20572 	1.83036 	0.0140906 	3.34365 	0
8.27586 	1.83036 	0.0140906 	3.34365 	0
8.34599 	1.83036 	0.0140906 	3.34365 	0
8.41613 	1.83036 	0.0140906 	3.34365 	0
8.48626 	1.83036 	0.0140906 	3.34365 	0
8.5564 	1.83036 	0.0140906 	3.34365 	0
8.62653 	1.79101 	0.0185678 	3.35292 	2.20882e-22
8.69666 	1.79101 	0.0185678 	3.35292 	2.20882e-22
8.7668 	1.79101 	0.0185678 	3.35292 	2.20882e-22
8.83693 	1.79101 	0.0185678 	3.35292 	2.20882e-22
8.90707 	1.79101 	0.0185678 	3.35292 	2.20882e-22
8.9772 	1.79101 	0.0185678 	3.35292 	2.20882e-22
9.04734 	1.75432 	0.0174388 	3.36657 	-4.27464e-19
9.11747 	1.75432 	0.0174388 	3.36657 	-4.27464e-19
9.18761 	1.75432 	0.0174388 	3.36657 	-4.27464e-19
9.25774 	1.7397 	0.0134613 	3.3692 	-3.7703e-20
9.32787 	1.7397 	0.0134613 	3.3692 	-3.7703e-20
9.39801 	1.7397 	0.0134613 	3.3692 	-3.7703e-20
9.46814 	1.7397 	0.0134613 	3.3692 	-3.7703e-20
9.53828 	1.70407 	0.0202231 	3.37777 	-4.45474e-19
9.60841 	1.70407 	0.0202231 	3.37777 	-4.45474e-19
9.67855 	1.70407 	0.0202231 	3.37777 	-4.45474e-19
9.74868 	1.70407 	0.0202231 	3.37777 	-4.45474e-19
9.81881 	1.70407 	0.0202231 	3.37777 	-4.45474e-19
9.88895 	1.70407 	0.0202231 	3.37777 	-4.45474e-19
9.95908 	1.66998 	0.020156 	3.39006 	-2.71337e-20
10.0292 	1.66998 	0.020156 	3.39006 	-2.71337e-20
10.0994 	1.66998 	0.020156 	3.39006 	-2.71337e-20
10.1695 	1.66998 	0.020156 	3.39006 	-2.71337e-20
10.2396 	1.66998 	0.020156 	3.39006 	-2.71337e-20
10.3098 	1.66998 	0.020156 	3.39006 	-2.71337e-20
10.3799 	1.63685 	0.028978 	3.39758 	4.18974e-19
10.45 	1.63685 	0.028978 	3.39758 	4.18974e-19
10.5202 	1.63685 	0.028978 	3.39758 	4.18974e-19
10.5903 	1.63685 	0.028978 	3.39758 	4.18974e-19
10.6604 	1.63685 	0.028978 	3.39758 	4.18974e-19
10.7306 	1.63685 	0.028978 	3.39758 	4.18974e-19
10.8007 	1.60453 	0.0308344 	3.40951 	-4.45054e-19
10.8708 	1.60453 	0.0308344 	3.40951 	-4.45054e-19
10.941 	1.60453 	0.0308344 	3.40951 	-4.45054e-19
11.0111 	1.60453 	0.0308344 	3.40951 	-4.45054e-19
11.0812 	1.60453 	0.0308344 	3.40951 	-4.45054e-19
11.1514 	1.60453 	0.0308344 	3.40951 	-4.45054e-19
11.2215 	1.60453 	0.0308344 	3.40951 	-4.45054e-19
11.2916 	1.57235 	0.0429656 	3.41638 	-8.03745e-19
11.3618 	1.57235 	0.0429656 	3.41638 	-8.03745e-19
11.4319 	1.57235 	0.0429656 	3.41638 	-8.03745e-19
11.502 	1.57235 	0.0429656 	3.41638 	-8.03745e-19
11.5722 	1.57235 	0.0429656 	3.41638 	-8.03745e-19
11.6423 	1.57235 	0.0429656 	3.41638 	-8.03745e-19
11.7124 	1.53986 	0.0480578 	3.42853 	7.76954e-19
11.7826 	1.53986 	0.0480578 	3.42853 	7.76954e-19
11.8527 	1.53986 	0.0480578 	3.42853 	7.76954e-19
11.9228 	1.53986 	0.0480578 	3.42853 	7.76954e-19
11.993 	1.53986 	0.0480578 	3.42853 	7.76954e-19
12.0631 	1.53986 	0.0480578 	3.42853 	7.76954e-19
12.1332 	1.50596 	0.0655209 	3.43556 	0
12.2034 	1.50596 	0.0655209 	3.43556 	0
12.2735 	1.50596 	0.0655209 	3.43556 	0
12.3437 	1.50596 	0.0655209 	3.43556 	0
12.4138 	1.50596 	0.0655209 	3.43556 	0
12.4839 	1.50596 	0.0655209 	3.43556 	0
12.5541 	1.50596 	0.0655209 	3.43556 	0
12.6242 	1.46984 	0.0748894 	3.44863 	-2.32677e-20
12.6943 	1.46984 	0.0748894 	3.44863 	-2.32677e-20
12.7645 	1.46984 	0.0748894 	3.44863 	-2.32677e-20
12.8346 	1.46984 	0.0748894 	3.44863 	-2.32677e-20
12.9047 	1.46984 	0.0748894 	3.44863 	-2.32677e-20
12.9749 	1.46984 	0.0748894 	3.44863 	-2.32677e-20
13.045 	1.43035 	0.10005 	3.45697 	2.33534e-20
13.1151 	1.43035 	0.10005 	3.45697 	2.33534e-20
13.1853 	1.43035 	0.10005 	3.45697 	2.33534e-20
13.2554 	1.43035 	0.10005 	3.45697 	2.33534e-20
13.3255 	1.43035 	0.10005 	3.45697 	2.33534e-20
13.3957 	1.43035 	0.10005 	3.45697 	2.33534e-20
13.4658 	1.43035 	0.10005 	3.45697 	2.33534e-20
13.5359 	1.3872 	0.11452 	3.47158 	0
13.6061 	1.3872 	0.11452 	3.47158 	0
13.6762 	1.3872 	0.11452 	3.47158 	0
13.7463 	1.3872 	0.11452 	3.47158 	0
13.8165 	1.3872 	0.11452 	3.47158 	0
13.8866 	1.3872 	0.11452 	3.47158 	0
13.9567 	1.34075 	0.162583 	3.48536 	8.73646e-22
14.0269 	1.34075 	0.162583 	3.48536 	8.73646e-22
14.097 	1.34075 	0.162583 	3.48536 	8.73646e-22
14.1671 	1.34075 	0.162583 	3.48536 	8.73646e-22
14.2373 	1.34075 	0.162583 	3.48536 	8.73646e-22
14.3074 	1.34075 	0.162583 	3.48536 	8.73646e-22
14.3776 	1.31872 	0.160997 	3.48975 	2.6247e-19
14.4477 	1.2143 	0.16328 	3.51842 	-4.25228e-20
14.5178 	1.2143 	0.16328 	3.51842 	-4.25228e-20
14.588 	1.2143 	0.16328 	3.51842 	-4.25228e-20
14.6581 	1.23386 	0.177254 	3.51129 	0
14.7282 	1.23386 	0.177254 	3.51129 	0
14.7984 	1.14663 	0.192347 	3.53645 	-4.68701e-19
14.8685 	1.17747 	0.216775 	3.52594 	-4.57124e-19
14.9386 	1.17747 	0.216775 	3.52594 	-4.57124e-19
15.0088 	1.17747 	0.216775 	3.52594 	-4.57124e-19
15.0789 	1.17747 	0.216775 	3.52594 	-4.57124e-19
15.149 	1.21569 	0.23489 	3.51481 	4.77393e-19
15.2192 	1.11544 	0.252545 	3.55052 	4.49102e-19
15.2893 	1.11544 	0.252545 	3.55052 	4.49102e-19
15.3594 	1.11544 	0.252545 	3.55052 	4.49102e-19
15.4296 	1.15325 	0.274411 	3.52937 	-1.2733e-18
15.4997 	1.15325 	0.274411 	3.52937 	-1.2733e-18
15.5698 	1.05345 	0.290007 	3.55895 	7.72164e-19
15.64 	1.05345 	0.290007 	3.55895 	7.72164e-19
15.7101 	1.05345 	0.290007 	3.55895 	7.72164e-19
15.7802 	1.09583 	0.309819 	3.55246 	-1.21231e-18
15.8504 	1.09583 	0.309819 	3.55246 	-1.21231e-18
15.9205 	0.99612 	0.328513 	3.56676 	-3.78728e-19
15.9906 	0.99612 	0.328513 	3.56676 	-3.78728e-19
16.0608 	0.99612 	0.328513 	3.56676 	-3.78728e-19
16.1309 	1.04976 	0.354995 	3.54735 	0
16.201 	1.04976 	0.354995 	3.54735 	0
16.2712 	0.950828 	0.368287 	3.58152 	0
16.3413 	0.950828 	0.368287 	3.58152 	0
16.4114 	0.950828 	0.368287 	3.58152 	0
16.4816 	0.950828 	0.368287 	3.58152 	0
16.5517 	1.02245 	0.385745 	3.55842 	-6.07535e-19
16.6219 	0.929565 	0.420939 	3.58029 	5.72715e-20
16.692 	0.929565 	0.420939 	3.58029 	5.72715e-20
16.7621 	0.929565 	0.420939 	3.58029 	5.72715e-20
16.8323 	0.929565 	0.420939 	3.58029 	5.72715e-20
16.9024 	0.929565 	0.420939 	3.58029 	5.72715e-20
16.9725 	0.936766 	0.463499 	3.57374 	0
17.0427 	0.936766 	0.463499 	3.57374 	0
17.1128 	0.936766 	0.463499 	3.57374 	0
17.1829 	0.936766 	0.463499 	3.57374 	0
17.2531 	0.857909 	0.492923 	3.59143 	0
17.3232 	0.857909 	0.492923 	3.59143 	0
17.3933 	0.857909 	0.492923 	3.59143 	0
17.4635 	0.964335 	0.520116 	3.57209 	5.31072e-19
17.5336 	0.964335 	0.520116 	3.57209 	5.31072e-19
17.6037 	0.895662 	0.540224 	3.57989 	0
17.6739 	0.895662 	0.540224 	3.57989 	0
17.744 	0.895662 	0.540224 	3.57989 	0
17.8141 	0.895662 	0.540224 	3.57989 	0
17.8843 	0.895662 	0.540224 	3.57989 	0
17.9544 	0.941113 	0.597829 	3.56769 	6.20349e-19
18.0245 	0.941113 	0.597829 	3.56769 	6.20349e-19
18.0947 	0.941113 	0.597829 	3.56769 	6.20349e-19
18.1648 	0.941113 	0.597829 	3.56769 	6.20349e-19
18.2349 	0.885022 	0.614661 	3.57771 	-8.39175e-19
18.3051 	0.885022 	0.614661 	3.57771 	-8.39175e-19
18.3752 	0.885022 	0.614661 	3.57771 	-8.39175e-19
18.4453 	0.885022 	0.614661 	3.57771 	-8.39175e-19
18.5155 	0.885022 	0.614661 	3.57771 	-8.39175e-19
18.5856 	0.928669 	0.654686 	3.55752 	-1.17815e-18
18.6557 	0.928669 	0.654686 	3.55752 	-1.17815e-18
18.7259 	0.928669 	0.654686 	3.55752 	-1.17815e-18
18.796 	0.928669 	0.654686 	3.55752 	-1.17815e-18
18.8662 	0.875836 	0.673568 	3.56849 	1.13071e-18
18.9363 	0.875836 	0.673568 	3.56849 	1.13071e-18
19.0064 	0.875836 	0.673568 	3.56849 	1.13071e-18
19.0766 	0.875836 	0.673568 	3.56849 	1.13071e-18
19.1467 	0.875836 	0.673568 	3.56849 	1.13071e-18
19.2168 	0.825898 	0.702903 	3.58539 	3.18007e-19
19.287 	0.92397 	0.695151 	3.53659 	6.39551e-19
19.3571 	0.92397 	0.695151 	3.53659 	6.39551e-19
19.4272 	0.92397 	0.695151 	3.53659 	6.39551e-19
19.4974 	0.92397 	0.695151 	3.53659 	6.39551e-19
19.5675 	0.872663 	0.719198 	3.55281 	2.60439e-19
19.6376 	0.872663 	0.719198 	3.55281 	2.60439e-19
19.7078 	0.872663 	0.719198 	3.55281 	2.60439e-19
19.7779 	0.872663 	0.719198 	3.55281 	2.60439e-19
19.848 	0.872663 	0.719198 	3.55281 	2.60439e-19
19.9182 	0.823059 	0.751602 	3.57214 	-2.90197e-19
19.9883 	0.823059 	0.751602 	3.57214 	-2.90197e-19
20.0584 	0.923986 	0.720416 	3.48876 	0
20.1286 	0.923986 	0.720416 	3.48876 	0
20.1987 	0.923986 	0.720416 	3.48876 	0
20.2688 	0.872614 	0.747813 	3.52016 	2.70114e-19
20.339 	0.872614 	0.747813 	3.52016 	2.70114e-19
20.4091 	0.872614 	0.747813 	3.52016 	2.70114e-19
20.4792 	0.872614 	0.747813 	3.52016 	2.70114e-19
20.5494 	0.872614 	0.747813 	3.52016 	2.70114e-19
20.6195 	0.822296 	0.78514 	3.54898 	-2.9229e-20
20.6896 	0.822296 	0.78514 	3.54898 	-2.9229e-20
20.7598 	0.822296 	0.78514 	3.54898 	-2.9229e-20
20.8299 	0.822296 	0.78514 	3.54898 	-2.9229e-20
20.9 	0.922398 	0.727821 	3.35187 	1.18433e-18
20.9702 	0.871898 	0.75916 	3.42286 	6.38422e-19
21.0403 	0.871898 	0.75916 	3.42286 	6.38422e-19
21.1105 	0.871898 	0.75916 	3.42286 	6.38422e-19
21.1806 	0.871898 	0.75916 	3.42286 	6.38422e-19
21.2507 	0.871898 	0.75916 	3.42286 	6.38422e-19
21.3209 	0.821036 	0.799311 	3.479 	-4.08199e-19
21.391 	0.821036 	0.799311 	3.479 	-4.08199e-19
21.4611 	0.821036 	0.799311 	3.479 	-4.08199e-19
21.5313 	0.821036 	0.799311 	3.479 	-4.08199e-19
21.6014 	0.821036 	0.799311 	3.479 	-4.08199e-19
21.6715 	0.821036 	0.799311 	3.479 	-4.08199e-19
21.7417 	0.773092 	0.825583 	3.51332 	1.65446e-19
21.8118 	0.773092 	0.825583 	3.51332 	1.65446e-19
21.8819 	0.773092 	0.825583 	3.51332 	1.65446e-19
21.9521 	0.851752 	0.746563 	3.168 	2.1089e-19
22.0222 	0.851752 	0.746563 	3.168 	2.1089e-19
22.0923 	0.814253 	0.789621 	3.27876 	8.88215e-19
22.1625 	0.814253 	0.789621 	3.27876 	8.88215e-19
22.2326 	0.814253 	0.789621 	3.27876 	8.88215e-19
22.3027 	0.814253 	0.789621 	3.27876 	8.88215e-19
22.3729 	0.814253 	0.789621 	3.27876 	8.88215e-19
22.443 	0.814253 	0.789621 	3.27876 	8.88215e-19
22.5131 	0.772173 	0.822825 	3.36207 	-3.8832e-20
22.5833 	0.772173 	0.822825 	3.36207 	-3.8832e-20
22.6534 	0.772173 	0.822825 	3.36207 	-3.8832e-20
22.7235 	0.772173 	0.822825 	3.36207 	-3.8832e-20
22.7937 	0.772173 	0.822825 	3.36207 	-3.8832e-20
22.8638 	0.725829 	0.861469 	3.42797 	-4.83201e-19
22.9339 	0.725829 	0.861469 	3.42797 	-4.83201e-19
23.0041 	0.725829 	0.861469 	3.42797 	-4.83201e-19
23.0742 	0.775919 	0.728996 	2.76056 	7.34016e-19
23.1443 	0.775919 	0.728996 	2.76056 	7.34016e-19
23.2145 	0.775919 	0.728996 	2.76056 	7.34016e-19
23.2846 	0.736704 	0.775139 	2.92979 	1.29765e-19
23.3548 	0.736704 	0.775139 	2.92979 	1.29765e-19
23.4249 	0.736704 	0.775139 	2.92979 	1.29765e-19
23.495 	0.736704 	0.775139 	2.92979 	1.29765e-19
23.5652 	0.736704 	0.775139 	2.92979 	1.29765e-19
23.6353 	0.736704 	0.775139 	2.92979 	1.29765e-19
23.7054 	0.698026 	0.815693 	3.04108 	2.47233e-19
23.7756 	0.698026 	0.815693 	3.04108 	2.47233e-19
23.8457 	0.698026 	0.815693 	3.04108 	2.47233e-19
23.9158 	0.698026 	0.815693 	3.04108 	2.47233e-19
23.986 	0.698026 	0.815693 	3.04108 	2.47233e-19
24.0561 	0.698026 	0.815693 	3.04108 	2.47233e-19
24.1262 	0.659871 	0.85845 	3.16843 	0
24.1964 	0.659871 	0.85845 	3.16843 	0
24.2665 	0.659871 	0.85845 	3.16843 	0
24.3366 	0.659871 	0.85845 	3.16843 	0
24.4068 	0.659871 	0.85845 	3.16843 	0
24.4769 	0.699787 	0.674972 	2.28716 	5.12637e-19
24.547 	0.699787 	0.674972 	2.28716 	5.12637e-19
24.6172 	0.66249 	0.705204 	2.36038 	6.44307e-19
24.6873 	0.66249 	0.705204 	2.36038 	6.44307e-19
24.7574 	0.66249 	0.705204 	2.36038 	6.44307e-19
24.8276 	0.66249 	0.705204 	2.36038 	6.44307e-19
24.8977 	0.66249 	0.705204 	2.36038 	6.44307e-19
24.9678 	0.66249 	0.705204 	2.36038 	6.44307e-19
25.038 	0.627235 	0.750766 	2.52523 	-2.17224e-19
25.1081 	0.627235 	0.750766 	2.52523 	-2.17224e-19
25.1782 	0.627235 	0.750766 	2.52523 	-2.17224e-19
25.2484 	0.627235 	0.750766 	2.52523 	-2.17224e-19
25.3185 	0.627235 	0.750766 	2.52523 	-2.17224e-19
25.3886 	0.627235 	0.750766 	2.52523 	-2.17224e-19
25.4588 	0.593915 	0.780426 	2.58678 	0
25.5289 	0.593915 	0.780426 	2.58678 	0
25.5991 	0.593915 	0.780426 	2.58678 	0
25.6692 	0.593915 	0.780426 	2.58678 	0
25.7393 	0.593915 	0.780426 	2.58678 	0
25.8095 	0.593915 	0.780426 	2.58678 	0
25.8796 	0.593915 	0.780426 	2.58678 	0
25.9497 	0.56282 	0.823942 	2.72595 	3.41072e-19
26.0199 	0.56282 	0.823942 	2.72595 	3.41072e-19
26.09 	0.590183 	0.629902 	1.94288 	3.10355e-19
26.1601 	0.590183 	0.629902 	1.94288 	3.10355e-19
26.2303 	0.590183 	0.629902 	1.94288 	3.10355e-19
26.3004 	0.590183 	0.629902 	1.94288 	3.10355e-19
26.3705 	0.590183 	0.629902 	1.94288 	3.10355e-19
26.4407 	0.563415 	0.644098 	1.97402 	-7.04781e-19
26.5108 	0.563415 	0.644098 	1.97402 	-7.04781e-19
26.5809 	0.563415 	0.644098 	1.97402 	-7.04781e-19
26.6511 	0.563415 	0.644098 	1.97402 	-7.04781e-19
26.7212 	0.563415 	0.644098 	1.97402 	-7.04781e-19
26.7913 	0.563415 	0.644098 	1.97402 	-7.04781e-19
26.8615 	0.563415 	0.644098 	1.97402 	-7.04781e-19
26.9316 	0.538564 	0.670584 	2.04587 	4.11675e-19
27.0017 	0.538564 	0.670584 	2.04587 	4.11675e-19
27.0719 	0.538564 	0.670584 	2.04587 	4.11675e-19
27.142 	0.538564 	0.670584 	2.04587 	4.11675e-19
27.2121 	0.538564 	0.670584 	2.04587 	4.11675e-19
27.2823 	0.538564 	0.670584 	2.04587 	4.11675e-19
27.3524 	0.514781 	0.681086 	2.06735 	1.1678e-19
27.4225 	0.514781 	0.681086 	2.06735 	1.1678e-19
27.4927 	0.514781 	0.681086 	2.06735 	1.1678e-19
27.5628 	0.514781 	0.681086 	2.06735 	1.1678e-19
27.6329 	0.514781 	0.681086 	2.06735 	1.1678e-19
27.7031 	0.514781 	0.681086 	2.06735 	1.1678e-19
27.7732 	0.514781 	0.681086 	2.06735 	1.1678e-19
27.8434 	0.514781 	0.681086 	2.06735 	1.1678e-19
27.9135 	0.49309 	0.702415 	2.11804 	1.12053e-19
27.9836 	0.49309 	0.702415 	2.11804 	1.12053e-19
28.0538 	0.49309 	0.702415 	2.11804 	1.12053e-19
28.1239 	0.49309 	0.702415 	2.11804 	1.12053e-19
28.194 	0.49309 	0.702415 	2.11804 	1.12053e-19
28.2642 	0.49309 	0.702415 	2.11804 	1.12053e-19
28.3343 	0.483122 	0.570711 	1.71046 	-1.11121e-19
28.4044 	0.460369 	0.570469 	1.71955 	2.14835e-19
28.4746 	0.460369 	0.570469 	1.71955 	2.14835e-19
28.5447 	0.460369 	0.570469 	1.71955 	2.14835e-19
28.6148 	0.460369 	0.570469 	1.71955 	2.14835e-19
28.685 	0.460369 	0.570469 	1.71955 	2.14835e-19
28.7551 	0.460369 	0.570469 	1.71955 	2.14835e-19
28.8252 	0.460369 	0.570469 	1.71955 	2.14835e-19
28.8954 	0.460369 	0.570469 	1.71955 	2.14835e-19
28.9655 	0.440368 	0.575513 	1.7385 	1.81263e-19
29.0356 	0.440368 	0.575513 	1.7385 	1.81263e-19
29.1058 	0.440368 	0.575513 	1.7385 	1.81263e-19
29.1759 	0.440368 	0.575513 	1.7385 	1.81263e-19
29.246 	0.440368 	0.575513 	1.7385 	1.81263e-19
29.3162 	0.440368 	0.575513 	1.7385 	1.81263e-19
29.3863 	0.440368 	0.575513 	1.7385 	1.81263e-19
29.4564 	0.424435 	0.577153 	1.73708 	-1.62925e-19
29.5266 	0.424435 	0.577153 	1.73708 	-1.62925e-19
29.5967 	0.424435 	0.577153 	1.73708 	-1.62925e-19
29.6668 	0.424435 	0.577153 	1.73708 	-1.62925e-19
29.737 	0.424435 	0.577153 	1.73708 	-1.62925e-19
29.8071 	0.424435 	0.577153 	1.73708 	-1.62925e-19
29.8773 	0.424435 	0.577153 	1.73708 	-1.62925e-19
29.9474 	0.424435 	0.577153 	1.73708 	-1.62925e-19
30.0175 	0.415998 	0.58082 	1.73929 	1.65607e-19
30.0877 	0.415998 	0.58082 	1.73929 	1.65607e-19
30.1578 	0.415998 	0.58082 	1.73929 	1.65607e-19
30.2279 	0.415998 	0.58082 	1.73929 	1.65607e-19
30.2981 	0.415998 	0.58082 	1.73929 	1.65607e-19
30.3682 	0.415998 	0.58082 	1.73929 	1.65607e-19
30.4383 	0.415998 	0.58082 	1.73929 	1.65607e-19
30.5085 	0.415998 	0.58082 	1.73929 	1.65607e-19
30.5786 	0.408397 	0.579168 	1.72535 	-3.23403e-19
30.6487 	0.408397 	0.579168 	1.72535 	-3.23403e-19
30.7189 	0.408397 	0.579168 	1.72535 	-3.23403e-19
30.789 	0.408397 	0.579168 	1.72535 	-3.23403e-19
30.8591 	0.408397 	0.579168 	1.72535 	-3.23403e-19
30.9293 	0.408397 	0.579168 	1.72535 	-3.23403e-19
30.9994 	0.408397 	0.579168 	1.72535 	-3.23403e-19
31.0695 	0.408397 	0.579168 	1.72535 	-3.23403e-19
31.1397 	0.405888 	0.58681 	1.71585 	1.62285e-19
31.2098 	0.405888 	0.58681 	1.71585 	1.62285e-19
31.2799 	0.405888 	0.58681 	1.71585 	1.62285e-19
31.3501 	0.405888 	0.58681 	1.71585 	1.62285e-19
31.4202 	0.405888 	0.58681 	1.71585 	1.62285e-19
31.4903 	0.405888 	0.58681 	1.71585 	1.62285e-19
31.5605 	0.406991 	0.555731 	1.62451 	-2.33328e-19
31.6306 	0.406991 	0.555731 	1.62451 	-2.33328e-19
31.7007 	0.411172 	0.552324 	1.61794 	7.78413e-20
31.7709 	0.411172 	0.552324 	1.61794 	7.78413e-20
31.841 	0.411172 	0.552324 	1.61794 	7.78413e-20
31.9111 	0.411172 	0.552324 	1.61794 	7.78413e-20
31.9813 	0.411172 	0.552324 	1.61794 	7.78413e-20
32.0514 	0.411172 	0.552324 	1.61794 	7.78413e-20
32.1216 	0.411172 	0.552324 	1.61794 	7.78413e-20
32.1917 	0.411172 	0.552324 	1.61794 	7.78413e-20
32.2618 	0.411172 	0.552324 	1.61794 	7.78413e-20
32.332 	0.42255 	0.550255 	1.60649 	0
32.4021 	0.42255 	0.550255 	1.60649 	0
32.4722 	0.42255 	0.550255 	1.60649 	0
32.5424 	0.42255 	0.550255 	1.60649 	0
32.6125 	0.42255 	0.550255 	1.60649 	0
32.6826 	0.42255 	0.550255 	1.60649 	0
32.7528 	0.42255 	0.550255 	1.60649 	0
32.8229 	0.42255 	0.550255 	1.60649 	0
32.893 	0.42255 	0.550255 	1.60649 	0
32.9632 	0.441328 	0.540809 	1.59021 	0
33.0333 	0.441328 	0.540809 	1.59021 	0
33.1034 	0.441328 	0.540809 	1.59021 	0
33.1736 	0.441328 	0.540809 	1.59021 	0
33.2437 	0.441328 	0.540809 	1.59021 	0
33.3138 	0.441328 	0.540809 	1.59021 	0
33.384 	0.441328 	0.540809 	1.59021 	0
33.4541 	0.441328 	0.540809 	1.59021 	0
33.5242 	0.441328 	0.540809 	1.59021 	0
33.5944 	0.469011 	0.528723 	1.56581 	-4.10305e-20
33.6645 	0.469011 	0.528723 	1.56581 	-4.10305e-20
33.7346 	0.469011 	0.528723 	1.56581 	-4.10305e-20
33.8048 	0.469011 	0.528723 	1.56581 	-4.10305e-20
33.8749 	0.469011 	0.528723 	1.56581 	-4.10305e-20
33.945 	0.469011 	0.528723 	1.56581 	-4.10305e-20
34.0152 	0.469011 	0.528723 	1.56581 	-4.10305e-20
34.0853 	0.469011 	0.528723 	1.56581 	-4.10305e-20
34.1554 	0.469011 	0.528723 	1.56581 	-4.10305e-20
34.2256 	0.501572 	0.50249 	1.54067 	4.38348e-20
34.2957 	0.501572 	0.50249 	1.54067 	4.38348e-20
34.3659 	0.501572 	0.50249 	1.54067 	4.38348e-20
34.436 	0.501572 	0.50249 	1.54067 	4.38348e-20
34.5061 	0.501572 	0.50249 	1.54067 	4.38348e-20
34.5763 	0.501572 	0.50249 	1.54067 	4.38348e-20
34.6464 	0.501572 	0.50249 	1.54067 	4.38348e-20
34.7165 	0.501572 	0.50249 	1.54067 	4.38348e-20
34.7867 	0.501572 	0.50249 	1.54067 	4.38348e-20
34.8568 	0.501572 	0.50249 	1.54067 	4.38348e-20
34.9269 	0.533851 	0.468928 	1.51916 	-9.37288e-20
34.9971 	0.533851 	0.468928 	1.51916 	-9.37288e-20
35.0672 	0.533851 	0.468928 	1.51916 	-9.37288e-20
35.1373 	0.533851 	0.468928 	1.51916 	-9.37288e-20
35.2075 	0.533851 	0.468928 	1.51916 	-9.37288e-20
35.2776 	0.533851 	0.468928 	1.51916 	-9.37288e-20
35.3477 	0.533851 	0.468928 	1.51916 	-9.37288e-20
35.4179 	0.533851 	0.468928 	1.51916 	-9.37288e-20
35.488 	0.533851 	0.468928 	1.51916 	-9.37288e-20
35.5581 	0.533851 	0.468928 	1.51916 	-9.37288e-20
35.6283 	0.565646 	0.425614 	1.50099 	1.98808e-20
35.6984 	0.565646 	0.425614 	1.50099 	1.98808e-20
35.7685 	0.565646 	0.425614 	1.50099 	1.98808e-20
35.8387 	0.565646 	0.425614 	1.50099 	1.98808e-20
35.9088 	0.565646 	0.425614 	1.50099 	1.98808e-20
35.9789 	0.565646 	0.425614 	1.50099 	1.98808e-20
36.0491 	0.565646 	0.425614 	1.50099 	1.98808e-20
36.1192 	0.565646 	0.425614 	1.50099 	1.98808e-20
36.1893 	0.565646 	0.425614 	1.50099 	1.98808e-20
36.2595 	0.565646 	0.425614 	1.50099 	1.98808e-20
36.3296 	0.594124 	0.379342 	1.48482 	-2.48622e-20
36.3997 	0.594124 	0.379342 	1.48482 	-2.48622e-20
36.4699 	0.594124 	0.379342 	1.48482 	-2.48622e-20
36.54 	0.594124 	0.379342 	1.48482 	-2.48622e-20
36.6102 	0.594124 	0.379342 	1.48482 	-2.48622e-20
36.6803 	0.594124 	0.379342 	1.48482 	-2.48622e-20
36.7504 	0.594124 	0.379342 	1.48482 	-2.48622e-20
36.8206 	0.594124 	0.379342 	1.48482 	-2.48622e-20
36.8907 	0.594124 	0.379342 	1.48482 	-2.48622e-20
36.9608 	0.594124 	0.379342 	1.48482 	-2.48622e-20
37.031 	0.594124 	0.379342 	1.48482 	-2.48622e-20
37.1011 	0.611763 	0.338634 	1.47673 	0
37.1712 	0.611763 	0.338634 	1.47673 	0
37.2414 	0.611763 	0.338634 	1.47673 	0
37.3115 	0.611763 	0.338634 	1.47673 	0
37.3816 	0.611763 	0.338634 	1.47673 	0
37.4518 	0.611763 	0.338634 	1.47673 	0
37.5219 	0.611763 	0.338634 	1.47673 	0
37.592 	0.611763 	0.338634 	1.47673 	0
37.6622 	0.620451 	0.303111 	1.47513 	0
37.7323 	0.620451 	0.303111 	1.47513 	0
37.8024 	0.620451 	0.303111 	1.47513 	0
37.8726 	0.620451 	0.303111 	1.47513 	0
37.9427 	0.620451 	0.303111 	1.47513 	0
38.0128 	0.620451 	0.303111 	1.47513 	0
38.083 	0.620451 	0.303111 	1.47513 	0
38.1531 	0.620451 	0.303111 	1.47513 	0
38.2232 	0.620451 	0.303111 	1.47513 	0
38.2934 	0.624918 	0.268334 	1.47633 	0
38.3635 	0.624918 	0.268334 	1.47633 	0
38.4336 	0.624918 	0.268334 	1.47633 	0
38.5038 	0.624918 	0.268334 	1.47633 	0
38.5739 	0.624918 	0.268334 	1.47633 	0
38.644 	0.624918 	0.268334 	1.47633 	0
38.7142 	0.624918 	0.268334 	1.47633 	0
38.7843 	0.624918 	0.268334 	1.47633 	0
38.8545 	0.624918 	0.268334 	1.47633 	0
38.9246 	0.627934 	0.234121 	1.47814 	0
38.9947 	0.627934 	0.234121 	1.47814 	0
39.0649 	0.627934 	0.234121 	1.47814 	0
39.135 	0.627934 	0.234121 	1.47814 	0
39.2051 	0.627934 	0.234121 	1.47814 	0
39.2753 	0.627934 	0.234121 	1.47814 	0
39.3454 	0.627934 	0.234121 	1.47814 	0
39.4155 	0.627934 	0.234121 	1.47814 	0
39.4857 	0.627934 	0.234121 	1.47814 	0
39.5558 	0.62986 	0.201555 	1.48055 	0
39.6259 	0.62986 	0.201555 	1.48055 	0
39.6961 	0.62986 	0.201555 	1.48055 	0
39.7662 	0.62986 	0.201555 	1.48055 	0
39.8363 	0.62986 	0.201555 	1.48055 	0
39.9065 	0.62986 	0.201555 	1.48055 	0
39.9766 	0.62986 	0.201555 	1.48055 	0
40.0467 	0.62986 	0.201555 	1.48055 	0
40.1169 	0.630637 	0.171323 	1.48334 	0
40.187 	0.630637 	0.171323 	1.48334 	0
40.2571 	0.630637 	0.171323 	1.48334 	0
40.3273 	0.630637 	0.171323 	1.48334 	0
40.3974 	0.630637 	0.171323 	1.48334 	0
40.4675 	0.630637 	0.171323 	1.48334 	0
40.5377 	0.630637 	0.171323 	1.48334 	0
40.6078 	0.630637 	0.171323 	1.48334 	0
40.6779 	0.630637 	0.171323 	1.48334 	0
40.7481 	0.630627 	0.143508 	1.486 	0
40.8182 	0.630627 	0.143508 	1.486 	0
40.8883 	0.630627 	0.143508 	1.486 	0
40.9585 	0.630627 	0.143508 	1.486 	0
41.0286 	0.630627 	0.143508 	1.486 	0
41.0988 	0.630627 	0.143508 	1.486 	0
41.1689 	0.630627 	0.143508 	1.486 	0
41.239 	0.630627 	0.143508 	1.486 	0
41.3092 	0.630627 	0.143508 	1.486 	0
41.3793 	0.630239 	0.118168 	1.48823 	0
41.4494 	0.630239 	0.118168 	1.48823 	0
41.5196 	0.630239 	0.118168 	1.48823 	0
41.5897 	0.630239 	0.118168 	1.48823 	0
41.6598 	0.630239 	0.118168 	1.48823 	0
41.73 	0.630239 	0.118168 	1.48823 	0
41.8001 	0.630239 	0.118168 	1.48823 	0
41.8702 	0.630239 	0.118168 	1.48823 	0
41.9404 	0.630239 	0.118168 	1.48823 	0
42.0105 	0.630004 	0.0950749 	1.48996 	0
42.0806 	0.630004 	0.0950749 	1.48996 	0
42.1508 	0.630004 	0.0950749 	1.48996 	0
42.2209 	0.630004 	0.0950749 	1.48996 	0
42.291 	0.630004 	0.0950749 	1.48996 	0
42.3612 	0.630004 	0.0950749 	1.48996 	0
42.4313 	0.630004 	0.0950749 	1.48996 	0
42.5014 	0.630004 	0.0950749 	1.48996 	0
42.5716 	0.630004 	0.0950749 	1.48996 	0
42.6417 	0.630433 	0.0743943 	1.49018 	0
42.7118 	0.630433 	0.0743943 	1.49018 	0
42.782 	0.630433 	0.0743943 	1.49018 	0
42.8521 	0.630433 	0.0743943 	1.49018 	0
42.9222 	0.630433 	0.0743943 	1.49018 	0
42.9924 	0.630433 	0.0743943 	1.49018 	0
43.0625 	0.630433 	0.0743943 	1.49018 	0
43.1327 	0.630433 	0.0743943 	1.49018 	0
43.2028 	0.63142 	0.0565788 	1.48894 	0
43.2729 	0.63142 	0.0565788 	1.48894 	0
43.3431 	0.63142 	0.0565788 	1.48894 	0
43.4132 	0.63142 	0.0565788 	1.48894 	0
43.4833 	0.63142 	0.0565788 	1.48894 	0
43.5535 	0.63142 	0.0565788 	1.48894 	0
43.6236 	0.63142 	0.0565788 	1.48894 	0
43.6937 	0.63142 	0.0565788 	1.48894 	0
43.7639 	0.63142 	0.0565788 	1.48894 	0
43.834 	0.632544 	0.0417968 	1.48691 	0
43.9041 	0.632544 	0.0417968 	1.48691 	0
43.9743 	0.632544 	0.0417968 	1.48691 	0
44.0444 	0.632544 	0.0417968 	1.48691 	0
44.1145 	0.632544 	0.0417968 	1.48691 	0
44.1847 	0.632544 	0.0417968 	1.48691 	0
44.2548 	0.632544 	0.0417968 	1.48691 	0
44.3249 	0.632544 	0.0417968 	1.48691 	0
44.3951 	0.632544 	0.0417968 	1.48691 	0
44.4652 	0.633867 	0.0293472 	1.48438 	0
44.5353 	0.633867 	0.0293472 	1.48438 	0
44.6055 	0.633867 	0.0293472 	1.48438 	0
44.6756 	0.633867 	0.0293472 	1.48438 	0
44.7457 	0.633867 	0.0293472 	1.48438 	0
44.8159 	0.633867 	0.0293472 	1.48438 	0
44.886 	0.633867 	0.0293472 	1.48438 	0
44.9561 	0.633867 	0.0293472 	1.48438 	0
45.0263 	0.633867 	0.0293472 	1.48438 	0
45.0964 	0.635587 	0.0188739 	1.48069 	0
45.1665 	0.635587 	0.0188739 	1.48069 	0
45.2367 	0.635587 	0.0188739 	1.48069 	0
45.3068 	0.635587 	0.0188739 	1.48069 	0
45.377 	0.635587 	0.0188739 	1.48069 	0
45.4471 	0.635587 	0.0188739 	1.48069 	0
45.5172 	0.635587 	0.0188739 	1.48069 	0
45.5874 	0.635587 	0.0188739 	1.48069 	0
45.6575 	0.637397 	0.0104938 	1.4764 	0
45.7276 	0.637397 	0.0104938 	1.4764 	0
45.7978 	0.637397 	0.0104938 	1.4764 	0
45.8679 	0.637397 	0.0104938 	1.4764 	0
45.938 	0.637397 	0.0104938 	1.4764 	0
46.0082 	0.637397 	0.0104938 	1.4764 	0
46.0783 	0.637397 	0.0104938 	1.4764 	0
46.1484 	0.637397 	0.0104938 	1.4764 	0
46.2186 	0.637397 	0.0104938 	1.4764 	0
46.2887 	0.638876 	0.0044352 	1.472 	0
46.3588 	0.638876 	0.0044352 	1.472 	0
46.429 	0.638876 	0.0044352 	1.472 	0
46.4991 	0.638876 	0.0044352 	1.472 	0
46.5692 	0.638876 	0.0044352 	1.472 	0
46.6394 	0.638876 	0.0044352 	1.472 	0
46.7095 	0.638876 	0.0044352 	1.472 	0
46.7796 	0.652939 	0.00773465 	1.45876 	0
46.8498 	0.652939 	0.00773465 	1.45876 	0
46.9199 	0.651344 	0.00375679 	1.45603 	0
46.99 	0.651344 	0.00375679 	1.45603 	0
47.0602 	0.651344 	0.00375679 	1.45603 	0
47.1303 	0.651344 	0.00375679 	1.45603 	0
47.2004 	0.651344 	0.00375679 	1.45603 	0
47.2706 	0.651344 	0.00375679 	1.45603 	0
47.3407 	0.651344 	0.00375679 	1.45603 	0
47.4108 	0.651344 	0.00375679 	1.45603 	0
47.481 	0.651344 	0.00375679 	1.45603 	0
47.5511 	0.649762 	-0.000652791 	1.4537 	0
47.6213 	0.649762 	-0.000652791 	1.4537 	0
47.6914 	0.649762 	-0.000652791 	1.4537 	0
47.7615 	0.649762 	-0.000652791 	1.4537 	0
47.8317 	0.649762 	-0.000652791 	1.4537 	0
47.9018 	0.649762 	-0.000652791 	1.4537 	0
47.9719 	0.649762 	-0.000652791 	1.4537 	0
48.0421 	0.649762 	-0.000652791 	1.4537 	0
48.1122 	0.649762 	-0.000652791 	1.4537 	0
48.1823 	0.648002 	-0.00547973 	1.45193 	0
48.2525 	0.648002 	-0.00547973 	1.45193 	0
48.3226 	0.648002 	-0.00547973 	1.45193 	0
48.3927 	0.648002 	-0.00547973 	1.45193 	0
48.4629 	0.648002 	-0.00547973 	1.45193 	0
48.533 	0.648002 	-0.00547973 	1.45193 	0
48.6031 	0.648002 	-0.00547973 	1.45193 	0
48.6733 	0.648002 	-0.00547973 	1.45193 	0
48.7434 	0.646784 	-0.0104283 	1.45018 	0
48.8135 	0.646784 	-0.0104283 	1.45018 	0
48.8837 	0.646784 	-0.0104283 	1.45018 	0
48.9538 	0.646784 	-0.0104283 	1.45018 	0
49.0239 	0.646784 	-0.0104283 	1.45018 	0
49.0941 	0.646784 	-0.0104283 	1.45018 	0
49.1642 	0.646784 	-0.0104283 	1.45018 	0
49.2343 	0.646784 	-0.0104283 	1.45018 	0
49.3045 	0.646784 	-0.0104283 	1.45018 	0
49.3746 	0.646305 	-0.0141871 	1.4488 	0
49.4447 	0.646305 	-0.0141871 	1.4488 	0
49.5149 	0.646305 	-0.0141871 	1.4488 	0
49.585 	0.646305 	-0.0141871 	1.4488 	0
49.6551 	0.646305 	-0.0141871 	1.4488 	0
49.7253 	0.646305 	-0.0141871 	1.4488 	0
49.7954 	0.646305 	-0.0141871 	1.4488 	0
49.8656 	0.646305 	-0.0141871 	1.4488 	0
49.9357 	0.646305 	-0.0141871 	1.4488 	0
50.0058 	0.646763 	-0.016642 	1.44758 	0
50.076 	0.646763 	-0.016642 	1.44758 	0
50.1461 	0.646763 	-0.016642 	1.44758 	0
50.2162 	0.646763 	-0.016642 	1.44758 	0
50.2864 	0.646763 	-0.016642 	1.44758 	0
50.3565 	0.646763 	-0.016642 	1.44758 	0
50.4266 	0.646763 	-0.016642 	1.44758 	0
50.4968 	0.646763 	-0.016642 	1.44758 	0
50.5669 	0.646763 	-0.016642 	1.44758 	0
50.637 	0.648637 	-0.0181736 	1.44795 	0
50.7072 	0.648637 	-0.0181736 	1.44795 	0
50.7773 	0.648637 	-0.0181736 	1.44795 	0
50.8474 	0.648637 	-0.0181736 	1.44795 	0
50.9176 	0.648637 	-0.0181736 	1.44795 	0
50.9877 	0.648637 	-0.0181736 	1.44795 	0
51.0578 	0.648637 	-0.0181736 	1.44795 	0
51.128 	0.648637 	-0.0181736 	1.44795 	0
51.1981 	0.648637 	-0.0181736 	1.44795 	0
51.2682 	0.651882 	-0.0202867 	1.45017 	0
51.3384 	0.651882 	-0.0202867 	1.45017 	0
51.4085 	0.651882 	-0.0202867 	1.45017 	0
51.4786 	0.651882 	-0.0202867 	1.45017 	0
51.5488 	0.651882 	-0.0202867 	1.45017 	0
51.6189 	0.651882 	-0.0202867 	1.45017 	0
51.689 	0.651882 	-0.0202867 	1.45017 	0
51.7592 	0.651882 	-0.0202867 	1.45017 	0
51.8293 	0.656352 	-0.023646 	1.45542 	0
51.8994 	0.656352 	-0.023646 	1.45542 	0
51.9696 	0.656352 	-0.023646 	1.45542 	0
52.0397 	0.656352 	-0.023646 	1.45542 	0
52.1099 	0.656352 	-0.023646 	1.45542 	0
52.18 	0.656352 	-0.023646 	1.45542 	0
52.2501 	0.656352 	-0.023646 	1.45542 	0
52.3203 	0.656352 	-0.023646 	1.45542 	0
52.3904 	0.656352 	-0.023646 	1.45542 	0
52.4605 	0.662098 	-0.028104 	1.46249 	0
52.5307 	0.662098 	-0.028104 	1.46249 	0
52.6008 	0.662098 	-0.028104 	1.46249 	0
52.6709 	0.662098 	-0.028104 	1.46249 	0
52.7411 	0.662098 	-0.028104 	1.46249 	0
52.8112 	0.662098 	-0.028104 	1.46249 	0
52.8813 	0.662098 	-0.028104 	1.46249 	0
52.9515 	0.662098 	-0.028104 	1.46249 	0
53.0216 	0.662098 	-0.028104 	1.46249 	0
53.0917 	0.668778 	-0.0324743 	1.4724 	0
53.1619 	0.668778 	-0.0324743 	1.4724 	0
53.232 	0.668778 	-0.0324743 	1.4724 	0
53.3021 	0.668778 	-0.0324743 	1.4724 	0
53.3723 	0.668778 	-0.0324743 	1.4724 	0
53.4424 	0.668778 	-0.0324743 	1.4724 	0
53.5125 	0.668778 	-0.0324743 	1.4724 	0
53.5827 	0.668778 	-0.0324743 	1.4724 	0
53.6528 	0.668778 	-0.0324743 	1.4724 	0
53.7229 	0.676086 	-0.0339631 	1.48423 	0
53.7931 	0.676086 	-0.0339631 	1.48423 	0
53.8632 	0.676086 	-0.0339631 	1.48423 	0
53.9333 	0.676086 	-0.0339631 	1.48423 	0
54.0035 	0.676086 	-0.0339631 	1.48423 	0
54.0736 	0.676086 	-0.0339631 	1.48423 	0
54.1437 	0.676086 	-0.0339631 	1.48423 	0
54.2139 	0.676086 	-0.0339631 	1.48423 	0
54.284 	0.683524 	-0.0295068 	1.49862 	0
54.3542 	0.683524 	-0.0295068 	1.49862 	0
54.4243 	0.683524 	-0.0295068 	1.49862 	0
54.4944 	0.683524 	-0.0295068 	1.49862 	0
54.5646 	0.683524 	-0.0295068 	1.49862 	0
54.6347 	0.683524 	-0.0295068 	1.49862 	0
54.7048 	0.683524 	-0.0295068 	1.49862 	0
54.775 	0.683524 	-0.0295068 	1.49862 	0
54.8451 	0.683524 	-0.0295068 	1.49862 	0
54.9152 	0.690494 	-0.0175027 	1.51421 	0
54.9854 	0.690494 	-0.0175027 	1.51421 	0
55.0555 	0.690494 	-0.0175027 	1.51421 	0
55.1256 	0.690494 	-0.0175027 	1.51421 	0
55.1958 	0.690494 	-0.0175027 	1.51421 	0
55.2659 	0.690494 	-0.0175027 	1.51421 	0
55.336 	0.690494 	-0.0175027 	1.51421 	0
55.4062 	0.690494 	-0.0175027 	1.51421 	0
55.4763 	0.690494 	-0.0175027 	1.51421 	0
55.5464 	0.696123 	0.00173893 	1.53296 	0
55.6166 	0.696123 	0.00173893 	1.53296 	0
55.6867 	0.696123 	0.00173893 	1.53296 	0
55.7568 	0.696123 	0.00173893 	1.53296 	0
55.827 	0.696123 	0.00173893 	1.53296 	0
55.8971 	0.696123 	0.00173893 	1.53296 	0
55.9672 	0.696123 	0.00173893 	1.53296 	0
56.0374 	0.696123 	0.00173893 	1.53296 	0
56.1075 	0.696123 	0.00173893 	1.53296 	0
56.1776 	0.699586 	0.0282467 	1.55238 	0
56.2478 	0.699586 	0.0282467 	1.55238 	0
56.3179 	0.699586 	0.0282467 	1.55238 	0
56.3881 	0.699586 	0.0282467 	1.55238 	0
56.4582 	0.699586 	0.0282467 	1.55238 	0
56.5283 	0.699586 	0.0282467 	1.55238 	0
56.5985 	0.699586 	0.0282467 	1.55238 	0
56.6686 	0.699586 	0.0282467 	1.55238 	0
56.7387 	0.699586 	0.0282467 	1.55238 	0
56.8089 	0.700805 	0.0598976 	1.57491 	0
56.879 	0.700805 	0.0598976 	1.57491 	0
56.9491 	0.700805 	0.0598976 	1.57491 	0
57.0193 	0.700805 	0.0598976 	1.57491 	0
57.0894 	0.700805 	0.0598976 	1.57491 	0
57.1595 	0.700805 	0.0598976 	1.57491 	0
57.2297 	0.700805 	0.0598976 	1.57491 	0
57.2998 	0.700805 	0.0598976 	1.57491 	0
57.3699 	0.69912 	0.0976236 	1.59455 	0
57.4401 	0.69912 	0.0976236 	1.59455 	0
57.5102 	0.69912 	0.0976236 	1.59455 	0
57.5803 	0.69912 	0.0976236 	1.59455 	0
57.6505 	0.69912 	0.0976236 	1.59455 	0
57.7206 	0.69912 	0.0976236 	1.59455 	0
57.7907 	0.69912 	0.0976236 	1.59455 	0
57.8609 	0.69912 	0.0976236 	1.59455 	0
57.931 	0.69912 	0.0976236 	1.59455 	0
58.0011 	0.693964 	0.140418 	1.61844 	0
58.0713 	0.693964 	0.140418 	1.61844 	0
58.1414 	0.693964 	0.140418 	1.61844 	0
58.2115 	0.693964 	0.140418 	1.61844 	0
58.2817 	0.693964 	0.140418 	1.61844 	0
58.3518 	0.693964 	0.140418 	1.61844 	0
58.4219 	0.693964 	0.140418 	1.61844 	0
58.4921 	0.693964 	0.140418 	1.61844 	0
58.5622 	0.693964 	0.140418 	1.61844 	0
58.6324 	0.683951 	0.188587 	1.63774 	0
58.7025 	0.683951 	0.188587 	1.63774 	0
58.7726 	0.683951 	0.188587 	1.63774 	0
58.8428 	0.683951 	0.188587 	1.63774 	0
58.9129 	0.683951 	0.188587 	1.63774 	0
58.983 	0.683951 	0.188587 	1.63774 	0
59.0532 	0.683951 	0.188587 	1.63774 	0
59.1233 	0.683951 	0.188587 	1.63774 	0
59.1934 	0.683951 	0.188587 	1.63774 	0
59.2636 	0.668299 	0.240532 	1.66624 	0
59.3337 	0.668299 	0.240532 	1.66624 	0
59.4038 	0.668299 	0.240532 	1.66624 	0
59.474 	0.668299 	0.240532 	1.66624 	0
59.5441 	0.668299 	0.240532 	1.66624 	0
59.6142 	0.668299 	0.240532 	1.66624 	0
59.6844 	0.668299 	0.240532 	1.66624 	0
59.7545 	0.668299 	0.240532 	1.66624 	0
59.8246 	0.644446 	0.294092 	1.69175 	0
59.8948 	0.644446 	0.294092 	1.69175 	0
59.9649 	0.644446 	0.294092 	1.69175 	0
60.035 	0.644446 	0.294092 	1.69175 	0
60.1052 	0.644446 	0.294092 	1.69175 	0
60.1753 	0.644446 	0.294092 	1.69175 	0
60.2454 	0.644446 	0.294092 	1.69175 	0
60.3156 	0.644446 	0.294092 	1.69175 	0
60.3857 	0.644446 	0.294092 	1.69175 	0
60.4558 	0.611082 	0.340198 	1.73321 	0
60.526 	0.611082 	0.340198 	1.73321 	0
60.5961 	0.611082 	0.340198 	1.73321 	0
60.6662 	0.611082 	0.340198 	1.73321 	0
60.7364 	0.611082 	0.340198 	1.73321 	0
60.8065 	0.611082 	0.340198 	1.73321 	0
60.8767 	0.611082 	0.340198 	1.73321 	0
60.9468 	0.611082 	0.340198 	1.73321 	0
61.0169 	0.611082 	0.340198 	1.73321 	0
61.0871 	0.565866 	0.380889 	1.77389 	0
61.1572 	0.565866 	0.380889 	1.77389 	0
61.2273 	0.565866 	0.380889 	1.77389 	0
61.2975 	0.565866 	0.380889 	1.77389 	0
61.3676 	0.565866 	0.380889 	1.77389 	0
61.4377 	0.565866 	0.380889 	1.77389 	0
61.5079 	0.565866 	0.380889 	1.77389 	0
61.578 	0.565866 	0.380889 	1.77389 	0
61.6481 	0.565866 	0.380889 	1.77389 	0
61.7183 	0.506308 	0.40662 	1.83204 	0
61.7884 	0.506308 	0.40662 	1.83204 	0
61.8585 	0.506308 	0.40662 	1.83204 	0
61.9287 	0.506308 	0.40662 	1.83204 	0
61.9988 	0.506308 	0.40662 	1.83204 	0
62.0689 	0.506308 	0.40662 	1.83204 	0
62.1391 	0.506308 	0.40662 	1.83204 	0
62.2092 	0.506308 	0.40662 	1.83204 	0
62.2793 	0.506308 	0.40662 	1.83204 	0
62.3495 	0.43169 	0.425678 	1.88984 	0
62.4196 	0.43169 	0.425678 	1.88984 	0
62.4897 	0.43169 	0.425678 	1.88984 	0
62.5599 	0.43169 	0.425678 	1.88984 	0
62.63 	0.43169 	0.425678 	1.88984 	0
62.7001 	0.43169 	0.425678 	1.88984 	0
62.7703 	0.43169 	0.425678 	1.88984 	0
62.8404 	0.43169 	0.425678 	1.88984 	0
62.9105 	0.339833 	0.423178 	1.96625 	0
62.9807 	0.339833 	0.423178 	1.96625 	0
63.0508 	0.339833 	0.423178 	1.96625 	0
63.121 	0.339833 	0.423178 	1.96625 	0
63.1911 	0.339833 	0.423178 	1.96625 	0
63.2612 	0.339833 	0.423178 	1.96625 	0
63.3314 	0.339833 	0.423178 	1.96625 	0
63.4015 	0.339833 	0.423178 	1.96625 	0
63.4716 	0.339833 	0.423178 	1.96625 	0
63.5418 	0.23346 	0.40047 	2.03922 	0
63.6119 	0.23346 	0.40047 	2.03922 	0
63.682 	0.23346 	0.40047 	2.03922 	0
63.7522 	0.23346 	0.40047 	2.03922 	0
63.8223 	0.23346 	0.40047 	2.03922 	0
63.8924 	0.23346 	0.40047 	2.03922 	0
63.9626 	0.23346 	0.40047 	2.03922 	0
64.0327 	0.23346 	0.40047 	2.03922 	0
64.1028 	0.23346 	0.40047 	2.03922 	0
64.173 	0.118177 	0.35506 	2.13462 	0
64.2431 	0.118177 	0.35506 	2.13462 	0
64.3132 	0.118177 	0.35506 	2.13462 	0
64.3834 	0.118177 	0.35506 	2.13462 	0
64.4535 	0.118177 	0.35506 	2.13462 	0
64.5236 	0.118177 	0.35506 	2.13462 	0
64.5938 	0.118177 	0.35506 	2.13462 	0
64.6639 	0.118177 	0.35506 	2.13462 	0
64.734 	0.118177 	0.35506 	2.13462 	0
64.8042 	-7.7017e-05 	0.277338 	2.21696 	0
64.8743 	-7.7017e-05 	0.277338 	2.21696 	0
64.9444 	-7.7017e-05 	0.277338 	2.21696 	0
65.0146 	-7.7017e-05 	0.277338 	2.21696 	0
65.0847 	-7.7017e-05 	0.277338 	2.21696 	0
65.1548 	-7.7017e-05 	0.277338 	2.21696 	0
65.225 	-7.7017e-05 	0.277338 	2.21696 	0
65.2951 	0.114143 	0.149748 	2.49141 	0
65.3653 	0.114143 	0.149748 	2.49141 	0
65.4354 	0.0188576 	0.0491668 	2.59489 	0
65.5055 	0.0188576 	0.0491668 	2.59489 	0
65.5757 	0.0188576 	0.0491668 	2.59489 	0
65.6458 	0.0188576 	0.0491668 	2.59489 	0
65.7159 	0.0188576 	0.0491668 	2.59489 	0
65.7861 	0.0188576 	0.0491668 	2.59489 	0
65.8562 	0.0188576 	0.0491668 	2.59489 	0
65.9263 	0.0188576 	0.0491668 	2.59489 	0
65.9965 	-0.0541337 	-0.0536951 	2.69699 	0
66.0666 	-0.0541337 	-0.0536951 	2.69699 	0
66.1367 	-0.0541337 	-0.0536951 	2.69699 	0
66.2069 	-0.0541337 	-0.0536951 	2.69699 	0
66.277 	-0.0541337 	-0.0536951 	2.69699 	0
66.3471 	-0.0541337 	-0.0536951 	2.69699 	0
66.4173 	-0.0541337 	-0.0536951 	2.69699 	0
66.4874 	-0.0541337 	-0.0536951 	2.69699 	0
66.5575 	-0.0541337 	-0.0536951 	2.69699 	0
66.6277 	-0.108928 	-0.166685 	2.78014 	0
66.6978 	-0.108928 	-0.166685 	2.78014 	0
66.7679 	-0.108928 	-0.166685 	2.78014 	0
66.8381 	-0.108928 	-0.166685 	2.78014 	0
66.9082 	-0.108928 	-0.166685 	2.78014 	0
66.9783 	-0.108928 	-0.166685 	2.78014 	0
67.0485 	-0.108928 	-0.166685 	2.78014 	0
67.1186 	-0.108928 	-0.166685 	2.78014 	0
67.1887 	-0.108928 	-0.166685 	2.78014 	0
67.2589 	-0.12307 	-0.298768 	2.87398 	0
67.329 	-0.12307 	-0.298768 	2.87398 	0
67.3991 	-0.12307 	-0.298768 	2.87398 	0
67.4693 	-0.12307 	-0.298768 	2.87398 	0
67.5394 	-0.12307 	-0.298768 	2.87398 	0
67.6096 	-0.12307 	-0.298768 	2.87398 	0
67.6797 	-0.12307 	-0.298768 	2.87398 	0
67.7498 	-0.12307 	-0.298768 	2.87398 	0
67.82 	-0.12307 	-0.298768 	2.87398 	0
67.8901 	-0.090182 	-0.36834 	2.90354 	0
67.9602 	-0.090182 	-0.36834 	2.90354 	0
68.0304 	-0.090182 	-0.36834 	2.90354 	0
68.1005 	-0.090182 	-0.36834 	2.90354 	0
68.1706 	-0.090182 	-0.36834 	2.90354 	0
68.2408 	-0.090182 	-0.36834 	2.90354 	0
68.3109 	-0.090182 	-0.36834 	2.90354 	0
68.381 	-0.090182 	-0.36834 	2.90354 	0
68.4512 	-0.0318157 	-0.513084 	2.99473 	0
68.5213 	-0.0318157 	-0.513084 	2.99473 	0
68.5914 	-0.0318157 	-0.513084 	2.99473 	0
68.6616 	-0.0318157 	-0.513084 	2.99473 	0
68.7317 	-0.0318157 	-0.513084 	2.99473 	0
68.8018 	-0.0318157 	-0.513084 	2.99473 	0
68.872 	-0.0318157 	-0.513084 	2.99473 	0
68.9421 	-0.0318157 	-0.513084 	2.99473 	0
69.0122 	-0.0318157 	-0.513084 	2.99473 	0
