0.490941 	2.3832 	0.0043567 	3.00033 	-3.37935e-20
0.561075 	2.3832 	0.0043567 	3.00033 	-3.37935e-20
0.63121 	2.3832 	0.0043567 	3.00033 	-3.37935e-20
0.701344 	2.3832 	0.0043567 	3.00033 	-3.37935e-20
0.771478 	2.3832 	0.0043567 	3.00033 	-3.37935e-20
0.841613 	2.3832 	0.0043567 	3.00033 	-3.37935e-20
0.911747 	2.35818 	0.0144854 	3.008 	-7.80583e-20
0.981881 	2.35818 	0.0144854 	3.008 	-7.80583e-20
1.05202 	2.35818 	0.0144854 	3.008 	-7.80583e-20
1.12215 	2.35818 	0.0144854 	3.008 	-7.80583e-20
1.19228 	2.35818 	0.0144854 	3.008 	-7.80583e-20
1.26242 	2.35818 	0.0144854 	3.008 	-7.80583e-20
1.33255 	2.31422 	0.0193136 	3.02331 	7.80047e-20
1.40269 	2.31422 	0.0193136 	3.02331 	7.80047e-20
1.47282 	2.31422 	0.0193136 	3.02331 	7.80047e-20
1.54296 	2.31422 	0.0193136 	3.02331 	7.80047e-20
1.61309 	2.31422 	0.0193136 	3.02331 	7.80047e-20
1.68323 	2.31422 	0.0193136 	3.02331 	7.80047e-20
1.75336 	2.25387 	0.0247134 	3.04251 	3.75496e-20
1.82349 	2.25387 	0.0247134 	3.04251 	3.75496e-20
1.89363 	2.25387 	0.0247134 	3.04251 	3.75496e-20
1.96376 	2.25387 	0.0247134 	3.04251 	3.75496e-20
2.0339 	2.25387 	0.0247134 	3.04251 	3.75496e-20
2.10403 	2.25387 	0.0247134 	3.04251 	3.75496e-20
2.17417 	2.1826 	0.0242439 	3.06668 	0
2.2443 	2.1826 	0.0242439 	3.06668 	0
2.31443 	2.1826 	0.0242439 	3.06668 	0
2.38457 	2.1826 	0.0242439 	3.06668 	0
2.4547 	2.1826 	0.0242439 	3.06668 	0
2.52484 	2.1826 	0.0242439 	3.06668 	0
2.59497 	2.10627 	0.0256353 	3.09072 	-1.72934e-19
2.66511 	2.10627 	0.0256353 	3.09072 	-1.72934e-19
2.73524 	2.10627 	0.0256353 	3.09072 	-1.72934e-19
2.80538 	2.10627 	0.0256353 	3.09072 	-1.72934e-19
2.87551 	2.10627 	0.0256353 	3.09072 	-1.72934e-19
2.94564 	2.10627 	0.0256353 	3.09072 	-1.72934e-19
3.01578 	2.02993 	0.0233451 	3.11626 	1.37738e-19
3.08591 	2.02993 	0.0233451 	3.11626 	1.37738e-19
3.15605 	2.02993 	0.0233451 	3.11626 	1.37738e-19
3.22618 	2.02993 	0.0233451 	3.11626 	1.37738e-19
3.29632 	2.02993 	0.0233451 	3.11626 	1.37738e-19
3.36645 	2.02993 	0.0233451 	3.11626 	1.37738e-19
3.43659 	1.95546 	0.0249512 	3.13924 	-2.55435e-19
3.50672 	1.95546 	0.0249512 	3.13924 	-2.55435e-19
3.57685 	1.95546 	0.0249512 	3.13924 	-2.55435e-19
3.64699 	1.95546 	0.0249512 	3.13924 	-2.55435e-19
3.71712 	1.95546 	0.0249512 	3.13924 	-2.55435e-19
3.78726 	1.94756 	0.0141367 	3.13803 	-2.8373e-19
3.85739 	1.87436 	0.0119575 	3.16282 	5.24478e-19
3.92753 	1.87436 	0.0119575 	3.16282 	5.24478e-19
3.99766 	1.87436 	0.0119575 	3.16282 	5.24478e-19
4.06779 	1.87436 	0.0119575 	3.16282 	5.24478e-19
4.13793 	1.87436 	0.0119575 	3.16282 	5.24478e-19
4.20806 	1.87436 	0.0119575 	3.16282 	5.24478e-19
4.2782 	1.80315 	0.0143312 	3.18376 	-3.01422e-19
4.34833 	1.80315 	0.0143312 	3.18376 	-3.01422e-19
4.41847 	1.80315 	0.0143312 	3.18376 	-3.01422e-19
4.4886 	1.80315 	0.0143312 	3.18376 	-3.01422e-19
4.55874 	1.80315 	0.0143312 	3.18376 	-3.01422e-19
4.62887 	1.80315 	0.0143312 	3.18376 	-3.01422e-19
4.699 	1.80315 	0.0143312 	3.18376 	-3.01422e-19
4.76914 	1.73374 	0.0119251 	3.20717 	-2.23777e-19
4.83927 	1.73374 	0.0119251 	3.20717 	-2.23777e-19
4.90941 	1.73374 	0.0119251 	3.20717 	-2.23777e-19
4.97954 	1.73374 	0.0119251 	3.20717 	-2.23777e-19
5.04968 	1.73374 	0.0119251 	3.20717 	-2.23777e-19
5.11981 	1.73374 	0.0119251 	3.20717 	-2.23777e-19
5.18994 	1.66602 	0.0140614 	3.22658 	1.96371e-19
5.26008 	1.66602 	0.0140614 	3.22658 	1.96371e-19
5.33021 	1.66602 	0.0140614 	3.22658 	1.96371e-19
5.40035 	1.66602 	0.0140614 	3.22658 	1.96371e-19
5.47048 	1.66602 	0.0140614 	3.22658 	1.96371e-19
5.54062 	1.66602 	0.0140614 	3.22658 	1.96371e-19
5.61075 	1.60091 	0.0113553 	3.24852 	-3.86774e-19
5.68089 	1.60091 	0.0113553 	3.24852 	-3.86774e-19
5.75102 	1.60091 	0.0113553 	3.24852 	-3.86774e-19
5.82115 	1.60091 	0.0113553 	3.24852 	-3.86774e-19
5.89129 	1.60091 	0.0113553 	3.24852 	-3.86774e-19
5.96142 	1.60091 	0.0113553 	3.24852 	-3.86774e-19
6.03156 	1.53897 	0.0136787 	3.26574 	4.12787e-19
6.10169 	1.53897 	0.0136787 	3.26574 	4.12787e-19
6.17183 	1.53897 	0.0136787 	3.26574 	4.12787e-19
6.24196 	1.53897 	0.0136787 	3.26574 	4.12787e-19
6.3121 	1.53897 	0.0136787 	3.26574 	4.12787e-19
6.38223 	1.53897 	0.0136787 	3.26574 	4.12787e-19
6.45236 	1.48105 	0.0111789 	3.28542 	2.42475e-20
6.5225 	1.48105 	0.0111789 	3.28542 	2.42475e-20
6.59263 	1.48105 	0.0111789 	3.28542 	2.42475e-20
6.66277 	1.48105 	0.0111789 	3.28542 	2.42475e-20
6.7329 	1.48105 	0.0111789 	3.28542 	2.42475e-20
6.80304 	1.48105 	0.0111789 	3.28542 	2.42475e-20
6.87317 	1.42721 	0.0140938 	3.2998 	-2.33527e-20
6.9433 	1.42721 	0.0140938 	3.2998 	-2.33527e-20
7.01344 	1.42721 	0.0140938 	3.2998 	-2.33527e-20
7.08357 	1.42721 	0.0140938 	3.2998 	-2.33527e-20
7.15371 	1.42721 	0.0140938 	3.2998 	-2.33527e-20
7.22384 	1.42721 	0.0140938 	3.2998 	-2.33527e-20
7.29398 	1.37765 	0.0119669 	3.31696 	0
7.36411 	1.37765 	0.0119669 	3.31696 	0
7.43425 	1.37765 	0.0119669 	3.31696 	0
7.50438 	1.37765 	0.0119669 	3.31696 	0
7.57451 	1.37765 	0.0119669 	3.31696 	0
7.64465 	1.37765 	0.0119669 	3.31696 	0
7.71478 	1.37765 	0.0119669 	3.31696 	0
7.78492 	1.33183 	0.0155275 	3.32858 	0
7.85505 	1.33183 	0.0155275 	3.32858 	0
7.92519 	1.33183 	0.0155275 	3.32858 	0
7.99532 	1.33183 	0.0155275 	3.32858 	0
8.06545 	1.33183 	0.0155275 	3.32858 	0
8.13559 	1.33183 	0.0155275 	3.32858 	0
8.20572 	1.28959 	0.0137726 	3.34364 	0
8.27586 	1.28959 	0.0137726 	3.34364 	0
8.34599 	1.28959 	0.0137726 	3.34364 	0
8.41613 	1.28959 	0.0137726 	3.34364 	0
8.48626 	1.28959 	0.0137726 	3.34364 	0
8.5564 	1.28959 	0.0137726 	3.34364 	0
8.62653 	1.25023 	0.0181261 	3.35299 	2.18554e-22
8.69666 	1.25023 	0.0181261 	3.35299 	2.18554e-22
8.7668 	1.25023 	0.0181261 	3.35299 	2.18554e-22
8.83693 	1.25023 	0.0181261 	3.35299 	2.18554e-22
8.90707 	1.25023 	0.0181261 	3.35299 	2.18554e-22
8.9772 	1.25023 	0.0181261 	3.35299 	2.18554e-22
9.04734 	1.21354 	0.0169319 	3.36657 	-2.94327e-19
9.11747 	1.21354 	0.0169319 	3.36657 	-2.94327e-19
9.18761 	1.21354 	0.0169319 	3.36657 	-2.94327e-19
9.25774 	1.1991 	0.0129292 	3.36914 	-2.89469e-20
9.32787 	1.1991 	0.0129292 	3.36914 	-2.89469e-20
9.39801 	1.1991 	0.0129292 	3.36914 	-2.89469e-20
9.46814 	1.1991 	0.0129292 	3.36914 	-2.89469e-20
9.53828 	1.16353 	0.0194889 	3.37778 	-3.05621e-19
9.60841 	1.16353 	0.0194889 	3.37778 	-3.05621e-19
9.67855 	1.16353 	0.0194889 	3.37778 	-3.05621e-19
9.74868 	1.16353 	0.0194889 	3.37778 	-3.05621e-19
9.81881 	1.16353 	0.0194889 	3.37778 	-3.05621e-19
9.88895 	1.16353 	0.0194889 	3.37778 	-3.05621e-19
9.95908 	1.12951 	0.0193188 	3.38996 	-1.83942e-20
10.0292 	1.12951 	0.0193188 	3.38996 	-1.83942e-20
10.0994 	1.12951 	0.0193188 	3.38996 	-1.83942e-20
10.1695 	1.12951 	0.0193188 	3.38996 	-1.83942e-20
10.2396 	1.12951 	0.0193188 	3.38996 	-1.83942e-20
10.3098 	1.12951 	0.0193188 	3.38996 	-1.83942e-20
10.3799 	1.09651 	0.027858 	3.39753 	2.79323e-19
10.45 	1.09651 	0.027858 	3.39753 	2.79323e-19
10.5202 	1.09651 	0.027858 	3.39753 	2.79323e-19
10.5903 	1.09651 	0.027858 	3.39753 	2.79323e-19
10.6604 	1.09651 	0.027858 	3.39753 	2.79323e-19
10.7306 	1.09651 	0.027858 	3.39753 	2.79323e-19
10.8007 	1.06435 	0.0295293 	3.40933 	-2.9666e-19
10.8708 	1.06435 	0.0295293 	3.40933 	-2.9666e-19
10.941 	1.06435 	0.0295293 	3.40933 	-2.9666e-19
11.0111 	1.06435 	0.0295293 	3.40933 	-2.9666e-19
11.0812 	1.06435 	0.0295293 	3.40933 	-2.9666e-19
11.1514 	1.06435 	0.0295293 	3.40933 	-2.9666e-19
11.2215 	1.06435 	0.0295293 	3.40933 	-2.9666e-19
11.2916 	1.03241 	0.0412705 	3.41623 	-5.24988e-19
11.3618 	1.03241 	0.0412705 	3.41623 	-5.24988e-19
11.4319 	1.03241 	0.0412705 	3.41623 	-5.24988e-19
11.502 	1.03241 	0.0412705 	3.41623 	-5.24988e-19
11.5722 	1.03241 	0.0412705 	3.41623 	-5.24988e-19
11.6423 	1.03241 	0.0412705 	3.41623 	-5.24988e-19
11.7124 	1.00028 	0.0460793 	3.42818 	5.0775e-19
11.7826 	1.00028 	0.0460793 	3.42818 	5.0775e-19
11.8527 	1.00028 	0.0460793 	3.42818 	5.0775e-19
11.9228 	1.00028 	0.0460793 	3.42818 	5.0775e-19
11.993 	1.00028 	0.0460793 	3.42818 	5.0775e-19
12.0631 	1.00028 	0.0460793 	3.42818 	5.0775e-19
12.1332 	0.966912 	0.0629796 	3.43516 	0
12.2034 	0.966912 	0.0629796 	3.43516 	0
12.2735 	0.966912 	0.0629796 	3.43516 	0
12.3437 	0.966912 	0.0629796 	3.43516 	0
12.4138 	0.966912 	0.0629796 	3.43516 	0
12.4839 	0.966912 	0.0629796 	3.43516 	0
12.5541 	0.966912 	0.0629796 	3.43516 	0
12.6242 	0.931547 	0.0719948 	3.44795 	-1.46286e-20
12.6943 	0.931547 	0.0719948 	3.44795 	-1.46286e-20
12.7645 	0.931547 	0.0719948 	3.44795 	-1.46286e-20
12.8346 	0.931547 	0.0719948 	3.44795 	-1.46286e-20
12.9047 	0.931547 	0.0719948 	3.44795 	-1.46286e-20
12.9749 	0.931547 	0.0719948 	3.44795 	-1.46286e-20
13.045 	0.893118 	0.0963379 	3.45608 	1.4714e-20
13.1151 	0.893118 	0.0963379 	3.45608 	1.4714e-20
13.1853 	0.893118 	0.0963379 	3.45608 	1.4714e-20
13.2554 	0.893118 	0.0963379 	3.45608 	1.4714e-20
13.3255 	0.893118 	0.0963379 	3.45608 	1.4714e-20
13.3957 	0.893118 	0.0963379 	3.45608 	1.4714e-20
13.4658 	0.893118 	0.0963379 	3.45608 	1.4714e-20
13.5359 	0.851353 	0.110369 	3.47028 	0
13.6061 	0.851353 	0.110369 	3.47028 	0
13.6762 	0.851353 	0.110369 	3.47028 	0
13.7463 	0.851353 	0.110369 	3.47028 	0
13.8165 	0.851353 	0.110369 	3.47028 	0
13.8866 	0.851353 	0.110369 	3.47028 	0
13.9567 	0.806588 	0.157066 	3.48351 	8.46294e-22
14.0269 	0.806588 	0.157066 	3.48351 	8.46294e-22
14.097 	0.806588 	0.157066 	3.48351 	8.46294e-22
14.1671 	0.806588 	0.157066 	3.48351 	8.46294e-22
14.2373 	0.806588 	0.157066 	3.48351 	8.46294e-22
14.3074 	0.806588 	0.157066 	3.48351 	8.46294e-22
14.3776 	0.785801 	0.155501 	3.48775 	1.57901e-19
14.4477 	0.684223 	0.157828 	3.51562 	-2.38468e-20
14.5178 	0.684223 	0.157828 	3.51562 	-2.38468e-20
14.588 	0.684223 	0.157828 	3.51562 	-2.38468e-20
14.6581 	0.703562 	0.171445 	3.50861 	0
14.7282 	0.703562 	0.171445 	3.50861 	0
14.7984 	0.618562 	0.186266 	3.53312 	-2.52802e-19
14.8685 	0.648886 	0.209999 	3.52282 	-2.50277e-19
14.9386 	0.648886 	0.209999 	3.52282 	-2.50277e-19
15.0088 	0.648886 	0.209999 	3.52282 	-2.50277e-19
15.0789 	0.648886 	0.209999 	3.52282 	-2.50277e-19
15.149 	0.686537 	0.227793 	3.51201 	2.54032e-19
15.2192 	0.588779 	0.244875 	3.54697 	2.2684e-19
15.2893 	0.588779 	0.244875 	3.54697 	2.2684e-19
15.3594 	0.588779 	0.244875 	3.54697 	2.2684e-19
15.4296 	0.626199 	0.266366 	3.52621 	-7.04823e-19
15.4997 	0.626199 	0.266366 	3.52621 	-7.04823e-19
15.5698 	0.52901 	0.281482 	3.55512 	3.95152e-19
15.64 	0.52901 	0.281482 	3.55512 	3.95152e-19
15.7101 	0.52901 	0.281482 	3.55512 	3.95152e-19
15.7802 	0.570874 	0.300757 	3.54834 	-6.39732e-19
15.8504 	0.570874 	0.300757 	3.54834 	-6.39732e-19
15.9205 	0.474015 	0.319416 	3.56295 	-1.8945e-19
15.9906 	0.474015 	0.319416 	3.56295 	-1.8945e-19
16.0608 	0.474015 	0.319416 	3.56295 	-1.8945e-19
16.1309 	0.526458 	0.345129 	3.54383 	0
16.201 	0.526458 	0.345129 	3.54383 	0
16.2712 	0.43028 	0.358134 	3.57696 	0
16.3413 	0.43028 	0.358134 	3.57696 	0
16.4114 	0.43028 	0.358134 	3.57696 	0
16.4816 	0.43028 	0.358134 	3.57696 	0
16.5517 	0.49994 	0.375233 	3.55477 	-2.83027e-19
16.6219 	0.409396 	0.409502 	3.57498 	5.58145e-20
16.692 	0.409396 	0.409502 	3.57498 	5.58145e-20
16.7621 	0.409396 	0.409502 	3.57498 	5.58145e-20
16.8323 	0.409396 	0.409502 	3.57498 	5.58145e-20
16.9024 	0.409396 	0.409502 	3.57498 	5.58145e-20
16.9725 	0.41624 	0.450719 	3.56867 	0
17.0427 	0.41624 	0.450719 	3.56867 	0
17.1128 	0.41624 	0.450719 	3.56867 	0
17.1829 	0.41624 	0.450719 	3.56867 	0
17.2531 	0.339364 	0.479242 	3.58684 	0
17.3232 	0.339364 	0.479242 	3.58684 	0
17.3933 	0.339364 	0.479242 	3.58684 	0
17.4635 	0.442759 	0.504936 	3.56817 	2.53748e-19
17.5336 	0.442759 	0.504936 	3.56817 	2.53748e-19
17.6037 	0.375681 	0.525479 	3.57583 	0
17.6739 	0.375681 	0.525479 	3.57583 	0
17.744 	0.375681 	0.525479 	3.57583 	0
17.8141 	0.375681 	0.525479 	3.57583 	0
17.8843 	0.375681 	0.525479 	3.57583 	0
17.9544 	0.419055 	0.582127 	3.56417 	2.56175e-19
18.0245 	0.419055 	0.582127 	3.56417 	2.56175e-19
18.0947 	0.419055 	0.582127 	3.56417 	2.56175e-19
18.1648 	0.419055 	0.582127 	3.56417 	2.56175e-19
18.2349 	0.36428 	0.596802 	3.57493 	-3.59966e-19
18.3051 	0.36428 	0.596802 	3.57493 	-3.59966e-19
18.3752 	0.36428 	0.596802 	3.57493 	-3.59966e-19
18.4453 	0.36428 	0.596802 	3.57493 	-3.59966e-19
18.5155 	0.36428 	0.596802 	3.57493 	-3.59966e-19
18.5856 	0.405223 	0.637468 	3.55556 	-5.12287e-19
18.6557 	0.405223 	0.637468 	3.55556 	-5.12287e-19
18.7259 	0.405223 	0.637468 	3.55556 	-5.12287e-19
18.796 	0.405223 	0.637468 	3.55556 	-5.12287e-19
18.8662 	0.353678 	0.655877 	3.56642 	4.59932e-19
18.9363 	0.353678 	0.655877 	3.56642 	4.59932e-19
19.0064 	0.353678 	0.655877 	3.56642 	4.59932e-19
19.0766 	0.353678 	0.655877 	3.56642 	4.59932e-19
19.1467 	0.353678 	0.655877 	3.56642 	4.59932e-19
19.2168 	0.304879 	0.682564 	3.58392 	1.05439e-19
19.287 	0.39834 	0.677903 	3.53751 	2.85903e-19
19.3571 	0.39834 	0.677903 	3.53751 	2.85903e-19
19.4272 	0.39834 	0.677903 	3.53751 	2.85903e-19
19.4974 	0.39834 	0.677903 	3.53751 	2.85903e-19
19.5675 	0.348221 	0.700698 	3.55274 	8.48341e-20
19.6376 	0.348221 	0.700698 	3.55274 	8.48341e-20
19.7078 	0.348221 	0.700698 	3.55274 	8.48341e-20
19.7779 	0.348221 	0.700698 	3.55274 	8.48341e-20
19.848 	0.348221 	0.700698 	3.55274 	8.48341e-20
19.9182 	0.29981 	0.731071 	3.57162 	-1.24488e-19
19.9883 	0.29981 	0.731071 	3.57162 	-1.24488e-19
20.0584 	0.395267 	0.702663 	3.49552 	0
20.1286 	0.395267 	0.702663 	3.49552 	0
20.1987 	0.395267 	0.702663 	3.49552 	0
20.2688 	0.344885 	0.729142 	3.5246 	1.05855e-19
20.339 	0.344885 	0.729142 	3.5246 	1.05855e-19
20.4091 	0.344885 	0.729142 	3.5246 	1.05855e-19
20.4792 	0.344885 	0.729142 	3.5246 	1.05855e-19
20.5494 	0.344885 	0.729142 	3.5246 	1.05855e-19
20.6195 	0.295445 	0.76408 	3.55182 	-2.863e-20
20.6896 	0.295445 	0.76408 	3.55182 	-2.863e-20
20.7598 	0.295445 	0.76408 	3.55182 	-2.863e-20
20.8299 	0.295445 	0.76408 	3.55182 	-2.863e-20
20.9 	0.391048 	0.710197 	3.37399 	5.17837e-19
20.9702 	0.340786 	0.740381 	3.43941 	2.41962e-19
21.0403 	0.340786 	0.740381 	3.43941 	2.41962e-19
21.1105 	0.340786 	0.740381 	3.43941 	2.41962e-19
21.1806 	0.340786 	0.740381 	3.43941 	2.41962e-19
21.2507 	0.340786 	0.740381 	3.43941 	2.41962e-19
21.3209 	0.291403 	0.778233 	3.49172 	-1.61417e-19
21.391 	0.291403 	0.778233 	3.49172 	-1.61417e-19
21.4611 	0.291403 	0.778233 	3.49172 	-1.61417e-19
21.5313 	0.291403 	0.778233 	3.49172 	-1.61417e-19
21.6014 	0.291403 	0.778233 	3.49172 	-1.61417e-19
21.6715 	0.291403 	0.778233 	3.49172 	-1.61417e-19
21.7417 	0.245732 	0.803092 	3.52201 	4.51147e-20
21.8118 	0.245732 	0.803092 	3.52201 	4.51147e-20
21.8819 	0.245732 	0.803092 	3.52201 	4.51147e-20
21.9521 	0.32334 	0.730193 	3.21306 	8.16502e-20
22.0222 	0.32334 	0.730193 	3.21306 	8.16502e-20
22.0923 	0.286284 	0.769841 	3.31629 	2.92949e-19
22.1625 	0.286284 	0.769841 	3.31629 	2.92949e-19
22.2326 	0.286284 	0.769841 	3.31629 	2.92949e-19
22.3027 	0.286284 	0.769841 	3.31629 	2.92949e-19
22.3729 	0.286284 	0.769841 	3.31629 	2.92949e-19
22.443 	0.286284 	0.769841 	3.31629 	2.92949e-19
22.5131 	0.24487 	0.801293 	3.39143 	-3.77622e-20
22.5833 	0.24487 	0.801293 	3.39143 	-3.77622e-20
22.6534 	0.24487 	0.801293 	3.39143 	-3.77622e-20
22.7235 	0.24487 	0.801293 	3.39143 	-3.77622e-20
22.7937 	0.24487 	0.801293 	3.39143 	-3.77622e-20
22.8638 	0.199889 	0.836107 	3.45159 	-1.52224e-19
22.9339 	0.199889 	0.836107 	3.45159 	-1.52224e-19
23.0041 	0.199889 	0.836107 	3.45159 	-1.52224e-19
23.0742 	0.243437 	0.715661 	2.84334 	2.40911e-19
23.1443 	0.243437 	0.715661 	2.84334 	2.40911e-19
23.2145 	0.243437 	0.715661 	2.84334 	2.40911e-19
23.2846 	0.20622 	0.759345 	3.00292 	3.27948e-20
23.3548 	0.20622 	0.759345 	3.00292 	3.27948e-20
23.4249 	0.20622 	0.759345 	3.00292 	3.27948e-20
23.495 	0.20622 	0.759345 	3.00292 	3.27948e-20
23.5652 	0.20622 	0.759345 	3.00292 	3.27948e-20
23.6353 	0.20622 	0.759345 	3.00292 	3.27948e-20
23.7054 	0.169992 	0.795405 	3.12191 	6.29552e-20
23.7756 	0.169992 	0.795405 	3.12191 	6.29552e-20
23.8457 	0.169992 	0.795405 	3.12191 	6.29552e-20
23.9158 	0.169992 	0.795405 	3.12191 	6.29552e-20
23.986 	0.169992 	0.795405 	3.12191 	6.29552e-20
24.0561 	0.169992 	0.795405 	3.12191 	6.29552e-20
24.1262 	0.13433 	0.834149 	3.23432 	0
24.1964 	0.13433 	0.834149 	3.23432 	0
24.2665 	0.13433 	0.834149 	3.23432 	0
24.3366 	0.13433 	0.834149 	3.23432 	0
24.4068 	0.13433 	0.834149 	3.23432 	0
24.4769 	0.159456 	0.666889 	2.38059 	1.26469e-19
24.547 	0.159456 	0.666889 	2.38059 	1.26469e-19
24.6172 	0.122308 	0.691768 	2.46498 	1.06414e-19
24.6873 	0.122308 	0.691768 	2.46498 	1.06414e-19
24.7574 	0.122308 	0.691768 	2.46498 	1.06414e-19
24.8276 	0.122308 	0.691768 	2.46498 	1.06414e-19
24.8977 	0.122308 	0.691768 	2.46498 	1.06414e-19
24.9678 	0.122308 	0.691768 	2.46498 	1.06414e-19
25.038 	0.0872823 	0.739545 	2.64504 	-3.79222e-20
25.1081 	0.0872823 	0.739545 	2.64504 	-3.79222e-20
25.1782 	0.0872823 	0.739545 	2.64504 	-3.79222e-20
25.2484 	0.0872823 	0.739545 	2.64504 	-3.79222e-20
25.3185 	0.0872823 	0.739545 	2.64504 	-3.79222e-20
25.3886 	0.0872823 	0.739545 	2.64504 	-3.79222e-20
25.4588 	0.054215 	0.763638 	2.71513 	0
25.5289 	0.054215 	0.763638 	2.71513 	0
25.5991 	0.054215 	0.763638 	2.71513 	0
25.6692 	0.054215 	0.763638 	2.71513 	0
25.7393 	0.054215 	0.763638 	2.71513 	0
25.8095 	0.054215 	0.763638 	2.71513 	0
25.8796 	0.054215 	0.763638 	2.71513 	0
25.9497 	0.0232156 	0.808933 	2.86435 	5.46455e-21
26.0199 	0.0232156 	0.808933 	2.86435 	5.46455e-21
26.09 	0.048701 	0.623429 	2.02729 	1.89566e-20
26.1601 	0.048701 	0.623429 	2.02729 	1.89566e-20
26.2303 	0.048701 	0.623429 	2.02729 	1.89566e-20
26.3004 	0.048701 	0.623429 	2.02729 	1.89566e-20
26.3705 	0.048701 	0.623429 	2.02729 	1.89566e-20
26.4407 	0.0208992 	0.637366 	2.06692 	-2.2901e-20
26.5108 	0.0208992 	0.637366 	2.06692 	-2.2901e-20
26.5809 	0.0208992 	0.637366 	2.06692 	-2.2901e-20
26.6511 	0.0208992 	0.637366 	2.06692 	-2.2901e-20
26.7212 	0.0208992 	0.637366 	2.06692 	-2.2901e-20
26.7913 	0.0208992 	0.637366 	2.06692 	-2.2901e-20
26.8615 	0.0208992 	0.637366 	2.06692 	-2.2901e-20
26.9316 	-0.00628084 	0.666864 	2.15573 	5.85813e-22
27.0017 	-0.00628084 	0.666864 	2.15573 	5.85813e-22
27.0719 	-0.00628084 	0.666864 	2.15573 	5.85813e-22
27.142 	-0.00628084 	0.666864 	2.15573 	5.85813e-22
27.2121 	-0.00628084 	0.666864 	2.15573 	5.85813e-22
27.2823 	-0.00628084 	0.666864 	2.15573 	5.85813e-22
27.3524 	-0.0340472 	0.678071 	2.18624 	-1.19292e-20
27.4225 	-0.0340472 	0.678071 	2.18624 	-1.19292e-20
27.4927 	-0.0340472 	0.678071 	2.18624 	-1.19292e-20
27.5628 	-0.0340472 	0.678071 	2.18624 	-1.19292e-20
27.6329 	-0.0340472 	0.678071 	2.18624 	-1.19292e-20
27.7031 	-0.0340472 	0.678071 	2.18624 	-1.19292e-20
27.7732 	-0.0340472 	0.678071 	2.18624 	-1.19292e-20
27.8434 	-0.0340472 	0.678071 	2.18624 	-1.19292e-20
27.9135 	-0.0613246 	0.705936 	2.25351 	-1.89866e-20
27.9836 	-0.0613246 	0.705936 	2.25351 	-1.89866e-20
28.0538 	-0.0613246 	0.705936 	2.25351 	-1.89866e-20
28.1239 	-0.0613246 	0.705936 	2.25351 	-1.89866e-20
28.194 	-0.0613246 	0.705936 	2.25351 	-1.89866e-20
28.2642 	-0.0613246 	0.705936 	2.25351 	-1.89866e-20
28.3343 	-0.0749003 	0.562874 	1.77636 	2.63538e-20
28.4044 	-0.102391 	0.565396 	1.78925 	-4.00907e-20
28.4746 	-0.102391 	0.565396 	1.78925 	-4.00907e-20
28.5447 	-0.102391 	0.565396 	1.78925 	-4.00907e-20
28.6148 	-0.102391 	0.565396 	1.78925 	-4.00907e-20
28.685 	-0.102391 	0.565396 	1.78925 	-4.00907e-20
28.7551 	-0.102391 	0.565396 	1.78925 	-4.00907e-20
28.8252 	-0.102391 	0.565396 	1.78925 	-4.00907e-20
28.8954 	-0.102391 	0.565396 	1.78925 	-4.00907e-20
28.9655 	-0.128277 	0.572282 	1.81808 	-6.35056e-20
29.0356 	-0.128277 	0.572282 	1.81808 	-6.35056e-20
29.1058 	-0.128277 	0.572282 	1.81808 	-6.35056e-20
29.1759 	-0.128277 	0.572282 	1.81808 	-6.35056e-20
29.246 	-0.128277 	0.572282 	1.81808 	-6.35056e-20
29.3162 	-0.128277 	0.572282 	1.81808 	-6.35056e-20
29.3863 	-0.128277 	0.572282 	1.81808 	-6.35056e-20
29.4564 	-0.151803 	0.575646 	1.81899 	5.8726e-20
29.5266 	-0.151803 	0.575646 	1.81899 	5.8726e-20
29.5967 	-0.151803 	0.575646 	1.81899 	5.8726e-20
29.6668 	-0.151803 	0.575646 	1.81899 	5.8726e-20
29.737 	-0.151803 	0.575646 	1.81899 	5.8726e-20
29.8071 	-0.151803 	0.575646 	1.81899 	5.8726e-20
29.8773 	-0.151803 	0.575646 	1.81899 	5.8726e-20
29.9474 	-0.151803 	0.575646 	1.81899 	5.8726e-20
30.0175 	-0.170538 	0.581863 	1.82437 	-7.28084e-20
30.0877 	-0.170538 	0.581863 	1.82437 	-7.28084e-20
30.1578 	-0.170538 	0.581863 	1.82437 	-7.28084e-20
30.2279 	-0.170538 	0.581863 	1.82437 	-7.28084e-20
30.2981 	-0.170538 	0.581863 	1.82437 	-7.28084e-20
30.3682 	-0.170538 	0.581863 	1.82437 	-7.28084e-20
30.4383 	-0.170538 	0.581863 	1.82437 	-7.28084e-20
30.5085 	-0.170538 	0.581863 	1.82437 	-7.28084e-20
30.5786 	-0.186805 	0.580202 	1.81008 	1.43655e-19
30.6487 	-0.186805 	0.580202 	1.81008 	1.43655e-19
30.7189 	-0.186805 	0.580202 	1.81008 	1.43655e-19
30.789 	-0.186805 	0.580202 	1.81008 	1.43655e-19
30.8591 	-0.186805 	0.580202 	1.81008 	1.43655e-19
30.9293 	-0.186805 	0.580202 	1.81008 	1.43655e-19
30.9994 	-0.186805 	0.580202 	1.81008 	1.43655e-19
31.0695 	-0.186805 	0.580202 	1.81008 	1.43655e-19
31.1397 	-0.197453 	0.588346 	1.80231 	-7.66552e-20
31.2098 	-0.197453 	0.588346 	1.80231 	-7.66552e-20
31.2799 	-0.197453 	0.588346 	1.80231 	-7.66552e-20
31.3501 	-0.197453 	0.588346 	1.80231 	-7.66552e-20
31.4202 	-0.197453 	0.588346 	1.80231 	-7.66552e-20
31.4903 	-0.197453 	0.588346 	1.80231 	-7.66552e-20
31.5605 	-0.192913 	0.55481 	1.6728 	1.1602e-19
31.6306 	-0.192913 	0.55481 	1.6728 	1.1602e-19
31.7007 	-0.198077 	0.552482 	1.66803 	-3.80029e-20
31.7709 	-0.198077 	0.552482 	1.66803 	-3.80029e-20
31.841 	-0.198077 	0.552482 	1.66803 	-3.80029e-20
31.9111 	-0.198077 	0.552482 	1.66803 	-3.80029e-20
31.9813 	-0.198077 	0.552482 	1.66803 	-3.80029e-20
32.0514 	-0.198077 	0.552482 	1.66803 	-3.80029e-20
32.1216 	-0.198077 	0.552482 	1.66803 	-3.80029e-20
32.1917 	-0.198077 	0.552482 	1.66803 	-3.80029e-20
32.2618 	-0.198077 	0.552482 	1.66803 	-3.80029e-20
32.332 	-0.19667 	0.5521 	1.65968 	0
32.4021 	-0.19667 	0.5521 	1.65968 	0
32.4722 	-0.19667 	0.5521 	1.65968 	0
32.5424 	-0.19667 	0.5521 	1.65968 	0
32.6125 	-0.19667 	0.5521 	1.65968 	0
32.6826 	-0.19667 	0.5521 	1.65968 	0
32.7528 	-0.19667 	0.5521 	1.65968 	0
32.8229 	-0.19667 	0.5521 	1.65968 	0
32.893 	-0.19667 	0.5521 	1.65968 	0
32.9632 	-0.187966 	0.54631 	1.64615 	0
33.0333 	-0.187966 	0.54631 	1.64615 	0
33.1034 	-0.187966 	0.54631 	1.64615 	0
33.1736 	-0.187966 	0.54631 	1.64615 	0
33.2437 	-0.187966 	0.54631 	1.64615 	0
33.3138 	-0.187966 	0.54631 	1.64615 	0
33.384 	-0.187966 	0.54631 	1.64615 	0
33.4541 	-0.187966 	0.54631 	1.64615 	0
33.5242 	-0.187966 	0.54631 	1.64615 	0
33.5944 	-0.171236 	0.539698 	1.6289 	1.60614e-20
33.6645 	-0.171236 	0.539698 	1.6289 	1.60614e-20
33.7346 	-0.171236 	0.539698 	1.6289 	1.60614e-20
33.8048 	-0.171236 	0.539698 	1.6289 	1.60614e-20
33.8749 	-0.171236 	0.539698 	1.6289 	1.60614e-20
33.945 	-0.171236 	0.539698 	1.6289 	1.60614e-20
34.0152 	-0.171236 	0.539698 	1.6289 	1.60614e-20
34.0853 	-0.171236 	0.539698 	1.6289 	1.60614e-20
34.1554 	-0.171236 	0.539698 	1.6289 	1.60614e-20
34.2256 	-0.145717 	0.524746 	1.60635 	-1.17684e-20
34.2957 	-0.145717 	0.524746 	1.60635 	-1.17684e-20
34.3659 	-0.145717 	0.524746 	1.60635 	-1.17684e-20
34.436 	-0.145717 	0.524746 	1.60635 	-1.17684e-20
34.5061 	-0.145717 	0.524746 	1.60635 	-1.17684e-20
34.5763 	-0.145717 	0.524746 	1.60635 	-1.17684e-20
34.6464 	-0.145717 	0.524746 	1.60635 	-1.17684e-20
34.7165 	-0.145717 	0.524746 	1.60635 	-1.17684e-20
34.7867 	-0.145717 	0.524746 	1.60635 	-1.17684e-20
34.8568 	-0.145717 	0.524746 	1.60635 	-1.17684e-20
34.9269 	-0.111615 	0.504464 	1.57861 	1.62718e-20
34.9971 	-0.111615 	0.504464 	1.57861 	1.62718e-20
35.0672 	-0.111615 	0.504464 	1.57861 	1.62718e-20
35.1373 	-0.111615 	0.504464 	1.57861 	1.62718e-20
35.2075 	-0.111615 	0.504464 	1.57861 	1.62718e-20
35.2776 	-0.111615 	0.504464 	1.57861 	1.62718e-20
35.3477 	-0.111615 	0.504464 	1.57861 	1.62718e-20
35.4179 	-0.111615 	0.504464 	1.57861 	1.62718e-20
35.488 	-0.111615 	0.504464 	1.57861 	1.62718e-20
35.5581 	-0.111615 	0.504464 	1.57861 	1.62718e-20
35.6283 	-0.0741226 	0.469738 	1.55308 	-5.28867e-21
35.6984 	-0.0741226 	0.469738 	1.55308 	-5.28867e-21
35.7685 	-0.0741226 	0.469738 	1.55308 	-5.28867e-21
35.8387 	-0.0741226 	0.469738 	1.55308 	-5.28867e-21
35.9088 	-0.0741226 	0.469738 	1.55308 	-5.28867e-21
35.9789 	-0.0741226 	0.469738 	1.55308 	-5.28867e-21
36.0491 	-0.0741226 	0.469738 	1.55308 	-5.28867e-21
36.1192 	-0.0741226 	0.469738 	1.55308 	-5.28867e-21
36.1893 	-0.0741226 	0.469738 	1.55308 	-5.28867e-21
36.2595 	-0.0741226 	0.469738 	1.55308 	-5.28867e-21
36.3296 	-0.0382426 	0.426556 	1.53309 	4.21124e-22
36.3997 	-0.0382426 	0.426556 	1.53309 	4.21124e-22
36.4699 	-0.0382426 	0.426556 	1.53309 	4.21124e-22
36.54 	-0.0382426 	0.426556 	1.53309 	4.21124e-22
36.6102 	-0.0382426 	0.426556 	1.53309 	4.21124e-22
36.6803 	-0.0382426 	0.426556 	1.53309 	4.21124e-22
36.7504 	-0.0382426 	0.426556 	1.53309 	4.21124e-22
36.8206 	-0.0382426 	0.426556 	1.53309 	4.21124e-22
36.8907 	-0.0382426 	0.426556 	1.53309 	4.21124e-22
36.9608 	-0.0382426 	0.426556 	1.53309 	4.21124e-22
37.031 	-0.0382426 	0.426556 	1.53309 	4.21124e-22
37.1011 	-0.00896045 	0.384324 	1.51915 	0
37.1712 	-0.00896045 	0.384324 	1.51915 	0
37.2414 	-0.00896045 	0.384324 	1.51915 	0
37.3115 	-0.00896045 	0.384324 	1.51915 	0
37.3816 	-0.00896045 	0.384324 	1.51915 	0
37.4518 	-0.00896045 	0.384324 	1.51915 	0
37.5219 	-0.00896045 	0.384324 	1.51915 	0
37.592 	-0.00896045 	0.384324 	1.51915 	0
37.6622 	0.0131309 	0.34692 	1.50968 	0
37.7323 	0.0131309 	0.34692 	1.50968 	0
37.8024 	0.0131309 	0.34692 	1.50968 	0
37.8726 	0.0131309 	0.34692 	1.50968 	0
37.9427 	0.0131309 	0.34692 	1.50968 	0
38.0128 	0.0131309 	0.34692 	1.50968 	0
38.083 	0.0131309 	0.34692 	1.50968 	0
38.1531 	0.0131309 	0.34692 	1.50968 	0
38.2232 	0.0131309 	0.34692 	1.50968 	0
38.2934 	0.0280642 	0.311645 	1.50522 	0
38.3635 	0.0280642 	0.311645 	1.50522 	0
38.4336 	0.0280642 	0.311645 	1.50522 	0
38.5038 	0.0280642 	0.311645 	1.50522 	0
38.5739 	0.0280642 	0.311645 	1.50522 	0
38.644 	0.0280642 	0.311645 	1.50522 	0
38.7142 	0.0280642 	0.311645 	1.50522 	0
38.7843 	0.0280642 	0.311645 	1.50522 	0
38.8545 	0.0280642 	0.311645 	1.50522 	0
38.9246 	0.0364056 	0.278212 	1.50523 	0
38.9947 	0.0364056 	0.278212 	1.50523 	0
39.0649 	0.0364056 	0.278212 	1.50523 	0
39.135 	0.0364056 	0.278212 	1.50523 	0
39.2051 	0.0364056 	0.278212 	1.50523 	0
39.2753 	0.0364056 	0.278212 	1.50523 	0
39.3454 	0.0364056 	0.278212 	1.50523 	0
39.4155 	0.0364056 	0.278212 	1.50523 	0
39.4857 	0.0364056 	0.278212 	1.50523 	0
39.5558 	0.0412801 	0.245967 	1.50714 	0
39.6259 	0.0412801 	0.245967 	1.50714 	0
39.6961 	0.0412801 	0.245967 	1.50714 	0
39.7662 	0.0412801 	0.245967 	1.50714 	0
39.8363 	0.0412801 	0.245967 	1.50714 	0
39.9065 	0.0412801 	0.245967 	1.50714 	0
39.9766 	0.0412801 	0.245967 	1.50714 	0
40.0467 	0.0412801 	0.245967 	1.50714 	0
40.1169 	0.0457127 	0.214561 	1.50791 	0
40.187 	0.0457127 	0.214561 	1.50791 	0
40.2571 	0.0457127 	0.214561 	1.50791 	0
40.3273 	0.0457127 	0.214561 	1.50791 	0
40.3974 	0.0457127 	0.214561 	1.50791 	0
40.4675 	0.0457127 	0.214561 	1.50791 	0
40.5377 	0.0457127 	0.214561 	1.50791 	0
40.6078 	0.0457127 	0.214561 	1.50791 	0
40.6779 	0.0457127 	0.214561 	1.50791 	0
40.7481 	0.050192 	0.184026 	1.50746 	0
40.8182 	0.050192 	0.184026 	1.50746 	0
40.8883 	0.050192 	0.184026 	1.50746 	0
40.9585 	0.050192 	0.184026 	1.50746 	0
41.0286 	0.050192 	0.184026 	1.50746 	0
41.0988 	0.050192 	0.184026 	1.50746 	0
41.1689 	0.050192 	0.184026 	1.50746 	0
41.239 	0.050192 	0.184026 	1.50746 	0
41.3092 	0.050192 	0.184026 	1.50746 	0
41.3793 	0.0533422 	0.155261 	1.50701 	0
41.4494 	0.0533422 	0.155261 	1.50701 	0
41.5196 	0.0533422 	0.155261 	1.50701 	0
41.5897 	0.0533422 	0.155261 	1.50701 	0
41.6598 	0.0533422 	0.155261 	1.50701 	0
41.73 	0.0533422 	0.155261 	1.50701 	0
41.8001 	0.0533422 	0.155261 	1.50701 	0
41.8702 	0.0533422 	0.155261 	1.50701 	0
41.9404 	0.0533422 	0.155261 	1.50701 	0
42.0105 	0.0547235 	0.12859 	1.50707 	0
42.0806 	0.0547235 	0.12859 	1.50707 	0
42.1508 	0.0547235 	0.12859 	1.50707 	0
42.2209 	0.0547235 	0.12859 	1.50707 	0
42.291 	0.0547235 	0.12859 	1.50707 	0
42.3612 	0.0547235 	0.12859 	1.50707 	0
42.4313 	0.0547235 	0.12859 	1.50707 	0
42.5014 	0.0547235 	0.12859 	1.50707 	0
42.5716 	0.0547235 	0.12859 	1.50707 	0
42.6417 	0.0555127 	0.104107 	1.50624 	0
42.7118 	0.0555127 	0.104107 	1.50624 	0
42.782 	0.0555127 	0.104107 	1.50624 	0
42.8521 	0.0555127 	0.104107 	1.50624 	0
42.9222 	0.0555127 	0.104107 	1.50624 	0
42.9924 	0.0555127 	0.104107 	1.50624 	0
43.0625 	0.0555127 	0.104107 	1.50624 	0
43.1327 	0.0555127 	0.104107 	1.50624 	0
43.2028 	0.0568452 	0.0811571 	1.50425 	0
43.2729 	0.0568452 	0.0811571 	1.50425 	0
43.3431 	0.0568452 	0.0811571 	1.50425 	0
43.4132 	0.0568452 	0.0811571 	1.50425 	0
43.4833 	0.0568452 	0.0811571 	1.50425 	0
43.5535 	0.0568452 	0.0811571 	1.50425 	0
43.6236 	0.0568452 	0.0811571 	1.50425 	0
43.6937 	0.0568452 	0.0811571 	1.50425 	0
43.7639 	0.0568452 	0.0811571 	1.50425 	0
43.834 	0.0591265 	0.0601258 	1.50077 	0
43.9041 	0.0591265 	0.0601258 	1.50077 	0
43.9743 	0.0591265 	0.0601258 	1.50077 	0
44.0444 	0.0591265 	0.0601258 	1.50077 	0
44.1145 	0.0591265 	0.0601258 	1.50077 	0
44.1847 	0.0591265 	0.0601258 	1.50077 	0
44.2548 	0.0591265 	0.0601258 	1.50077 	0
44.3249 	0.0591265 	0.0601258 	1.50077 	0
44.3951 	0.0591265 	0.0601258 	1.50077 	0
44.4652 	0.0622583 	0.0411759 	1.49627 	0
44.5353 	0.0622583 	0.0411759 	1.49627 	0
44.6055 	0.0622583 	0.0411759 	1.49627 	0
44.6756 	0.0622583 	0.0411759 	1.49627 	0
44.7457 	0.0622583 	0.0411759 	1.49627 	0
44.8159 	0.0622583 	0.0411759 	1.49627 	0
44.886 	0.0622583 	0.0411759 	1.49627 	0
44.9561 	0.0622583 	0.0411759 	1.49627 	0
45.0263 	0.0622583 	0.0411759 	1.49627 	0
45.0964 	0.0660028 	0.0246536 	1.49118 	0
45.1665 	0.0660028 	0.0246536 	1.49118 	0
45.2367 	0.0660028 	0.0246536 	1.49118 	0
45.3068 	0.0660028 	0.0246536 	1.49118 	0
45.377 	0.0660028 	0.0246536 	1.49118 	0
45.4471 	0.0660028 	0.0246536 	1.49118 	0
45.5172 	0.0660028 	0.0246536 	1.49118 	0
45.5874 	0.0660028 	0.0246536 	1.49118 	0
45.6575 	0.0703247 	0.0104078 	1.48598 	0
45.7276 	0.0703247 	0.0104078 	1.48598 	0
45.7978 	0.0703247 	0.0104078 	1.48598 	0
45.8679 	0.0703247 	0.0104078 	1.48598 	0
45.938 	0.0703247 	0.0104078 	1.48598 	0
46.0082 	0.0703247 	0.0104078 	1.48598 	0
46.0783 	0.0703247 	0.0104078 	1.48598 	0
46.1484 	0.0703247 	0.0104078 	1.48598 	0
46.2186 	0.0703247 	0.0104078 	1.48598 	0
46.2887 	0.0754264 	-0.0019155 	1.4806 	0
46.3588 	0.0754264 	-0.0019155 	1.4806 	0
46.429 	0.0754264 	-0.0019155 	1.4806 	0
46.4991 	0.0754264 	-0.0019155 	1.4806 	0
46.5692 	0.0754264 	-0.0019155 	1.4806 	0
46.6394 	0.0754264 	-0.0019155 	1.4806 	0
46.7095 	0.0754264 	-0.0019155 	1.4806 	0
46.7796 	0.0919143 	0.00403606 	1.45605 	0
46.8498 	0.0919143 	0.00403606 	1.45605 	0
46.9199 	0.094683 	-0.00617822 	1.45357 	0
46.99 	0.094683 	-0.00617822 	1.45357 	0
47.0602 	0.094683 	-0.00617822 	1.45357 	0
47.1303 	0.094683 	-0.00617822 	1.45357 	0
47.2004 	0.094683 	-0.00617822 	1.45357 	0
47.2706 	0.094683 	-0.00617822 	1.45357 	0
47.3407 	0.094683 	-0.00617822 	1.45357 	0
47.4108 	0.094683 	-0.00617822 	1.45357 	0
47.481 	0.094683 	-0.00617822 	1.45357 	0
47.5511 	0.0982883 	-0.0146052 	1.45107 	0
47.6213 	0.0982883 	-0.0146052 	1.45107 	0
47.6914 	0.0982883 	-0.0146052 	1.45107 	0
47.7615 	0.0982883 	-0.0146052 	1.45107 	0
47.8317 	0.0982883 	-0.0146052 	1.45107 	0
47.9018 	0.0982883 	-0.0146052 	1.45107 	0
47.9719 	0.0982883 	-0.0146052 	1.45107 	0
48.0421 	0.0982883 	-0.0146052 	1.45107 	0
48.1122 	0.0982883 	-0.0146052 	1.45107 	0
48.1823 	0.102442 	-0.0213762 	1.44927 	0
48.2525 	0.102442 	-0.0213762 	1.44927 	0
48.3226 	0.102442 	-0.0213762 	1.44927 	0
48.3927 	0.102442 	-0.0213762 	1.44927 	0
48.4629 	0.102442 	-0.0213762 	1.44927 	0
48.533 	0.102442 	-0.0213762 	1.44927 	0
48.6031 	0.102442 	-0.0213762 	1.44927 	0
48.6733 	0.102442 	-0.0213762 	1.44927 	0
48.7434 	0.107148 	-0.0276028 	1.44788 	0
48.8135 	0.107148 	-0.0276028 	1.44788 	0
48.8837 	0.107148 	-0.0276028 	1.44788 	0
48.9538 	0.107148 	-0.0276028 	1.44788 	0
49.0239 	0.107148 	-0.0276028 	1.44788 	0
49.0941 	0.107148 	-0.0276028 	1.44788 	0
49.1642 	0.107148 	-0.0276028 	1.44788 	0
49.2343 	0.107148 	-0.0276028 	1.44788 	0
49.3045 	0.107148 	-0.0276028 	1.44788 	0
49.3746 	0.112162 	-0.0325164 	1.44749 	0
49.4447 	0.112162 	-0.0325164 	1.44749 	0
49.5149 	0.112162 	-0.0325164 	1.44749 	0
49.585 	0.112162 	-0.0325164 	1.44749 	0
49.6551 	0.112162 	-0.0325164 	1.44749 	0
49.7253 	0.112162 	-0.0325164 	1.44749 	0
49.7954 	0.112162 	-0.0325164 	1.44749 	0
49.8656 	0.112162 	-0.0325164 	1.44749 	0
49.9357 	0.112162 	-0.0325164 	1.44749 	0
50.0058 	0.117155 	-0.0353781 	1.44788 	0
50.076 	0.117155 	-0.0353781 	1.44788 	0
50.1461 	0.117155 	-0.0353781 	1.44788 	0
50.2162 	0.117155 	-0.0353781 	1.44788 	0
50.2864 	0.117155 	-0.0353781 	1.44788 	0
50.3565 	0.117155 	-0.0353781 	1.44788 	0
50.4266 	0.117155 	-0.0353781 	1.44788 	0
50.4968 	0.117155 	-0.0353781 	1.44788 	0
50.5669 	0.117155 	-0.0353781 	1.44788 	0
50.637 	0.122095 	-0.0366473 	1.44908 	0
50.7072 	0.122095 	-0.0366473 	1.44908 	0
50.7773 	0.122095 	-0.0366473 	1.44908 	0
50.8474 	0.122095 	-0.0366473 	1.44908 	0
50.9176 	0.122095 	-0.0366473 	1.44908 	0
50.9877 	0.122095 	-0.0366473 	1.44908 	0
51.0578 	0.122095 	-0.0366473 	1.44908 	0
51.128 	0.122095 	-0.0366473 	1.44908 	0
51.1981 	0.122095 	-0.0366473 	1.44908 	0
51.2682 	0.12674 	-0.0366599 	1.45043 	0
51.3384 	0.12674 	-0.0366599 	1.45043 	0
51.4085 	0.12674 	-0.0366599 	1.45043 	0
51.4786 	0.12674 	-0.0366599 	1.45043 	0
51.5488 	0.12674 	-0.0366599 	1.45043 	0
51.6189 	0.12674 	-0.0366599 	1.45043 	0
51.689 	0.12674 	-0.0366599 	1.45043 	0
51.7592 	0.12674 	-0.0366599 	1.45043 	0
51.8293 	0.130536 	-0.0352876 	1.45282 	0
51.8994 	0.130536 	-0.0352876 	1.45282 	0
51.9696 	0.130536 	-0.0352876 	1.45282 	0
52.0397 	0.130536 	-0.0352876 	1.45282 	0
52.1099 	0.130536 	-0.0352876 	1.45282 	0
52.18 	0.130536 	-0.0352876 	1.45282 	0
52.2501 	0.130536 	-0.0352876 	1.45282 	0
52.3203 	0.130536 	-0.0352876 	1.45282 	0
52.3904 	0.130536 	-0.0352876 	1.45282 	0
52.4605 	0.133519 	-0.0335202 	1.45524 	0
52.5307 	0.133519 	-0.0335202 	1.45524 	0
52.6008 	0.133519 	-0.0335202 	1.45524 	0
52.6709 	0.133519 	-0.0335202 	1.45524 	0
52.7411 	0.133519 	-0.0335202 	1.45524 	0
52.8112 	0.133519 	-0.0335202 	1.45524 	0
52.8813 	0.133519 	-0.0335202 	1.45524 	0
52.9515 	0.133519 	-0.0335202 	1.45524 	0
53.0216 	0.133519 	-0.0335202 	1.45524 	0
53.0917 	0.135487 	-0.0307097 	1.45895 	0
53.1619 	0.135487 	-0.0307097 	1.45895 	0
53.232 	0.135487 	-0.0307097 	1.45895 	0
53.3021 	0.135487 	-0.0307097 	1.45895 	0
53.3723 	0.135487 	-0.0307097 	1.45895 	0
53.4424 	0.135487 	-0.0307097 	1.45895 	0
53.5125 	0.135487 	-0.0307097 	1.45895 	0
53.5827 	0.135487 	-0.0307097 	1.45895 	0
53.6528 	0.135487 	-0.0307097 	1.45895 	0
53.7229 	0.136175 	-0.0272094 	1.46117 	0
53.7931 	0.136175 	-0.0272094 	1.46117 	0
53.8632 	0.136175 	-0.0272094 	1.46117 	0
53.9333 	0.136175 	-0.0272094 	1.46117 	0
54.0035 	0.136175 	-0.0272094 	1.46117 	0
54.0736 	0.136175 	-0.0272094 	1.46117 	0
54.1437 	0.136175 	-0.0272094 	1.46117 	0
54.2139 	0.136175 	-0.0272094 	1.46117 	0
54.284 	0.135542 	-0.0219153 	1.46345 	0
54.3542 	0.135542 	-0.0219153 	1.46345 	0
54.4243 	0.135542 	-0.0219153 	1.46345 	0
54.4944 	0.135542 	-0.0219153 	1.46345 	0
54.5646 	0.135542 	-0.0219153 	1.46345 	0
54.6347 	0.135542 	-0.0219153 	1.46345 	0
54.7048 	0.135542 	-0.0219153 	1.46345 	0
54.775 	0.135542 	-0.0219153 	1.46345 	0
54.8451 	0.135542 	-0.0219153 	1.46345 	0
54.9152 	0.133539 	-0.0155893 	1.46341 	0
54.9854 	0.133539 	-0.0155893 	1.46341 	0
55.0555 	0.133539 	-0.0155893 	1.46341 	0
55.1256 	0.133539 	-0.0155893 	1.46341 	0
55.1958 	0.133539 	-0.0155893 	1.46341 	0
55.2659 	0.133539 	-0.0155893 	1.46341 	0
55.336 	0.133539 	-0.0155893 	1.46341 	0
55.4062 	0.133539 	-0.0155893 	1.46341 	0
55.4763 	0.133539 	-0.0155893 	1.46341 	0
55.5464 	0.130241 	-0.00843682 	1.46348 	0
55.6166 	0.130241 	-0.00843682 	1.46348 	0
55.6867 	0.130241 	-0.00843682 	1.46348 	0
55.7568 	0.130241 	-0.00843682 	1.46348 	0
55.827 	0.130241 	-0.00843682 	1.46348 	0
55.8971 	0.130241 	-0.00843682 	1.46348 	0
55.9672 	0.130241 	-0.00843682 	1.46348 	0
56.0374 	0.130241 	-0.00843682 	1.46348 	0
56.1075 	0.130241 	-0.00843682 	1.46348 	0
56.1776 	0.125898 	-0.00198659 	1.46135 	0
56.2478 	0.125898 	-0.00198659 	1.46135 	0
56.3179 	0.125898 	-0.00198659 	1.46135 	0
56.3881 	0.125898 	-0.00198659 	1.46135 	0
56.4582 	0.125898 	-0.00198659 	1.46135 	0
56.5283 	0.125898 	-0.00198659 	1.46135 	0
56.5985 	0.125898 	-0.00198659 	1.46135 	0
56.6686 	0.125898 	-0.00198659 	1.46135 	0
56.7387 	0.125898 	-0.00198659 	1.46135 	0
56.8089 	0.120599 	0.00306035 	1.45968 	0
56.879 	0.120599 	0.00306035 	1.45968 	0
56.9491 	0.120599 	0.00306035 	1.45968 	0
57.0193 	0.120599 	0.00306035 	1.45968 	0
57.0894 	0.120599 	0.00306035 	1.45968 	0
57.1595 	0.120599 	0.00306035 	1.45968 	0
57.2297 	0.120599 	0.00306035 	1.45968 	0
57.2998 	0.120599 	0.00306035 	1.45968 	0
57.3699 	0.115216 	0.00575028 	1.45628 	0
57.4401 	0.115216 	0.00575028 	1.45628 	0
57.5102 	0.115216 	0.00575028 	1.45628 	0
57.5803 	0.115216 	0.00575028 	1.45628 	0
57.6505 	0.115216 	0.00575028 	1.45628 	0
57.7206 	0.115216 	0.00575028 	1.45628 	0
57.7907 	0.115216 	0.00575028 	1.45628 	0
57.8609 	0.115216 	0.00575028 	1.45628 	0
57.931 	0.115216 	0.00575028 	1.45628 	0
58.0011 	0.109788 	0.00576692 	1.45419 	0
58.0713 	0.109788 	0.00576692 	1.45419 	0
58.1414 	0.109788 	0.00576692 	1.45419 	0
58.2115 	0.109788 	0.00576692 	1.45419 	0
58.2817 	0.109788 	0.00576692 	1.45419 	0
58.3518 	0.109788 	0.00576692 	1.45419 	0
58.4219 	0.109788 	0.00576692 	1.45419 	0
58.4921 	0.109788 	0.00576692 	1.45419 	0
58.5622 	0.109788 	0.00576692 	1.45419 	0
58.6324 	0.10547 	0.00272244 	1.45196 	0
58.7025 	0.10547 	0.00272244 	1.45196 	0
58.7726 	0.10547 	0.00272244 	1.45196 	0
58.8428 	0.10547 	0.00272244 	1.45196 	0
58.9129 	0.10547 	0.00272244 	1.45196 	0
58.983 	0.10547 	0.00272244 	1.45196 	0
59.0532 	0.10547 	0.00272244 	1.45196 	0
59.1233 	0.10547 	0.00272244 	1.45196 	0
59.1934 	0.10547 	0.00272244 	1.45196 	0
59.2636 	0.103258 	-0.000759162 	1.4518 	0
59.3337 	0.103258 	-0.000759162 	1.4518 	0
59.4038 	0.103258 	-0.000759162 	1.4518 	0
59.474 	0.103258 	-0.000759162 	1.4518 	0
59.5441 	0.103258 	-0.000759162 	1.4518 	0
59.6142 	0.103258 	-0.000759162 	1.4518 	0
59.6844 	0.103258 	-0.000759162 	1.4518 	0
59.7545 	0.103258 	-0.000759162 	1.4518 	0
59.8246 	0.103125 	-0.00540672 	1.45705 	0
59.8948 	0.103125 	-0.00540672 	1.45705 	0
59.9649 	0.103125 	-0.00540672 	1.45705 	0
60.035 	0.103125 	-0.00540672 	1.45705 	0
60.1052 	0.103125 	-0.00540672 	1.45705 	0
60.1753 	0.103125 	-0.00540672 	1.45705 	0
60.2454 	0.103125 	-0.00540672 	1.45705 	0
60.3156 	0.103125 	-0.00540672 	1.45705 	0
60.3857 	0.103125 	-0.00540672 	1.45705 	0
60.4558 	0.105993 	-0.0024993 	1.46005 	0
60.526 	0.105993 	-0.0024993 	1.46005 	0
60.5961 	0.105993 	-0.0024993 	1.46005 	0
60.6662 	0.105993 	-0.0024993 	1.46005 	0
60.7364 	0.105993 	-0.0024993 	1.46005 	0
60.8065 	0.105993 	-0.0024993 	1.46005 	0
60.8767 	0.105993 	-0.0024993 	1.46005 	0
60.9468 	0.105993 	-0.0024993 	1.46005 	0
61.0169 	0.105993 	-0.0024993 	1.46005 	0
61.0871 	0.110666 	-0.00419591 	1.47428 	0
61.1572 	0.110666 	-0.00419591 	1.47428 	0
61.2273 	0.110666 	-0.00419591 	1.47428 	0
61.2975 	0.110666 	-0.00419591 	1.47428 	0
61.3676 	0.110666 	-0.00419591 	1.47428 	0
61.4377 	0.110666 	-0.00419591 	1.47428 	0
61.5079 	0.110666 	-0.00419591 	1.47428 	0
61.578 	0.110666 	-0.00419591 	1.47428 	0
61.6481 	0.110666 	-0.00419591 	1.47428 	0
61.7183 	0.117075 	0.0100578 	1.48173 	0
61.7884 	0.117075 	0.0100578 	1.48173 	0
61.8585 	0.117075 	0.0100578 	1.48173 	0
61.9287 	0.117075 	0.0100578 	1.48173 	0
61.9988 	0.117075 	0.0100578 	1.48173 	0
62.0689 	0.117075 	0.0100578 	1.48173 	0
62.1391 	0.117075 	0.0100578 	1.48173 	0
62.2092 	0.117075 	0.0100578 	1.48173 	0
62.2793 	0.117075 	0.0100578 	1.48173 	0
62.3495 	0.126044 	0.0142669 	1.50793 	0
62.4196 	0.126044 	0.0142669 	1.50793 	0
62.4897 	0.126044 	0.0142669 	1.50793 	0
62.5599 	0.126044 	0.0142669 	1.50793 	0
62.63 	0.126044 	0.0142669 	1.50793 	0
62.7001 	0.126044 	0.0142669 	1.50793 	0
62.7703 	0.126044 	0.0142669 	1.50793 	0
62.8404 	0.126044 	0.0142669 	1.50793 	0
62.9105 	0.134526 	0.0427558 	1.51854 	0
62.9807 	0.134526 	0.0427558 	1.51854 	0
63.0508 	0.134526 	0.0427558 	1.51854 	0
63.121 	0.134526 	0.0427558 	1.51854 	0
63.1911 	0.134526 	0.0427558 	1.51854 	0
63.2612 	0.134526 	0.0427558 	1.51854 	0
63.3314 	0.134526 	0.0427558 	1.51854 	0
63.4015 	0.134526 	0.0427558 	1.51854 	0
63.4716 	0.134526 	0.0427558 	1.51854 	0
63.5418 	0.143448 	0.0586676 	1.55328 	0
63.6119 	0.143448 	0.0586676 	1.55328 	0
63.682 	0.143448 	0.0586676 	1.55328 	0
63.7522 	0.143448 	0.0586676 	1.55328 	0
63.8223 	0.143448 	0.0586676 	1.55328 	0
63.8924 	0.143448 	0.0586676 	1.55328 	0
63.9626 	0.143448 	0.0586676 	1.55328 	0
64.0327 	0.143448 	0.0586676 	1.55328 	0
64.1028 	0.143448 	0.0586676 	1.55328 	0
64.173 	0.152951 	0.102322 	1.56786 	0
64.2431 	0.152951 	0.102322 	1.56786 	0
64.3132 	0.152951 	0.102322 	1.56786 	0
64.3834 	0.152951 	0.102322 	1.56786 	0
64.4535 	0.152951 	0.102322 	1.56786 	0
64.5236 	0.152951 	0.102322 	1.56786 	0
64.5938 	0.152951 	0.102322 	1.56786 	0
64.6639 	0.152951 	0.102322 	1.56786 	0
64.734 	0.152951 	0.102322 	1.56786 	0
64.8042 	0.15856 	0.133227 	1.59983 	0
64.8743 	0.15856 	0.133227 	1.59983 	0
64.9444 	0.15856 	0.133227 	1.59983 	0
65.0146 	0.15856 	0.133227 	1.59983 	0
65.0847 	0.15856 	0.133227 	1.59983 	0
65.1548 	0.15856 	0.133227 	1.59983 	0
65.225 	0.15856 	0.133227 	1.59983 	0
65.2951 	0.161486 	0.0828345 	1.66007 	0
65.3653 	0.161486 	0.0828345 	1.66007 	0
65.4354 	0.164285 	0.147175 	1.68513 	0
65.5055 	0.164285 	0.147175 	1.68513 	0
65.5757 	0.164285 	0.147175 	1.68513 	0
65.6458 	0.164285 	0.147175 	1.68513 	0
65.7159 	0.164285 	0.147175 	1.68513 	0
65.7861 	0.164285 	0.147175 	1.68513 	0
65.8562 	0.164285 	0.147175 	1.68513 	0
65.9263 	0.164285 	0.147175 	1.68513 	0
65.9965 	0.159448 	0.176237 	1.74987 	0
66.0666 	0.159448 	0.176237 	1.74987 	0
66.1367 	0.159448 	0.176237 	1.74987 	0
66.2069 	0.159448 	0.176237 	1.74987 	0
66.277 	0.159448 	0.176237 	1.74987 	0
66.3471 	0.159448 	0.176237 	1.74987 	0
66.4173 	0.159448 	0.176237 	1.74987 	0
66.4874 	0.159448 	0.176237 	1.74987 	0
66.5575 	0.159448 	0.176237 	1.74987 	0
66.6277 	0.145476 	0.242621 	1.78034 	0
66.6978 	0.145476 	0.242621 	1.78034 	0
66.7679 	0.145476 	0.242621 	1.78034 	0
66.8381 	0.145476 	0.242621 	1.78034 	0
66.9082 	0.145476 	0.242621 	1.78034 	0
66.9783 	0.145476 	0.242621 	1.78034 	0
67.0485 	0.145476 	0.242621 	1.78034 	0
67.1186 	0.145476 	0.242621 	1.78034 	0
67.1887 	0.145476 	0.242621 	1.78034 	0
67.2589 	0.121953 	0.274704 	1.85522 	0
67.329 	0.121953 	0.274704 	1.85522 	0
67.3991 	0.121953 	0.274704 	1.85522 	0
67.4693 	0.121953 	0.274704 	1.85522 	0
67.5394 	0.121953 	0.274704 	1.85522 	0
67.6096 	0.121953 	0.274704 	1.85522 	0
67.6797 	0.121953 	0.274704 	1.85522 	0
67.7498 	0.121953 	0.274704 	1.85522 	0
67.82 	0.121953 	0.274704 	1.85522 	0
67.8901 	0.0847152 	0.328 	1.88969 	0
67.9602 	0.0847152 	0.328 	1.88969 	0
68.0304 	0.0847152 	0.328 	1.88969 	0
68.1005 	0.0847152 	0.328 	1.88969 	0
68.1706 	0.0847152 	0.328 	1.88969 	0
68.2408 	0.0847152 	0.328 	1.88969 	0
68.3109 	0.0847152 	0.328 	1.88969 	0
68.381 	0.0847152 	0.328 	1.88969 	0
68.4512 	0.035103 	0.360222 	2.00279 	0
68.5213 	0.035103 	0.360222 	2.00279 	0
68.5914 	0.035103 	0.360222 	2.00279 	0
68.6616 	0.035103 	0.360222 	2.00279 	0
68.7317 	0.035103 	0.360222 	2.00279 	0
68.8018 	0.035103 	0.360222 	2.00279 	0
68.872 	0.035103 	0.360222 	2.00279 	0
68.9421 	0.035103 	0.360222 	2.00279 	0
69.0122 	0.035103 	0.360222 	2.00279 	0
