0.490941 	0.848649 	0.00612943 	3.00283 	0
0.561075 	0.848649 	0.00612943 	3.00283 	0
0.63121 	0.848649 	0.00612943 	3.00283 	0
0.701344 	0.848649 	0.00612943 	3.00283 	0
0.771478 	0.848649 	0.00612943 	3.00283 	0
0.841613 	0.848649 	0.00612943 	3.00283 	0
0.911747 	0.848649 	0.00612943 	3.00283 	0
0.981881 	0.848649 	0.00612943 	3.00283 	0
1.05202 	0.848649 	0.00612943 	3.00283 	0
1.12215 	0.848649 	0.00612943 	3.00283 	0
1.19228 	0.848649 	0.00612943 	3.00283 	0
1.26242 	0.822517 	0.0115248 	3.00795 	0
1.33255 	0.822517 	0.0115248 	3.00795 	0
1.40269 	0.822517 	0.0115248 	3.00795 	0
1.47282 	0.822517 	0.0115248 	3.00795 	0
1.54296 	0.822517 	0.0115248 	3.00795 	0
1.61309 	0.822517 	0.0115248 	3.00795 	0
1.68323 	0.822517 	0.0115248 	3.00795 	0
1.75336 	0.822517 	0.0115248 	3.00795 	0
1.82349 	0.772694 	0.014858 	3.0239 	2.9531e-19
1.89363 	0.772694 	0.014858 	3.0239 	2.9531e-19
1.96376 	0.772694 	0.014858 	3.0239 	2.9531e-19
2.0339 	0.772694 	0.014858 	3.0239 	2.9531e-19
2.10403 	0.772694 	0.014858 	3.0239 	2.9531e-19
2.17417 	0.772694 	0.014858 	3.0239 	2.9531e-19
2.2443 	0.772694 	0.014858 	3.0239 	2.9531e-19
2.31443 	0.772694 	0.014858 	3.0239 	2.9531e-19
2.38457 	0.772694 	0.014858 	3.0239 	2.9531e-19
2.4547 	0.772694 	0.014858 	3.0239 	2.9531e-19
2.52484 	0.772694 	0.014858 	3.0239 	2.9531e-19
2.59497 	0.738102 	0.00735907 	3.03687 	-4.61241e-19
2.66511 	0.738102 	0.00735907 	3.03687 	-4.61241e-19
2.73524 	0.738102 	0.00735907 	3.03687 	-4.61241e-19
2.80538 	0.738102 	0.00735907 	3.03687 	-4.61241e-19
2.87551 	0.738102 	0.00735907 	3.03687 	-4.61241e-19
2.94564 	0.738102 	0.00735907 	3.03687 	-4.61241e-19
3.01578 	0.738102 	0.00735907 	3.03687 	-4.61241e-19
3.08591 	0.738102 	0.00735907 	3.03687 	-4.61241e-19
3.15605 	0.738102 	0.00735907 	3.03687 	-4.61241e-19
3.22618 	0.738102 	0.00735907 	3.03687 	-4.61241e-19
3.29632 	0.705796 	0.0200239 	3.04342 	4.65542e-19
3.36645 	0.705796 	0.0200239 	3.04342 	4.65542e-19
3.43659 	0.705796 	0.0200239 	3.04342 	4.65542e-19
3.50672 	0.705796 	0.0200239 	3.04342 	4.65542e-19
3.57685 	0.705796 	0.0200239 	3.04342 	4.65542e-19
3.64699 	0.705796 	0.0200239 	3.04342 	4.65542e-19
3.71712 	0.705796 	0.0200239 	3.04342 	4.65542e-19
3.78726 	0.705796 	0.0200239 	3.04342 	4.65542e-19
3.85739 	0.705796 	0.0200239 	3.04342 	4.65542e-19
3.92753 	0.705796 	0.0200239 	3.04342 	4.65542e-19
3.99766 	0.705796 	0.0200239 	3.04342 	4.65542e-19
4.06779 	0.687558 	0.00373441 	3.05025 	-1.29572e-20
4.13793 	0.687558 	0.00373441 	3.05025 	-1.29572e-20
4.20806 	0.687558 	0.00373441 	3.05025 	-1.29572e-20
4.2782 	0.687558 	0.00373441 	3.05025 	-1.29572e-20
4.34833 	0.687558 	0.00373441 	3.05025 	-1.29572e-20
4.41847 	0.687558 	0.00373441 	3.05025 	-1.29572e-20
4.4886 	0.662528 	0.0164307 	3.05789 	0
4.55874 	0.662528 	0.0164307 	3.05789 	0
4.62887 	0.662528 	0.0164307 	3.05789 	0
4.699 	0.662528 	0.0164307 	3.05789 	0
4.76914 	0.662528 	0.0164307 	3.05789 	0
4.83927 	0.662528 	0.0164307 	3.05789 	0
4.90941 	0.662528 	0.0164307 	3.05789 	0
4.97954 	0.662528 	0.0164307 	3.05789 	0
5.04968 	0.662528 	0.0164307 	3.05789 	0
5.11981 	0.662528 	0.0164307 	3.05789 	0
5.18994 	0.640037 	0.00576474 	3.06481 	-5.99418e-21
5.26008 	0.640037 	0.00576474 	3.06481 	-5.99418e-21
5.33021 	0.640037 	0.00576474 	3.06481 	-5.99418e-21
5.40035 	0.640037 	0.00576474 	3.06481 	-5.99418e-21
5.47048 	0.640037 	0.00576474 	3.06481 	-5.99418e-21
5.54062 	0.640037 	0.00576474 	3.06481 	-5.99418e-21
5.61075 	0.640037 	0.00576474 	3.06481 	-5.99418e-21
5.68089 	0.611262 	0.0112758 	3.0747 	0
5.75102 	0.611262 	0.0112758 	3.0747 	0
5.82115 	0.611262 	0.0112758 	3.0747 	0
5.89129 	0.611262 	0.0112758 	3.0747 	0
5.96142 	0.611262 	0.0112758 	3.0747 	0
6.03156 	0.611262 	0.0112758 	3.0747 	0
6.10169 	0.611262 	0.0112758 	3.0747 	0
6.17183 	0.611262 	0.0112758 	3.0747 	0
6.24196 	0.611262 	0.0112758 	3.0747 	0
6.3121 	0.582663 	0.00705839 	3.08213 	0
6.38223 	0.582663 	0.00705839 	3.08213 	0
6.45236 	0.582663 	0.00705839 	3.08213 	0
6.5225 	0.582663 	0.00705839 	3.08213 	0
6.59263 	0.582663 	0.00705839 	3.08213 	0
6.66277 	0.582663 	0.00705839 	3.08213 	0
6.7329 	0.582663 	0.00705839 	3.08213 	0
6.80304 	0.582663 	0.00705839 	3.08213 	0
6.87317 	0.556076 	0.00619242 	3.09174 	1.89245e-19
6.9433 	0.556076 	0.00619242 	3.09174 	1.89245e-19
7.01344 	0.556076 	0.00619242 	3.09174 	1.89245e-19
7.08357 	0.556076 	0.00619242 	3.09174 	1.89245e-19
7.15371 	0.556076 	0.00619242 	3.09174 	1.89245e-19
7.22384 	0.556076 	0.00619242 	3.09174 	1.89245e-19
7.29398 	0.556076 	0.00619242 	3.09174 	1.89245e-19
7.36411 	0.556076 	0.00619242 	3.09174 	1.89245e-19
7.43425 	0.556076 	0.00619242 	3.09174 	1.89245e-19
7.50438 	0.525698 	0.00848272 	3.09983 	-1.38494e-18
7.57451 	0.525698 	0.00848272 	3.09983 	-1.38494e-18
7.64465 	0.525698 	0.00848272 	3.09983 	-1.38494e-18
7.71478 	0.525698 	0.00848272 	3.09983 	-1.38494e-18
7.78492 	0.525698 	0.00848272 	3.09983 	-1.38494e-18
7.85505 	0.525698 	0.00848272 	3.09983 	-1.38494e-18
7.92519 	0.525698 	0.00848272 	3.09983 	-1.38494e-18
7.99532 	0.525698 	0.00848272 	3.09983 	-1.38494e-18
8.06545 	0.505119 	0.00196215 	3.10493 	1.38793e-18
8.13559 	0.505119 	0.00196215 	3.10493 	1.38793e-18
8.20572 	0.505119 	0.00196215 	3.10493 	1.38793e-18
8.27586 	0.505119 	0.00196215 	3.10493 	1.38793e-18
8.34599 	0.505119 	0.00196215 	3.10493 	1.38793e-18
8.41613 	0.505119 	0.00196215 	3.10493 	1.38793e-18
8.48626 	0.505119 	0.00196215 	3.10493 	1.38793e-18
8.5564 	0.505119 	0.00196215 	3.10493 	1.38793e-18
8.62653 	0.505119 	0.00196215 	3.10493 	1.38793e-18
8.69666 	0.472705 	0.0110766 	3.11924 	1.08292e-18
8.7668 	0.472705 	0.0110766 	3.11924 	1.08292e-18
8.83693 	0.472705 	0.0110766 	3.11924 	1.08292e-18
8.90707 	0.472705 	0.0110766 	3.11924 	1.08292e-18
8.9772 	0.472705 	0.0110766 	3.11924 	1.08292e-18
9.04734 	0.472705 	0.0110766 	3.11924 	1.08292e-18
9.11747 	0.472705 	0.0110766 	3.11924 	1.08292e-18
9.18761 	0.472705 	0.0110766 	3.11924 	1.08292e-18
9.25774 	0.44153 	0.00493043 	3.11881 	-9.92441e-19
9.32787 	0.44153 	0.00493043 	3.11881 	-9.92441e-19
9.39801 	0.44153 	0.00493043 	3.11881 	-9.92441e-19
9.46814 	0.44153 	0.00493043 	3.11881 	-9.92441e-19
9.53828 	0.44153 	0.00493043 	3.11881 	-9.92441e-19
9.60841 	0.44153 	0.00493043 	3.11881 	-9.92441e-19
9.67855 	0.44153 	0.00493043 	3.11881 	-9.92441e-19
9.74868 	0.44153 	0.00493043 	3.11881 	-9.92441e-19
9.81881 	0.426628 	0.0183646 	3.12944 	-3.34363e-19
9.88895 	0.426628 	0.0183646 	3.12944 	-3.34363e-19
9.95908 	0.426628 	0.0183646 	3.12944 	-3.34363e-19
10.0292 	0.426628 	0.0183646 	3.12944 	-3.34363e-19
10.0994 	0.426628 	0.0183646 	3.12944 	-3.34363e-19
10.1695 	0.426628 	0.0183646 	3.12944 	-3.34363e-19
10.2396 	0.426628 	0.0183646 	3.12944 	-3.34363e-19
10.3098 	0.426628 	0.0183646 	3.12944 	-3.34363e-19
10.3799 	0.426628 	0.0183646 	3.12944 	-3.34363e-19
10.45 	0.426628 	0.0183646 	3.12944 	-3.34363e-19
10.5202 	0.426628 	0.0183646 	3.12944 	-3.34363e-19
10.5903 	0.426628 	0.0183646 	3.12944 	-3.34363e-19
10.6604 	0.447949 	0.0163802 	3.12545 	4.92142e-19
10.7306 	0.395553 	0.0368847 	3.13959 	0
10.8007 	0.395553 	0.0368847 	3.13959 	0
10.8708 	0.395553 	0.0368847 	3.13959 	0
10.941 	0.395553 	0.0368847 	3.13959 	0
11.0111 	0.395553 	0.0368847 	3.13959 	0
11.0812 	0.395553 	0.0368847 	3.13959 	0
11.1514 	0.395553 	0.0368847 	3.13959 	0
11.2215 	0.395553 	0.0368847 	3.13959 	0
11.2916 	0.395553 	0.0368847 	3.13959 	0
11.3618 	0.395553 	0.0368847 	3.13959 	0
11.4319 	0.395553 	0.0368847 	3.13959 	0
11.502 	0.395553 	0.0368847 	3.13959 	0
11.5722 	0.395553 	0.0368847 	3.13959 	0
11.6423 	0.395553 	0.0368847 	3.13959 	0
11.7124 	0.403892 	0.0238954 	3.12887 	0
11.7826 	0.342053 	0.0783252 	3.16107 	5.03445e-19
11.8527 	0.342053 	0.0783252 	3.16107 	5.03445e-19
11.9228 	0.342053 	0.0783252 	3.16107 	5.03445e-19
11.993 	0.342053 	0.0783252 	3.16107 	5.03445e-19
12.0631 	0.342053 	0.0783252 	3.16107 	5.03445e-19
12.1332 	0.342053 	0.0783252 	3.16107 	5.03445e-19
12.2034 	0.242665 	0.0708586 	3.18789 	-2.18513e-19
12.2735 	0.242665 	0.0708586 	3.18789 	-2.18513e-19
12.3437 	0.242665 	0.0708586 	3.18789 	-2.18513e-19
12.4138 	0.242665 	0.0708586 	3.18789 	-2.18513e-19
12.4839 	0.242665 	0.0708586 	3.18789 	-2.18513e-19
12.5541 	0.242665 	0.0708586 	3.18789 	-2.18513e-19
12.6242 	0.242665 	0.0708586 	3.18789 	-2.18513e-19
12.6943 	0.242665 	0.0708586 	3.18789 	-2.18513e-19
12.7645 	0.242665 	0.0708586 	3.18789 	-2.18513e-19
12.8346 	0.126511 	0.0373023 	3.1809 	1.19308e-19
12.9047 	0.111238 	0.139305 	3.22422 	-5.20669e-21
12.9749 	0.111238 	0.139305 	3.22422 	-5.20669e-21
13.045 	0.111238 	0.139305 	3.22422 	-5.20669e-21
13.1151 	0.111238 	0.139305 	3.22422 	-5.20669e-21
13.1853 	0.111238 	0.139305 	3.22422 	-5.20669e-21
13.2554 	0.111238 	0.139305 	3.22422 	-5.20669e-21
13.3255 	0.111238 	0.139305 	3.22422 	-5.20669e-21
13.3957 	0.339416 	0.144775 	3.19504 	8.29397e-19
13.4658 	0.339416 	0.144775 	3.19504 	8.29397e-19
13.5359 	0.339416 	0.144775 	3.19504 	8.29397e-19
13.6061 	0.339416 	0.144775 	3.19504 	8.29397e-19
13.6762 	0.339416 	0.144775 	3.19504 	8.29397e-19
13.7463 	0.339416 	0.144775 	3.19504 	8.29397e-19
13.8165 	0.418377 	0.119453 	2.86968 	-6.74597e-19
13.8866 	0.617734 	0.141019 	2.96396 	1.5352e-19
13.9567 	0.617734 	0.141019 	2.96396 	1.5352e-19
14.0269 	0.0353536 	0.250869 	3.03696 	-8.06256e-19
14.097 	0.0353536 	0.250869 	3.03696 	-8.06256e-19
14.1671 	0.0353536 	0.250869 	3.03696 	-8.06256e-19
14.2373 	0.0353536 	0.250869 	3.03696 	-8.06256e-19
14.3074 	0.0353536 	0.250869 	3.03696 	-8.06256e-19
14.3776 	0.0353536 	0.250869 	3.03696 	-8.06256e-19
14.4477 	0.0353536 	0.250869 	3.03696 	-8.06256e-19
14.5178 	0.0353536 	0.250869 	3.03696 	-8.06256e-19
14.588 	0.0353536 	0.250869 	3.03696 	-8.06256e-19
14.6581 	0.0353536 	0.250869 	3.03696 	-8.06256e-19
14.7282 	0.0353536 	0.250869 	3.03696 	-8.06256e-19
14.7984 	0.0353536 	0.250869 	3.03696 	-8.06256e-19
14.8685 	0.0353536 	0.250869 	3.03696 	-8.06256e-19
14.9386 	-0.142832 	0.344924 	3.19632 	0
15.0088 	-0.142832 	0.344924 	3.19632 	0
15.0789 	-0.142832 	0.344924 	3.19632 	0
15.149 	-0.142832 	0.344924 	3.19632 	0
15.2192 	-0.142832 	0.344924 	3.19632 	0
15.2893 	-0.653716 	0.344107 	3.42624 	-4.31219e-19
15.3594 	-0.653716 	0.344107 	3.42624 	-4.31219e-19
15.4296 	-0.653716 	0.344107 	3.42624 	-4.31219e-19
15.4997 	-0.653716 	0.344107 	3.42624 	-4.31219e-19
15.5698 	-0.653716 	0.344107 	3.42624 	-4.31219e-19
15.64 	-0.653716 	0.344107 	3.42624 	-4.31219e-19
15.7101 	-1.15349 	0.399185 	3.49756 	0
15.7802 	-1.15349 	0.399185 	3.49756 	0
15.8504 	-1.0516 	0.653273 	3.55751 	1.64039e-18
15.9205 	-1.0516 	0.653273 	3.55751 	1.64039e-18
15.9906 	-1.0516 	0.653273 	3.55751 	1.64039e-18
16.0608 	-1.0516 	0.653273 	3.55751 	1.64039e-18
16.1309 	-1.0516 	0.653273 	3.55751 	1.64039e-18
16.201 	-1.0516 	0.653273 	3.55751 	1.64039e-18
16.2712 	-1.0516 	0.653273 	3.55751 	1.64039e-18
16.3413 	-1.0516 	0.653273 	3.55751 	1.64039e-18
16.4114 	-1.0516 	0.653273 	3.55751 	1.64039e-18
16.4816 	-1.0516 	0.653273 	3.55751 	1.64039e-18
16.5517 	-1.0516 	0.653273 	3.55751 	1.64039e-18
16.6219 	-1.0516 	0.653273 	3.55751 	1.64039e-18
16.692 	-1.0516 	0.653273 	3.55751 	1.64039e-18
16.7621 	-1.0516 	0.653273 	3.55751 	1.64039e-18
16.8323 	-0.604511 	0.881016 	3.12306 	3.59148e-19
16.9024 	-0.604511 	0.881016 	3.12306 	3.59148e-19
16.9725 	-0.604511 	0.881016 	3.12306 	3.59148e-19
17.0427 	-0.604511 	0.881016 	3.12306 	3.59148e-19
17.1128 	-0.604511 	0.881016 	3.12306 	3.59148e-19
17.1829 	-0.604511 	0.881016 	3.12306 	3.59148e-19
17.2531 	-0.604511 	0.881016 	3.12306 	3.59148e-19
17.3232 	-0.604511 	0.881016 	3.12306 	3.59148e-19
17.3933 	-0.604511 	0.881016 	3.12306 	3.59148e-19
17.4635 	-0.604511 	0.881016 	3.12306 	3.59148e-19
17.5336 	-0.519904 	0.919174 	3.04016 	-4.04203e-19
17.6037 	-0.519904 	0.919174 	3.04016 	-4.04203e-19
17.6739 	-0.519904 	0.919174 	3.04016 	-4.04203e-19
17.744 	-0.61316 	1.04839 	3.17129 	4.62719e-19
17.8141 	-0.61316 	1.04839 	3.17129 	4.62719e-19
17.8843 	-0.61316 	1.04839 	3.17129 	4.62719e-19
17.9544 	-0.61316 	1.04839 	3.17129 	4.62719e-19
18.0245 	-0.61316 	1.04839 	3.17129 	4.62719e-19
18.0947 	-0.61316 	1.04839 	3.17129 	4.62719e-19
18.1648 	-0.61316 	1.04839 	3.17129 	4.62719e-19
18.2349 	-0.61316 	1.04839 	3.17129 	4.62719e-19
18.3051 	-0.61316 	1.04839 	3.17129 	4.62719e-19
18.3752 	-0.323803 	1.00952 	2.77713 	-3.51797e-19
18.4453 	-0.323803 	1.00952 	2.77713 	-3.51797e-19
18.5155 	-0.323803 	1.00952 	2.77713 	-3.51797e-19
18.5856 	-0.323803 	1.00952 	2.77713 	-3.51797e-19
18.6557 	-0.323803 	1.00952 	2.77713 	-3.51797e-19
18.7259 	-0.323803 	1.00952 	2.77713 	-3.51797e-19
18.796 	-0.323803 	1.00952 	2.77713 	-3.51797e-19
18.8662 	-0.251596 	1.04299 	2.83192 	2.65722e-19
18.9363 	-0.251596 	1.04299 	2.83192 	2.65722e-19
19.0064 	-0.251596 	1.04299 	2.83192 	2.65722e-19
19.0766 	-0.251596 	1.04299 	2.83192 	2.65722e-19
19.1467 	-0.251596 	1.04299 	2.83192 	2.65722e-19
19.2168 	-0.251596 	1.04299 	2.83192 	2.65722e-19
19.287 	-0.251596 	1.04299 	2.83192 	2.65722e-19
19.3571 	-0.251596 	1.04299 	2.83192 	2.65722e-19
19.4272 	-0.251596 	1.04299 	2.83192 	2.65722e-19
19.4974 	-0.251596 	1.04299 	2.83192 	2.65722e-19
19.5675 	-0.251596 	1.04299 	2.83192 	2.65722e-19
19.6376 	-0.251596 	1.04299 	2.83192 	2.65722e-19
19.7078 	-0.251596 	1.04299 	2.83192 	2.65722e-19
19.7779 	-0.104058 	0.994293 	2.46023 	-7.00177e-20
19.848 	-0.104058 	0.994293 	2.46023 	-7.00177e-20
19.9182 	-0.104058 	0.994293 	2.46023 	-7.00177e-20
19.9883 	-0.104058 	0.994293 	2.46023 	-7.00177e-20
20.0584 	-0.104058 	0.994293 	2.46023 	-7.00177e-20
20.1286 	-0.104058 	0.994293 	2.46023 	-7.00177e-20
20.1987 	-0.104058 	0.994293 	2.46023 	-7.00177e-20
20.2688 	-0.108834 	0.99651 	2.45576 	-1.41941e-19
20.339 	-0.108834 	0.99651 	2.45576 	-1.41941e-19
20.4091 	-0.108834 	0.99651 	2.45576 	-1.41941e-19
20.4792 	-0.108834 	0.99651 	2.45576 	-1.41941e-19
20.5494 	-0.108834 	0.99651 	2.45576 	-1.41941e-19
20.6195 	-0.108834 	0.99651 	2.45576 	-1.41941e-19
20.6896 	-0.108834 	0.99651 	2.45576 	-1.41941e-19
20.7598 	-0.108834 	0.99651 	2.45576 	-1.41941e-19
20.8299 	-0.108834 	0.99651 	2.45576 	-1.41941e-19
20.9 	-0.108834 	0.99651 	2.45576 	-1.41941e-19
20.9702 	-0.108834 	0.99651 	2.45576 	-1.41941e-19
21.0403 	-0.108834 	0.99651 	2.45576 	-1.41941e-19
21.1105 	-0.108834 	0.99651 	2.45576 	-1.41941e-19
21.1806 	-0.108834 	0.99651 	2.45576 	-1.41941e-19
21.2507 	-0.108834 	0.99651 	2.45576 	-1.41941e-19
21.3209 	-0.108834 	0.99651 	2.45576 	-1.41941e-19
21.391 	-0.108834 	0.99651 	2.45576 	-1.41941e-19
21.4611 	-0.0973355 	0.705756 	1.92306 	8.78618e-20
21.5313 	-0.0973355 	0.705756 	1.92306 	8.78618e-20
21.6014 	-0.0973355 	0.705756 	1.92306 	8.78618e-20
21.6715 	-0.204886 	0.61913 	1.43227 	1.87197e-19
21.7417 	-0.204886 	0.61913 	1.43227 	1.87197e-19
21.8118 	-0.204886 	0.61913 	1.43227 	1.87197e-19
21.8819 	-0.204886 	0.61913 	1.43227 	1.87197e-19
21.9521 	-0.204886 	0.61913 	1.43227 	1.87197e-19
22.0222 	-0.336464 	0.935253 	2.3645 	-2.68252e-19
22.0923 	-0.336464 	0.935253 	2.3645 	-2.68252e-19
22.1625 	-0.336464 	0.935253 	2.3645 	-2.68252e-19
22.2326 	-0.336464 	0.935253 	2.3645 	-2.68252e-19
22.3027 	-0.336464 	0.935253 	2.3645 	-2.68252e-19
22.3729 	-0.336464 	0.935253 	2.3645 	-2.68252e-19
22.443 	-0.336464 	0.935253 	2.3645 	-2.68252e-19
22.5131 	-0.336464 	0.935253 	2.3645 	-2.68252e-19
22.5833 	-0.336464 	0.935253 	2.3645 	-2.68252e-19
22.6534 	-0.336464 	0.935253 	2.3645 	-2.68252e-19
22.7235 	-0.336464 	0.935253 	2.3645 	-2.68252e-19
22.7937 	-0.336464 	0.935253 	2.3645 	-2.68252e-19
22.8638 	-0.336464 	0.935253 	2.3645 	-2.68252e-19
22.9339 	-0.336464 	0.935253 	2.3645 	-2.68252e-19
23.0041 	-0.336464 	0.935253 	2.3645 	-2.68252e-19
23.0742 	-0.336464 	0.935253 	2.3645 	-2.68252e-19
23.1443 	-0.336464 	0.935253 	2.3645 	-2.68252e-19
23.2145 	-0.336464 	0.935253 	2.3645 	-2.68252e-19
23.2846 	-0.336464 	0.935253 	2.3645 	-2.68252e-19
23.3548 	-0.336464 	0.935253 	2.3645 	-2.68252e-19
23.4249 	-0.336464 	0.935253 	2.3645 	-2.68252e-19
23.495 	-0.152599 	0.901749 	2.34041 	3.09199e-20
23.5652 	-0.152599 	0.901749 	2.34041 	3.09199e-20
23.6353 	-0.152599 	0.901749 	2.34041 	3.09199e-20
23.7054 	-0.152599 	0.901749 	2.34041 	3.09199e-20
23.7756 	-0.152599 	0.901749 	2.34041 	3.09199e-20
23.8457 	-0.152599 	0.901749 	2.34041 	3.09199e-20
23.9158 	-0.152599 	0.901749 	2.34041 	3.09199e-20
23.986 	-0.0231881 	0.843767 	2.22041 	-1.54133e-21
24.0561 	-0.0231881 	0.843767 	2.22041 	-1.54133e-21
24.1262 	-0.0231881 	0.843767 	2.22041 	-1.54133e-21
24.1964 	-0.0231881 	0.843767 	2.22041 	-1.54133e-21
24.2665 	-0.0231881 	0.843767 	2.22041 	-1.54133e-21
24.3366 	-0.0231881 	0.843767 	2.22041 	-1.54133e-21
24.4068 	-0.0231881 	0.843767 	2.22041 	-1.54133e-21
24.4769 	-0.0231881 	0.843767 	2.22041 	-1.54133e-21
24.547 	-0.0231881 	0.843767 	2.22041 	-1.54133e-21
24.6172 	-0.0231881 	0.843767 	2.22041 	-1.54133e-21
24.6873 	-0.0231881 	0.843767 	2.22041 	-1.54133e-21
24.7574 	-0.0231881 	0.843767 	2.22041 	-1.54133e-21
24.8276 	-0.0231881 	0.843767 	2.22041 	-1.54133e-21
24.8977 	-0.0231881 	0.843767 	2.22041 	-1.54133e-21
24.9678 	-0.0231881 	0.843767 	2.22041 	-1.54133e-21
25.038 	-0.0231881 	0.843767 	2.22041 	-1.54133e-21
25.1081 	-0.0231881 	0.843767 	2.22041 	-1.54133e-21
25.1782 	-0.075755 	0.496632 	1.37179 	0
25.2484 	-0.075755 	0.496632 	1.37179 	0
25.3185 	-0.075755 	0.496632 	1.37179 	0
25.3886 	-0.075755 	0.496632 	1.37179 	0
25.4588 	-0.075755 	0.496632 	1.37179 	0
25.5289 	-0.075755 	0.496632 	1.37179 	0
25.5991 	-0.075755 	0.496632 	1.37179 	0
25.6692 	-0.075755 	0.496632 	1.37179 	0
25.7393 	-0.075755 	0.496632 	1.37179 	0
25.8095 	-0.075755 	0.496632 	1.37179 	0
25.8796 	-0.075755 	0.496632 	1.37179 	0
25.9497 	-0.075755 	0.496632 	1.37179 	0
26.0199 	-0.075755 	0.496632 	1.37179 	0
26.09 	-0.075755 	0.496632 	1.37179 	0
26.1601 	-0.075755 	0.496632 	1.37179 	0
26.2303 	-0.170021 	0.491772 	1.38021 	3.9573e-19
26.3004 	-0.170021 	0.491772 	1.38021 	3.9573e-19
26.3705 	-0.170021 	0.491772 	1.38021 	3.9573e-19
26.4407 	-0.170021 	0.491772 	1.38021 	3.9573e-19
26.5108 	-0.170021 	0.491772 	1.38021 	3.9573e-19
26.5809 	-0.170021 	0.491772 	1.38021 	3.9573e-19
26.6511 	-0.170021 	0.491772 	1.38021 	3.9573e-19
26.7212 	-0.170021 	0.491772 	1.38021 	3.9573e-19
26.7913 	-0.170021 	0.491772 	1.38021 	3.9573e-19
26.8615 	-0.170021 	0.491772 	1.38021 	3.9573e-19
26.9316 	-0.170021 	0.491772 	1.38021 	3.9573e-19
27.0017 	-0.170021 	0.491772 	1.38021 	3.9573e-19
27.0719 	-0.170021 	0.491772 	1.38021 	3.9573e-19
27.142 	-0.170021 	0.491772 	1.38021 	3.9573e-19
27.2121 	-0.170021 	0.491772 	1.38021 	3.9573e-19
27.2823 	-0.170021 	0.491772 	1.38021 	3.9573e-19
27.3524 	-0.226216 	0.486363 	1.38575 	-4.24898e-19
27.4225 	-0.226216 	0.486363 	1.38575 	-4.24898e-19
27.4927 	-0.226216 	0.486363 	1.38575 	-4.24898e-19
27.5628 	-0.226216 	0.486363 	1.38575 	-4.24898e-19
27.6329 	-0.226216 	0.486363 	1.38575 	-4.24898e-19
27.7031 	-0.226216 	0.486363 	1.38575 	-4.24898e-19
27.7732 	-0.226216 	0.486363 	1.38575 	-4.24898e-19
27.8434 	-0.226216 	0.486363 	1.38575 	-4.24898e-19
27.9135 	-0.226216 	0.486363 	1.38575 	-4.24898e-19
27.9836 	-0.226216 	0.486363 	1.38575 	-4.24898e-19
28.0538 	-0.226216 	0.486363 	1.38575 	-4.24898e-19
28.1239 	-0.226216 	0.486363 	1.38575 	-4.24898e-19
28.194 	-0.226216 	0.486363 	1.38575 	-4.24898e-19
28.2642 	-0.226216 	0.486363 	1.38575 	-4.24898e-19
28.3343 	-0.226216 	0.486363 	1.38575 	-4.24898e-19
28.4044 	-0.226216 	0.486363 	1.38575 	-4.24898e-19
28.4746 	-0.226216 	0.486363 	1.38575 	-4.24898e-19
28.5447 	-0.226216 	0.486363 	1.38575 	-4.24898e-19
28.6148 	-0.226216 	0.486363 	1.38575 	-4.24898e-19
28.685 	-0.226216 	0.486363 	1.38575 	-4.24898e-19
28.7551 	-0.226216 	0.486363 	1.38575 	-4.24898e-19
28.8252 	-0.226216 	0.486363 	1.38575 	-4.24898e-19
28.8954 	-0.226216 	0.486363 	1.38575 	-4.24898e-19
28.9655 	-0.269417 	0.42582 	1.29245 	-2.48351e-20
29.0356 	-0.269417 	0.42582 	1.29245 	-2.48351e-20
29.1058 	-0.269417 	0.42582 	1.29245 	-2.48351e-20
29.1759 	-0.269417 	0.42582 	1.29245 	-2.48351e-20
29.246 	-0.269417 	0.42582 	1.29245 	-2.48351e-20
29.3162 	-0.269417 	0.42582 	1.29245 	-2.48351e-20
29.3863 	-0.269417 	0.42582 	1.29245 	-2.48351e-20
29.4564 	-0.269417 	0.42582 	1.29245 	-2.48351e-20
29.5266 	-0.269417 	0.42582 	1.29245 	-2.48351e-20
29.5967 	-0.269417 	0.42582 	1.29245 	-2.48351e-20
29.6668 	-0.269417 	0.42582 	1.29245 	-2.48351e-20
29.737 	-0.269417 	0.42582 	1.29245 	-2.48351e-20
29.8071 	-0.269417 	0.42582 	1.29245 	-2.48351e-20
29.8773 	-0.269417 	0.42582 	1.29245 	-2.48351e-20
29.9474 	-0.269417 	0.42582 	1.29245 	-2.48351e-20
30.0175 	-0.269417 	0.42582 	1.29245 	-2.48351e-20
30.0877 	-0.269417 	0.42582 	1.29245 	-2.48351e-20
30.1578 	-0.269417 	0.42582 	1.29245 	-2.48351e-20
30.2279 	-0.269417 	0.42582 	1.29245 	-2.48351e-20
30.2981 	-0.269417 	0.42582 	1.29245 	-2.48351e-20
30.3682 	-0.269417 	0.42582 	1.29245 	-2.48351e-20
30.4383 	-0.269417 	0.42582 	1.29245 	-2.48351e-20
30.5085 	-0.269417 	0.42582 	1.29245 	-2.48351e-20
30.5786 	-0.269417 	0.42582 	1.29245 	-2.48351e-20
30.6487 	-0.269417 	0.42582 	1.29245 	-2.48351e-20
30.7189 	-0.269417 	0.42582 	1.29245 	-2.48351e-20
30.789 	-0.272856 	0.359394 	1.27875 	6.27151e-19
30.8591 	-0.272856 	0.359394 	1.27875 	6.27151e-19
30.9293 	-0.272856 	0.359394 	1.27875 	6.27151e-19
30.9994 	-0.272856 	0.359394 	1.27875 	6.27151e-19
31.0695 	-0.272856 	0.359394 	1.27875 	6.27151e-19
31.1397 	-0.272856 	0.359394 	1.27875 	6.27151e-19
31.2098 	-0.272856 	0.359394 	1.27875 	6.27151e-19
31.2799 	-0.272856 	0.359394 	1.27875 	6.27151e-19
31.3501 	-0.272856 	0.359394 	1.27875 	6.27151e-19
31.4202 	-0.272856 	0.359394 	1.27875 	6.27151e-19
31.4903 	-0.272856 	0.359394 	1.27875 	6.27151e-19
31.5605 	-0.272856 	0.359394 	1.27875 	6.27151e-19
31.6306 	-0.272856 	0.359394 	1.27875 	6.27151e-19
31.7007 	-0.272856 	0.359394 	1.27875 	6.27151e-19
31.7709 	-0.272856 	0.359394 	1.27875 	6.27151e-19
31.841 	-0.272856 	0.359394 	1.27875 	6.27151e-19
31.9111 	-0.272856 	0.359394 	1.27875 	6.27151e-19
31.9813 	-0.272856 	0.359394 	1.27875 	6.27151e-19
32.0514 	-0.272856 	0.359394 	1.27875 	6.27151e-19
32.1216 	-0.272856 	0.359394 	1.27875 	6.27151e-19
32.1917 	-0.272856 	0.359394 	1.27875 	6.27151e-19
32.2618 	-0.272856 	0.359394 	1.27875 	6.27151e-19
32.332 	-0.272856 	0.359394 	1.27875 	6.27151e-19
32.4021 	-0.272856 	0.359394 	1.27875 	6.27151e-19
32.4722 	-0.272856 	0.359394 	1.27875 	6.27151e-19
32.5424 	-0.272856 	0.359394 	1.27875 	6.27151e-19
32.6125 	-0.272856 	0.359394 	1.27875 	6.27151e-19
32.6826 	-0.272856 	0.359394 	1.27875 	6.27151e-19
32.7528 	-0.272856 	0.359394 	1.27875 	6.27151e-19
32.8229 	-0.272856 	0.359394 	1.27875 	6.27151e-19
32.893 	-0.272856 	0.359394 	1.27875 	6.27151e-19
32.9632 	-0.272856 	0.359394 	1.27875 	6.27151e-19
33.0333 	-0.272856 	0.359394 	1.27875 	6.27151e-19
33.1034 	-0.272856 	0.359394 	1.27875 	6.27151e-19
33.1736 	-0.272856 	0.359394 	1.27875 	6.27151e-19
33.2437 	-0.272856 	0.359394 	1.27875 	6.27151e-19
33.3138 	-0.272856 	0.359394 	1.27875 	6.27151e-19
33.384 	-0.272856 	0.359394 	1.27875 	6.27151e-19
33.4541 	-0.272856 	0.359394 	1.27875 	6.27151e-19
33.5242 	-0.272856 	0.359394 	1.27875 	6.27151e-19
33.5944 	-0.272856 	0.359394 	1.27875 	6.27151e-19
33.6645 	-0.272856 	0.359394 	1.27875 	6.27151e-19
33.7346 	-0.30783 	0.358872 	1.35182 	-3.82688e-19
33.8048 	-0.30783 	0.358872 	1.35182 	-3.82688e-19
33.8749 	-0.30783 	0.358872 	1.35182 	-3.82688e-19
33.945 	-0.30783 	0.358872 	1.35182 	-3.82688e-19
34.0152 	-0.30783 	0.358872 	1.35182 	-3.82688e-19
34.0853 	-0.30783 	0.358872 	1.35182 	-3.82688e-19
34.1554 	-0.312743 	0.274464 	1.30148 	3.03296e-19
34.2256 	-0.312743 	0.274464 	1.30148 	3.03296e-19
34.2957 	-0.312743 	0.274464 	1.30148 	3.03296e-19
34.3659 	-0.312743 	0.274464 	1.30148 	3.03296e-19
34.436 	-0.312743 	0.274464 	1.30148 	3.03296e-19
34.5061 	-0.312743 	0.274464 	1.30148 	3.03296e-19
34.5763 	-0.312743 	0.274464 	1.30148 	3.03296e-19
34.6464 	-0.312743 	0.274464 	1.30148 	3.03296e-19
34.7165 	-0.106347 	0.251607 	1.61912 	-1.97985e-19
34.7867 	-0.106347 	0.251607 	1.61912 	-1.97985e-19
34.8568 	-0.106347 	0.251607 	1.61912 	-1.97985e-19
34.9269 	-0.106347 	0.251607 	1.61912 	-1.97985e-19
34.9971 	-0.106347 	0.251607 	1.61912 	-1.97985e-19
35.0672 	-0.106347 	0.251607 	1.61912 	-1.97985e-19
35.1373 	-0.106347 	0.251607 	1.61912 	-1.97985e-19
35.2075 	-0.106347 	0.251607 	1.61912 	-1.97985e-19
35.2776 	-0.106347 	0.251607 	1.61912 	-1.97985e-19
35.3477 	-0.106347 	0.251607 	1.61912 	-1.97985e-19
35.4179 	-0.106347 	0.251607 	1.61912 	-1.97985e-19
35.488 	-0.106347 	0.251607 	1.61912 	-1.97985e-19
35.5581 	-0.106347 	0.251607 	1.61912 	-1.97985e-19
35.6283 	-0.106347 	0.251607 	1.61912 	-1.97985e-19
35.6984 	-0.106347 	0.251607 	1.61912 	-1.97985e-19
35.7685 	-0.106347 	0.251607 	1.61912 	-1.97985e-19
35.8387 	-0.106347 	0.251607 	1.61912 	-1.97985e-19
35.9088 	-0.106347 	0.251607 	1.61912 	-1.97985e-19
35.9789 	-0.106347 	0.251607 	1.61912 	-1.97985e-19
36.0491 	-0.130447 	0.245765 	1.57983 	0
36.1192 	-0.130447 	0.245765 	1.57983 	0
36.1893 	-0.130447 	0.245765 	1.57983 	0
36.2595 	-0.130447 	0.245765 	1.57983 	0
36.3296 	-0.130447 	0.245765 	1.57983 	0
36.3997 	-0.130447 	0.245765 	1.57983 	0
36.4699 	-0.130447 	0.245765 	1.57983 	0
36.54 	-0.130447 	0.245765 	1.57983 	0
36.6102 	-0.130447 	0.245765 	1.57983 	0
36.6803 	-0.130447 	0.245765 	1.57983 	0
36.7504 	-0.130447 	0.245765 	1.57983 	0
36.8206 	-0.130447 	0.245765 	1.57983 	0
36.8907 	-0.259396 	0.181182 	1.44177 	-2.36478e-19
36.9608 	-0.259396 	0.181182 	1.44177 	-2.36478e-19
37.031 	-0.259396 	0.181182 	1.44177 	-2.36478e-19
37.1011 	-0.259396 	0.181182 	1.44177 	-2.36478e-19
37.1712 	-0.259396 	0.181182 	1.44177 	-2.36478e-19
37.2414 	-0.259396 	0.181182 	1.44177 	-2.36478e-19
37.3115 	-0.259396 	0.181182 	1.44177 	-2.36478e-19
37.3816 	-0.259396 	0.181182 	1.44177 	-2.36478e-19
37.4518 	-0.259396 	0.181182 	1.44177 	-2.36478e-19
37.5219 	-0.259396 	0.181182 	1.44177 	-2.36478e-19
37.592 	-0.259396 	0.181182 	1.44177 	-2.36478e-19
37.6622 	-0.259396 	0.181182 	1.44177 	-2.36478e-19
37.7323 	-0.259396 	0.181182 	1.44177 	-2.36478e-19
37.8024 	-0.259396 	0.181182 	1.44177 	-2.36478e-19
37.8726 	-0.259396 	0.181182 	1.44177 	-2.36478e-19
37.9427 	-0.259396 	0.181182 	1.44177 	-2.36478e-19
38.0128 	-0.259396 	0.181182 	1.44177 	-2.36478e-19
38.083 	-0.259396 	0.181182 	1.44177 	-2.36478e-19
38.1531 	-0.259396 	0.181182 	1.44177 	-2.36478e-19
38.2232 	-0.234863 	0.130538 	1.60467 	2.70964e-19
38.2934 	-0.234863 	0.130538 	1.60467 	2.70964e-19
38.3635 	-0.234863 	0.130538 	1.60467 	2.70964e-19
38.4336 	-0.234863 	0.130538 	1.60467 	2.70964e-19
38.5038 	-0.234863 	0.130538 	1.60467 	2.70964e-19
38.5739 	-0.234863 	0.130538 	1.60467 	2.70964e-19
38.644 	-0.234863 	0.130538 	1.60467 	2.70964e-19
38.7142 	-0.234863 	0.130538 	1.60467 	2.70964e-19
38.7843 	-0.234863 	0.130538 	1.60467 	2.70964e-19
38.8545 	-0.234863 	0.130538 	1.60467 	2.70964e-19
38.9246 	-0.234863 	0.130538 	1.60467 	2.70964e-19
38.9947 	-0.234863 	0.130538 	1.60467 	2.70964e-19
39.0649 	-0.234863 	0.130538 	1.60467 	2.70964e-19
39.135 	-0.234863 	0.130538 	1.60467 	2.70964e-19
39.2051 	-0.272961 	0.109435 	1.56782 	0
39.2753 	-0.272961 	0.109435 	1.56782 	0
39.3454 	-0.272961 	0.109435 	1.56782 	0
39.4155 	-0.272961 	0.109435 	1.56782 	0
39.4857 	-0.272961 	0.109435 	1.56782 	0
39.5558 	-0.272961 	0.109435 	1.56782 	0
39.6259 	-0.272961 	0.109435 	1.56782 	0
39.6961 	-0.272961 	0.109435 	1.56782 	0
39.7662 	-0.272961 	0.109435 	1.56782 	0
39.8363 	-0.272961 	0.109435 	1.56782 	0
39.9065 	-0.272961 	0.109435 	1.56782 	0
39.9766 	-0.272961 	0.109435 	1.56782 	0
40.0467 	-0.272961 	0.109435 	1.56782 	0
40.1169 	-0.272961 	0.109435 	1.56782 	0
40.187 	-0.272961 	0.109435 	1.56782 	0
40.2571 	-0.272961 	0.109435 	1.56782 	0
40.3273 	-0.272961 	0.109435 	1.56782 	0
40.3974 	-0.272961 	0.109435 	1.56782 	0
40.4675 	-0.272961 	0.109435 	1.56782 	0
40.5377 	-0.272961 	0.109435 	1.56782 	0
40.6078 	-0.272961 	0.109435 	1.56782 	0
40.6779 	-0.272062 	0.0994359 	1.49952 	1.5239e-19
40.7481 	-0.272062 	0.0994359 	1.49952 	1.5239e-19
40.8182 	-0.272062 	0.0994359 	1.49952 	1.5239e-19
40.8883 	-0.272062 	0.0994359 	1.49952 	1.5239e-19
40.9585 	-0.272062 	0.0994359 	1.49952 	1.5239e-19
41.0286 	-0.272062 	0.0994359 	1.49952 	1.5239e-19
41.0988 	-0.272062 	0.0994359 	1.49952 	1.5239e-19
41.1689 	-0.272062 	0.0994359 	1.49952 	1.5239e-19
41.239 	-0.261749 	0.0730331 	1.50289 	-2.82294e-19
41.3092 	-0.261749 	0.0730331 	1.50289 	-2.82294e-19
41.3793 	-0.261749 	0.0730331 	1.50289 	-2.82294e-19
41.4494 	-0.261749 	0.0730331 	1.50289 	-2.82294e-19
41.5196 	-0.261749 	0.0730331 	1.50289 	-2.82294e-19
41.5897 	-0.261749 	0.0730331 	1.50289 	-2.82294e-19
41.6598 	-0.261749 	0.0730331 	1.50289 	-2.82294e-19
41.73 	-0.261749 	0.0730331 	1.50289 	-2.82294e-19
41.8001 	-0.261749 	0.0730331 	1.50289 	-2.82294e-19
41.8702 	-0.261749 	0.0730331 	1.50289 	-2.82294e-19
41.9404 	-0.261749 	0.0730331 	1.50289 	-2.82294e-19
42.0105 	-0.261749 	0.0730331 	1.50289 	-2.82294e-19
42.0806 	-0.261749 	0.0730331 	1.50289 	-2.82294e-19
42.1508 	-0.261749 	0.0730331 	1.50289 	-2.82294e-19
42.2209 	-0.261749 	0.0730331 	1.50289 	-2.82294e-19
42.291 	-0.261749 	0.0730331 	1.50289 	-2.82294e-19
42.3612 	-0.261749 	0.0730331 	1.50289 	-2.82294e-19
42.4313 	-0.261749 	0.0730331 	1.50289 	-2.82294e-19
42.5014 	-0.261749 	0.0730331 	1.50289 	-2.82294e-19
42.5716 	-0.261749 	0.0730331 	1.50289 	-2.82294e-19
42.6417 	-0.261749 	0.0730331 	1.50289 	-2.82294e-19
42.7118 	-0.275919 	0.0870907 	1.48967 	0
42.782 	-0.275919 	0.0870907 	1.48967 	0
42.8521 	-0.275919 	0.0870907 	1.48967 	0
42.9222 	-0.275919 	0.0870907 	1.48967 	0
42.9924 	-0.256433 	0.0550034 	1.57931 	0
43.0625 	-0.256433 	0.0550034 	1.57931 	0
43.1327 	-0.256433 	0.0550034 	1.57931 	0
43.2028 	-0.256433 	0.0550034 	1.57931 	0
43.2729 	-0.256433 	0.0550034 	1.57931 	0
43.3431 	-0.256433 	0.0550034 	1.57931 	0
43.4132 	-0.256433 	0.0550034 	1.57931 	0
43.4833 	-0.256433 	0.0550034 	1.57931 	0
43.5535 	-0.256433 	0.0550034 	1.57931 	0
43.6236 	-0.256433 	0.0550034 	1.57931 	0
43.6937 	-0.256433 	0.0550034 	1.57931 	0
43.7639 	-0.256433 	0.0550034 	1.57931 	0
43.834 	-0.256433 	0.0550034 	1.57931 	0
43.9041 	-0.256433 	0.0550034 	1.57931 	0
43.9743 	-0.256433 	0.0550034 	1.57931 	0
44.0444 	-0.256433 	0.0550034 	1.57931 	0
44.1145 	-0.256433 	0.0550034 	1.57931 	0
44.1847 	-0.256433 	0.0550034 	1.57931 	0
44.2548 	-0.256433 	0.0550034 	1.57931 	0
44.3249 	-0.256433 	0.0550034 	1.57931 	0
44.3951 	-0.256433 	0.0550034 	1.57931 	0
44.4652 	-0.256433 	0.0550034 	1.57931 	0
44.5353 	-0.256433 	0.0550034 	1.57931 	0
44.6055 	-0.256433 	0.0550034 	1.57931 	0
44.6756 	-0.256433 	0.0550034 	1.57931 	0
44.7457 	-0.256433 	0.0550034 	1.57931 	0
44.8159 	-0.275798 	0.0642834 	1.63513 	0
44.886 	-0.275798 	0.0642834 	1.63513 	0
44.9561 	-0.275798 	0.0642834 	1.63513 	0
45.0263 	-0.275798 	0.0642834 	1.63513 	0
45.0964 	-0.275798 	0.0642834 	1.63513 	0
45.1665 	-0.275798 	0.0642834 	1.63513 	0
45.2367 	-0.275798 	0.0642834 	1.63513 	0
45.3068 	-0.275798 	0.0642834 	1.63513 	0
45.377 	-0.275798 	0.0642834 	1.63513 	0
45.4471 	-0.275798 	0.0642834 	1.63513 	0
45.5172 	-0.275798 	0.0642834 	1.63513 	0
45.5874 	-0.275798 	0.0642834 	1.63513 	0
45.6575 	-0.275798 	0.0642834 	1.63513 	0
45.7276 	-0.275798 	0.0642834 	1.63513 	0
45.7978 	-0.275798 	0.0642834 	1.63513 	0
45.8679 	-0.275798 	0.0642834 	1.63513 	0
45.938 	-0.275798 	0.0642834 	1.63513 	0
46.0082 	-0.275798 	0.0642834 	1.63513 	0
46.0783 	-0.275798 	0.0642834 	1.63513 	0
46.1484 	-0.275798 	0.0642834 	1.63513 	0
46.2186 	-0.275798 	0.0642834 	1.63513 	0
46.2887 	-0.275798 	0.0642834 	1.63513 	0
46.3588 	-0.275798 	0.0642834 	1.63513 	0
46.429 	-0.275798 	0.0642834 	1.63513 	0
46.4991 	-0.275798 	0.0642834 	1.63513 	0
46.5692 	-0.275798 	0.0642834 	1.63513 	0
46.6394 	-0.306786 	0.0890648 	1.64539 	-4.49028e-19
46.7095 	-0.306786 	0.0890648 	1.64539 	-4.49028e-19
46.7796 	-0.306786 	0.0890648 	1.64539 	-4.49028e-19
46.8498 	-0.306786 	0.0890648 	1.64539 	-4.49028e-19
46.9199 	-0.306786 	0.0890648 	1.64539 	-4.49028e-19
46.99 	-0.306786 	0.0890648 	1.64539 	-4.49028e-19
47.0602 	-0.306786 	0.0890648 	1.64539 	-4.49028e-19
47.1303 	-0.306786 	0.0890648 	1.64539 	-4.49028e-19
47.2004 	-0.306786 	0.0890648 	1.64539 	-4.49028e-19
47.2706 	-0.306786 	0.0890648 	1.64539 	-4.49028e-19
47.3407 	-0.306786 	0.0890648 	1.64539 	-4.49028e-19
47.4108 	-0.306786 	0.0890648 	1.64539 	-4.49028e-19
47.481 	-0.336992 	0.136617 	1.62558 	5.78501e-19
47.5511 	-0.336992 	0.136617 	1.62558 	5.78501e-19
47.6213 	-0.336992 	0.136617 	1.62558 	5.78501e-19
47.6914 	-0.336992 	0.136617 	1.62558 	5.78501e-19
47.7615 	-0.336992 	0.136617 	1.62558 	5.78501e-19
47.8317 	-0.336992 	0.136617 	1.62558 	5.78501e-19
47.9018 	-0.336992 	0.136617 	1.62558 	5.78501e-19
47.9719 	-0.336992 	0.136617 	1.62558 	5.78501e-19
48.0421 	-0.336992 	0.136617 	1.62558 	5.78501e-19
48.1122 	-0.336992 	0.136617 	1.62558 	5.78501e-19
48.1823 	-0.336992 	0.136617 	1.62558 	5.78501e-19
48.2525 	-0.336992 	0.136617 	1.62558 	5.78501e-19
48.3226 	-0.336992 	0.136617 	1.62558 	5.78501e-19
48.3927 	-0.336992 	0.136617 	1.62558 	5.78501e-19
48.4629 	-0.336992 	0.136617 	1.62558 	5.78501e-19
48.533 	-0.336992 	0.136617 	1.62558 	5.78501e-19
48.6031 	-0.336992 	0.136617 	1.62558 	5.78501e-19
48.6733 	-0.336992 	0.136617 	1.62558 	5.78501e-19
48.7434 	-0.364599 	0.20739 	1.60953 	0
48.8135 	-0.364599 	0.20739 	1.60953 	0
48.8837 	-0.364599 	0.20739 	1.60953 	0
48.9538 	-0.364599 	0.20739 	1.60953 	0
49.0239 	-0.364599 	0.20739 	1.60953 	0
49.0941 	-0.364599 	0.20739 	1.60953 	0
49.1642 	-0.364599 	0.20739 	1.60953 	0
49.2343 	-0.364599 	0.20739 	1.60953 	0
49.3045 	-0.364599 	0.20739 	1.60953 	0
49.3746 	-0.364599 	0.20739 	1.60953 	0
49.4447 	-0.364599 	0.20739 	1.60953 	0
49.5149 	-0.364599 	0.20739 	1.60953 	0
49.585 	-0.364599 	0.20739 	1.60953 	0
49.6551 	-0.364599 	0.20739 	1.60953 	0
49.7253 	-0.364599 	0.20739 	1.60953 	0
49.7954 	-0.364599 	0.20739 	1.60953 	0
49.8656 	-0.364599 	0.20739 	1.60953 	0
49.9357 	-0.364599 	0.20739 	1.60953 	0
50.0058 	-0.364599 	0.20739 	1.60953 	0
50.076 	-0.364599 	0.20739 	1.60953 	0
50.1461 	-0.364599 	0.20739 	1.60953 	0
50.2162 	-0.364599 	0.20739 	1.60953 	0
50.2864 	-0.364599 	0.20739 	1.60953 	0
50.3565 	-0.364599 	0.20739 	1.60953 	0
50.4266 	-0.364599 	0.20739 	1.60953 	0
50.4968 	-0.366128 	0.0440519 	2.09477 	3.43163e-19
50.5669 	-0.366128 	0.0440519 	2.09477 	3.43163e-19
50.637 	-0.366128 	0.0440519 	2.09477 	3.43163e-19
50.7072 	-0.366128 	0.0440519 	2.09477 	3.43163e-19
50.7773 	-0.366128 	0.0440519 	2.09477 	3.43163e-19
50.8474 	-0.366128 	0.0440519 	2.09477 	3.43163e-19
50.9176 	-0.366128 	0.0440519 	2.09477 	3.43163e-19
50.9877 	-0.432727 	0.0774381 	2.17226 	-2.25123e-19
51.0578 	-0.432727 	0.0774381 	2.17226 	-2.25123e-19
51.128 	-0.517947 	0.122698 	1.88053 	-1.7322e-19
51.1981 	-0.517947 	0.122698 	1.88053 	-1.7322e-19
51.2682 	-0.517947 	0.122698 	1.88053 	-1.7322e-19
51.3384 	-0.517947 	0.122698 	1.88053 	-1.7322e-19
51.4085 	-0.517947 	0.122698 	1.88053 	-1.7322e-19
51.4786 	-0.517947 	0.122698 	1.88053 	-1.7322e-19
51.5488 	-0.517947 	0.122698 	1.88053 	-1.7322e-19
51.6189 	-0.517947 	0.122698 	1.88053 	-1.7322e-19
51.689 	-0.517947 	0.122698 	1.88053 	-1.7322e-19
51.7592 	-0.517947 	0.122698 	1.88053 	-1.7322e-19
51.8293 	-0.517947 	0.122698 	1.88053 	-1.7322e-19
51.8994 	-0.517947 	0.122698 	1.88053 	-1.7322e-19
51.9696 	-0.517947 	0.122698 	1.88053 	-1.7322e-19
52.0397 	-0.517947 	0.122698 	1.88053 	-1.7322e-19
52.1099 	-0.517947 	0.122698 	1.88053 	-1.7322e-19
52.18 	-0.517947 	0.122698 	1.88053 	-1.7322e-19
52.2501 	-0.517947 	0.122698 	1.88053 	-1.7322e-19
52.3203 	-0.517947 	0.122698 	1.88053 	-1.7322e-19
52.3904 	-0.517947 	0.122698 	1.88053 	-1.7322e-19
52.4605 	-0.517947 	0.122698 	1.88053 	-1.7322e-19
52.5307 	-0.517947 	0.122698 	1.88053 	-1.7322e-19
52.6008 	-0.517947 	0.122698 	1.88053 	-1.7322e-19
52.6709 	-0.517947 	0.122698 	1.88053 	-1.7322e-19
52.7411 	-0.517947 	0.122698 	1.88053 	-1.7322e-19
52.8112 	-0.517947 	0.122698 	1.88053 	-1.7322e-19
52.8813 	-0.517947 	0.122698 	1.88053 	-1.7322e-19
52.9515 	-0.517947 	0.122698 	1.88053 	-1.7322e-19
53.0216 	-0.517947 	0.122698 	1.88053 	-1.7322e-19
53.0917 	-0.517947 	0.122698 	1.88053 	-1.7322e-19
53.1619 	-0.517947 	0.122698 	1.88053 	-1.7322e-19
53.232 	-0.517947 	0.122698 	1.88053 	-1.7322e-19
53.3021 	-0.517947 	0.122698 	1.88053 	-1.7322e-19
53.3723 	-0.517947 	0.122698 	1.88053 	-1.7322e-19
53.4424 	-0.482028 	-0.0738616 	2.15704 	-3.53466e-19
53.5125 	-0.482028 	-0.0738616 	2.15704 	-3.53466e-19
53.5827 	-0.482028 	-0.0738616 	2.15704 	-3.53466e-19
53.6528 	-0.482028 	-0.0738616 	2.15704 	-3.53466e-19
53.7229 	-0.482028 	-0.0738616 	2.15704 	-3.53466e-19
53.7931 	-0.482028 	-0.0738616 	2.15704 	-3.53466e-19
53.8632 	-0.482028 	-0.0738616 	2.15704 	-3.53466e-19
53.9333 	-0.482028 	-0.0738616 	2.15704 	-3.53466e-19
54.0035 	-0.482028 	-0.0738616 	2.15704 	-3.53466e-19
54.0736 	-0.482028 	-0.0738616 	2.15704 	-3.53466e-19
54.1437 	-0.482028 	-0.0738616 	2.15704 	-3.53466e-19
54.2139 	-0.482028 	-0.0738616 	2.15704 	-3.53466e-19
54.284 	-0.482028 	-0.0738616 	2.15704 	-3.53466e-19
54.3542 	-0.458011 	-0.148515 	2.11836 	4.21739e-19
54.4243 	-0.458011 	-0.148515 	2.11836 	4.21739e-19
54.4944 	-0.458011 	-0.148515 	2.11836 	4.21739e-19
54.5646 	-0.458011 	-0.148515 	2.11836 	4.21739e-19
54.6347 	-0.458011 	-0.148515 	2.11836 	4.21739e-19
54.7048 	-0.458011 	-0.148515 	2.11836 	4.21739e-19
54.775 	-0.458011 	-0.148515 	2.11836 	4.21739e-19
54.8451 	-0.458011 	-0.148515 	2.11836 	4.21739e-19
54.9152 	-0.458011 	-0.148515 	2.11836 	4.21739e-19
54.9854 	-0.458011 	-0.148515 	2.11836 	4.21739e-19
55.0555 	-0.458011 	-0.148515 	2.11836 	4.21739e-19
55.1256 	-0.459223 	-0.219813 	2.12483 	0
55.1958 	-0.459223 	-0.219813 	2.12483 	0
55.2659 	-0.459223 	-0.219813 	2.12483 	0
55.336 	-0.459223 	-0.219813 	2.12483 	0
55.4062 	-0.459223 	-0.219813 	2.12483 	0
55.4763 	-0.459223 	-0.219813 	2.12483 	0
55.5464 	-0.459223 	-0.219813 	2.12483 	0
55.6166 	-0.459223 	-0.219813 	2.12483 	0
55.6867 	-0.459223 	-0.219813 	2.12483 	0
55.7568 	-0.459223 	-0.219813 	2.12483 	0
55.827 	-0.459223 	-0.219813 	2.12483 	0
55.8971 	-0.459223 	-0.219813 	2.12483 	0
55.9672 	-0.459223 	-0.219813 	2.12483 	0
56.0374 	-0.459223 	-0.219813 	2.12483 	0
56.1075 	-0.459223 	-0.219813 	2.12483 	0
56.1776 	-0.459223 	-0.219813 	2.12483 	0
56.2478 	-0.459223 	-0.219813 	2.12483 	0
56.3179 	-0.459223 	-0.219813 	2.12483 	0
56.3881 	-0.433619 	-0.29352 	2.24419 	-1.11739e-19
56.4582 	-0.433619 	-0.29352 	2.24419 	-1.11739e-19
56.5283 	-0.433619 	-0.29352 	2.24419 	-1.11739e-19
56.5985 	-0.433619 	-0.29352 	2.24419 	-1.11739e-19
56.6686 	-0.433619 	-0.29352 	2.24419 	-1.11739e-19
56.7387 	-0.433619 	-0.29352 	2.24419 	-1.11739e-19
56.8089 	-0.433619 	-0.29352 	2.24419 	-1.11739e-19
56.879 	-0.433619 	-0.29352 	2.24419 	-1.11739e-19
56.9491 	-0.41436 	-0.332157 	2.24105 	2.21249e-19
57.0193 	-0.41436 	-0.332157 	2.24105 	2.21249e-19
57.0894 	-0.41436 	-0.332157 	2.24105 	2.21249e-19
57.1595 	-0.41436 	-0.332157 	2.24105 	2.21249e-19
57.2297 	-0.41436 	-0.332157 	2.24105 	2.21249e-19
57.2998 	-0.41436 	-0.332157 	2.24105 	2.21249e-19
57.3699 	-0.41436 	-0.332157 	2.24105 	2.21249e-19
57.4401 	-0.41436 	-0.332157 	2.24105 	2.21249e-19
57.5102 	-0.41436 	-0.332157 	2.24105 	2.21249e-19
57.5803 	-0.41436 	-0.332157 	2.24105 	2.21249e-19
57.6505 	-0.41436 	-0.332157 	2.24105 	2.21249e-19
57.7206 	-0.41436 	-0.332157 	2.24105 	2.21249e-19
57.7907 	-0.41436 	-0.332157 	2.24105 	2.21249e-19
57.8609 	-0.41436 	-0.332157 	2.24105 	2.21249e-19
57.931 	-0.41436 	-0.332157 	2.24105 	2.21249e-19
58.0011 	-0.41436 	-0.332157 	2.24105 	2.21249e-19
58.0713 	-0.41436 	-0.332157 	2.24105 	2.21249e-19
58.1414 	-0.41436 	-0.332157 	2.24105 	2.21249e-19
58.2115 	-0.41436 	-0.332157 	2.24105 	2.21249e-19
58.2817 	-0.41436 	-0.332157 	2.24105 	2.21249e-19
58.3518 	-0.41436 	-0.332157 	2.24105 	2.21249e-19
58.4219 	-0.41436 	-0.332157 	2.24105 	2.21249e-19
58.4921 	-0.41436 	-0.332157 	2.24105 	2.21249e-19
58.5622 	-0.347296 	-0.355319 	2.22328 	0
58.6324 	-0.347296 	-0.355319 	2.22328 	0
58.7025 	-0.347296 	-0.355319 	2.22328 	0
58.7726 	-0.347296 	-0.355319 	2.22328 	0
58.8428 	-0.347296 	-0.355319 	2.22328 	0
58.9129 	-0.276961 	-0.408055 	2.12589 	-1.12889e-19
58.983 	-0.276961 	-0.408055 	2.12589 	-1.12889e-19
59.0532 	-0.276961 	-0.408055 	2.12589 	-1.12889e-19
59.1233 	-0.276961 	-0.408055 	2.12589 	-1.12889e-19
59.1934 	-0.276961 	-0.408055 	2.12589 	-1.12889e-19
59.2636 	-0.276961 	-0.408055 	2.12589 	-1.12889e-19
59.3337 	-0.276961 	-0.408055 	2.12589 	-1.12889e-19
59.4038 	-0.276961 	-0.408055 	2.12589 	-1.12889e-19
59.474 	-0.276961 	-0.408055 	2.12589 	-1.12889e-19
59.5441 	-0.276961 	-0.408055 	2.12589 	-1.12889e-19
59.6142 	-0.276961 	-0.408055 	2.12589 	-1.12889e-19
59.6844 	-0.276961 	-0.408055 	2.12589 	-1.12889e-19
59.7545 	-0.276961 	-0.408055 	2.12589 	-1.12889e-19
59.8246 	-0.276961 	-0.408055 	2.12589 	-1.12889e-19
59.8948 	-0.276961 	-0.408055 	2.12589 	-1.12889e-19
59.9649 	-0.276961 	-0.408055 	2.12589 	-1.12889e-19
60.035 	-0.276961 	-0.408055 	2.12589 	-1.12889e-19
60.1052 	-0.276961 	-0.408055 	2.12589 	-1.12889e-19
60.1753 	-0.276961 	-0.408055 	2.12589 	-1.12889e-19
60.2454 	-0.276961 	-0.408055 	2.12589 	-1.12889e-19
60.3156 	-0.276961 	-0.408055 	2.12589 	-1.12889e-19
60.3857 	-0.276961 	-0.408055 	2.12589 	-1.12889e-19
60.4558 	-0.276961 	-0.408055 	2.12589 	-1.12889e-19
60.526 	-0.276961 	-0.408055 	2.12589 	-1.12889e-19
60.5961 	-0.276961 	-0.408055 	2.12589 	-1.12889e-19
60.6662 	-0.217969 	-0.401231 	1.96864 	-4.68946e-20
60.7364 	-0.217969 	-0.401231 	1.96864 	-4.68946e-20
60.8065 	-0.217969 	-0.401231 	1.96864 	-4.68946e-20
60.8767 	-0.217969 	-0.401231 	1.96864 	-4.68946e-20
60.9468 	-0.217969 	-0.401231 	1.96864 	-4.68946e-20
61.0169 	-0.217969 	-0.401231 	1.96864 	-4.68946e-20
61.0871 	-0.217969 	-0.401231 	1.96864 	-4.68946e-20
61.1572 	-0.217969 	-0.401231 	1.96864 	-4.68946e-20
61.2273 	-0.217969 	-0.401231 	1.96864 	-4.68946e-20
61.2975 	-0.217969 	-0.401231 	1.96864 	-4.68946e-20
61.3676 	-0.217969 	-0.401231 	1.96864 	-4.68946e-20
61.4377 	-0.217969 	-0.401231 	1.96864 	-4.68946e-20
61.5079 	-0.217969 	-0.401231 	1.96864 	-4.68946e-20
61.578 	-0.217969 	-0.401231 	1.96864 	-4.68946e-20
61.6481 	-0.138743 	-0.359279 	1.90322 	-1.95242e-19
61.7183 	-0.138743 	-0.359279 	1.90322 	-1.95242e-19
61.7884 	-0.0930194 	-0.351195 	1.87656 	-7.69669e-20
61.8585 	-0.0930194 	-0.351195 	1.87656 	-7.69669e-20
61.9287 	-0.0930194 	-0.351195 	1.87656 	-7.69669e-20
61.9988 	-0.0930194 	-0.351195 	1.87656 	-7.69669e-20
62.0689 	-0.0930194 	-0.351195 	1.87656 	-7.69669e-20
62.1391 	-0.0930194 	-0.351195 	1.87656 	-7.69669e-20
62.2092 	-0.0848707 	-0.257434 	2.04301 	0
62.2793 	-0.0848707 	-0.257434 	2.04301 	0
62.3495 	-0.0848707 	-0.257434 	2.04301 	0
62.4196 	-0.0848707 	-0.257434 	2.04301 	0
62.4897 	-0.0848707 	-0.257434 	2.04301 	0
62.5599 	-0.0848707 	-0.257434 	2.04301 	0
62.63 	-0.0848707 	-0.257434 	2.04301 	0
62.7001 	-0.0848707 	-0.257434 	2.04301 	0
62.7703 	-0.0848707 	-0.257434 	2.04301 	0
62.8404 	-0.0848707 	-0.257434 	2.04301 	0
62.9105 	-0.0848707 	-0.257434 	2.04301 	0
62.9807 	-0.0848707 	-0.257434 	2.04301 	0
63.0508 	-0.0848707 	-0.257434 	2.04301 	0
63.121 	-0.0848707 	-0.257434 	2.04301 	0
63.1911 	-0.0848707 	-0.257434 	2.04301 	0
63.2612 	-0.0848707 	-0.257434 	2.04301 	0
63.3314 	-0.0848707 	-0.257434 	2.04301 	0
63.4015 	-0.0848707 	-0.257434 	2.04301 	0
63.4716 	-0.0848707 	-0.257434 	2.04301 	0
63.5418 	-0.0848707 	-0.257434 	2.04301 	0
63.6119 	-0.0848707 	-0.257434 	2.04301 	0
63.682 	-0.0848707 	-0.257434 	2.04301 	0
63.7522 	-0.0848707 	-0.257434 	2.04301 	0
63.8223 	-0.0848707 	-0.257434 	2.04301 	0
63.8924 	-0.0848707 	-0.257434 	2.04301 	0
63.9626 	-0.0848707 	-0.257434 	2.04301 	0
64.0327 	-0.0848707 	-0.257434 	2.04301 	0
64.1028 	-0.0848707 	-0.257434 	2.04301 	0
64.173 	-0.0555665 	-0.252397 	2.01005 	6.19161e-21
64.2431 	-0.0555665 	-0.252397 	2.01005 	6.19161e-21
64.3132 	-0.0555665 	-0.252397 	2.01005 	6.19161e-21
64.3834 	-0.0555665 	-0.252397 	2.01005 	6.19161e-21
64.4535 	-0.0555665 	-0.252397 	2.01005 	6.19161e-21
64.5236 	-0.0555665 	-0.252397 	2.01005 	6.19161e-21
64.5938 	-0.0555665 	-0.252397 	2.01005 	6.19161e-21
64.6639 	-0.0555665 	-0.252397 	2.01005 	6.19161e-21
64.734 	-0.0555665 	-0.252397 	2.01005 	6.19161e-21
64.8042 	-0.0555665 	-0.252397 	2.01005 	6.19161e-21
64.8743 	0.00165843 	-0.213846 	1.96659 	0
64.9444 	0.00165843 	-0.213846 	1.96659 	0
65.0146 	0.00165843 	-0.213846 	1.96659 	0
65.0847 	0.00165843 	-0.213846 	1.96659 	0
65.1548 	0.00165843 	-0.213846 	1.96659 	0
65.225 	0.00165843 	-0.213846 	1.96659 	0
65.2951 	0.00165843 	-0.213846 	1.96659 	0
65.3653 	0.00165843 	-0.213846 	1.96659 	0
65.4354 	0.00165843 	-0.213846 	1.96659 	0
65.5055 	0.00165843 	-0.213846 	1.96659 	0
65.5757 	0.00165843 	-0.213846 	1.96659 	0
65.6458 	0.00165843 	-0.213846 	1.96659 	0
65.7159 	0.00165843 	-0.213846 	1.96659 	0
65.7861 	0.00165843 	-0.213846 	1.96659 	0
65.8562 	0.00165843 	-0.213846 	1.96659 	0
65.9263 	0.00165843 	-0.213846 	1.96659 	0
65.9965 	0.00165843 	-0.213846 	1.96659 	0
66.0666 	0.00165843 	-0.213846 	1.96659 	0
66.1367 	0.00165843 	-0.213846 	1.96659 	0
66.2069 	0.00165843 	-0.213846 	1.96659 	0
66.277 	0.00165843 	-0.213846 	1.96659 	0
66.3471 	0.00165843 	-0.213846 	1.96659 	0
66.4173 	0.00165843 	-0.213846 	1.96659 	0
66.4874 	0.00165843 	-0.213846 	1.96659 	0
66.5575 	0.00165843 	-0.213846 	1.96659 	0
66.6277 	0.00165843 	-0.213846 	1.96659 	0
66.6978 	0.00165843 	-0.213846 	1.96659 	0
66.7679 	0.00165843 	-0.213846 	1.96659 	0
66.8381 	0.00165843 	-0.213846 	1.96659 	0
66.9082 	0.00165843 	-0.213846 	1.96659 	0
66.9783 	0.00201044 	-0.184325 	1.86606 	0
67.0485 	0.00201044 	-0.184325 	1.86606 	0
67.1186 	0.00201044 	-0.184325 	1.86606 	0
67.1887 	0.00201044 	-0.184325 	1.86606 	0
67.2589 	0.00201044 	-0.184325 	1.86606 	0
67.329 	0.00201044 	-0.184325 	1.86606 	0
67.3991 	0.00149822 	-0.164714 	1.86399 	0
67.4693 	0.00149822 	-0.164714 	1.86399 	0
67.5394 	-0.00361023 	-0.117904 	1.89279 	0
67.6096 	-0.00361023 	-0.117904 	1.89279 	0
67.6797 	-0.00361023 	-0.117904 	1.89279 	0
67.7498 	-0.00361023 	-0.117904 	1.89279 	0
67.82 	-0.00361023 	-0.117904 	1.89279 	0
67.8901 	-0.00361023 	-0.117904 	1.89279 	0
67.9602 	-0.00361023 	-0.117904 	1.89279 	0
68.0304 	-0.00361023 	-0.117904 	1.89279 	0
68.1005 	-0.00361023 	-0.117904 	1.89279 	0
68.1706 	-0.00361023 	-0.117904 	1.89279 	0
68.2408 	-0.00361023 	-0.117904 	1.89279 	0
68.3109 	-0.00361023 	-0.117904 	1.89279 	0
68.381 	-0.00361023 	-0.117904 	1.89279 	0
68.4512 	-0.00361023 	-0.117904 	1.89279 	0
68.5213 	-0.00361023 	-0.117904 	1.89279 	0
68.5914 	-0.00361023 	-0.117904 	1.89279 	0
68.6616 	-0.00361023 	-0.117904 	1.89279 	0
68.7317 	-0.00361023 	-0.117904 	1.89279 	0
68.8018 	-0.00361023 	-0.117904 	1.89279 	0
68.872 	-0.00361023 	-0.117904 	1.89279 	0
68.9421 	-0.00361023 	-0.117904 	1.89279 	0
69.0122 	-0.00361023 	-0.117904 	1.89279 	0
