0.490941 	1.73228 	0.00547595 	3.00064 	-5.35129e-20
0.561075 	1.73228 	0.00547595 	3.00064 	-5.35129e-20
0.63121 	1.73228 	0.00547595 	3.00064 	-5.35129e-20
0.701344 	1.73228 	0.00547595 	3.00064 	-5.35129e-20
0.771478 	1.73228 	0.00547595 	3.00064 	-5.35129e-20
0.841613 	1.73228 	0.00547595 	3.00064 	-5.35129e-20
0.911747 	1.73228 	0.00547595 	3.00064 	-5.35129e-20
0.981881 	1.73228 	0.00547595 	3.00064 	-5.35129e-20
1.05202 	1.73228 	0.00547595 	3.00064 	-5.35129e-20
1.12215 	1.73228 	0.00547595 	3.00064 	-5.35129e-20
1.19228 	1.73228 	0.00547595 	3.00064 	-5.35129e-20
1.26242 	1.73228 	0.00547595 	3.00064 	-5.35129e-20
1.33255 	1.69288 	0.0144242 	3.01428 	-5.47937e-20
1.40269 	1.69288 	0.0144242 	3.01428 	-5.47937e-20
1.47282 	1.69288 	0.0144242 	3.01428 	-5.47937e-20
1.54296 	1.69288 	0.0144242 	3.01428 	-5.47937e-20
1.61309 	1.69288 	0.0144242 	3.01428 	-5.47937e-20
1.68323 	1.69288 	0.0144242 	3.01428 	-5.47937e-20
1.75336 	1.69288 	0.0144242 	3.01428 	-5.47937e-20
1.82349 	1.69288 	0.0144242 	3.01428 	-5.47937e-20
1.89363 	1.69288 	0.0144242 	3.01428 	-5.47937e-20
1.96376 	1.69288 	0.0144242 	3.01428 	-5.47937e-20
2.0339 	1.69288 	0.0144242 	3.01428 	-5.47937e-20
2.10403 	1.69288 	0.0144242 	3.01428 	-5.47937e-20
2.17417 	1.63213 	0.0138508 	3.03202 	1.14181e-19
2.2443 	1.63213 	0.0138508 	3.03202 	1.14181e-19
2.31443 	1.63213 	0.0138508 	3.03202 	1.14181e-19
2.38457 	1.63213 	0.0138508 	3.03202 	1.14181e-19
2.4547 	1.63213 	0.0138508 	3.03202 	1.14181e-19
2.52484 	1.63213 	0.0138508 	3.03202 	1.14181e-19
2.59497 	1.63213 	0.0138508 	3.03202 	1.14181e-19
2.66511 	1.63213 	0.0138508 	3.03202 	1.14181e-19
2.73524 	1.63213 	0.0138508 	3.03202 	1.14181e-19
2.80538 	1.63213 	0.0138508 	3.03202 	1.14181e-19
2.87551 	1.63213 	0.0138508 	3.03202 	1.14181e-19
2.94564 	1.63213 	0.0138508 	3.03202 	1.14181e-19
3.01578 	1.55817 	0.0167666 	3.05874 	-1.32691e-20
3.08591 	1.55817 	0.0167666 	3.05874 	-1.32691e-20
3.15605 	1.55817 	0.0167666 	3.05874 	-1.32691e-20
3.22618 	1.55817 	0.0167666 	3.05874 	-1.32691e-20
3.29632 	1.55817 	0.0167666 	3.05874 	-1.32691e-20
3.36645 	1.55817 	0.0167666 	3.05874 	-1.32691e-20
3.43659 	1.55817 	0.0167666 	3.05874 	-1.32691e-20
3.50672 	1.55817 	0.0167666 	3.05874 	-1.32691e-20
3.57685 	1.55817 	0.0167666 	3.05874 	-1.32691e-20
3.64699 	1.55817 	0.0167666 	3.05874 	-1.32691e-20
3.71712 	1.55817 	0.0167666 	3.05874 	-1.32691e-20
3.78726 	1.55097 	0.00712902 	3.05557 	2.59943e-20
3.85739 	1.47198 	-0.000764713 	3.08414 	-1.91591e-19
3.92753 	1.47198 	-0.000764713 	3.08414 	-1.91591e-19
3.99766 	1.47198 	-0.000764713 	3.08414 	-1.91591e-19
4.06779 	1.47198 	-0.000764713 	3.08414 	-1.91591e-19
4.13793 	1.47198 	-0.000764713 	3.08414 	-1.91591e-19
4.20806 	1.47198 	-0.000764713 	3.08414 	-1.91591e-19
4.2782 	1.47198 	-0.000764713 	3.08414 	-1.91591e-19
4.34833 	1.47198 	-0.000764713 	3.08414 	-1.91591e-19
4.41847 	1.47198 	-0.000764713 	3.08414 	-1.91591e-19
4.4886 	1.47198 	-0.000764713 	3.08414 	-1.91591e-19
4.55874 	1.47198 	-0.000764713 	3.08414 	-1.91591e-19
4.62887 	1.47198 	-0.000764713 	3.08414 	-1.91591e-19
4.699 	1.47198 	-0.000764713 	3.08414 	-1.91591e-19
4.76914 	1.3933 	0.00557394 	3.10669 	3.72829e-19
4.83927 	1.3933 	0.00557394 	3.10669 	3.72829e-19
4.90941 	1.3933 	0.00557394 	3.10669 	3.72829e-19
4.97954 	1.3933 	0.00557394 	3.10669 	3.72829e-19
5.04968 	1.3933 	0.00557394 	3.10669 	3.72829e-19
5.11981 	1.3933 	0.00557394 	3.10669 	3.72829e-19
5.18994 	1.3933 	0.00557394 	3.10669 	3.72829e-19
5.26008 	1.3933 	0.00557394 	3.10669 	3.72829e-19
5.33021 	1.3933 	0.00557394 	3.10669 	3.72829e-19
5.40035 	1.3933 	0.00557394 	3.10669 	3.72829e-19
5.47048 	1.3933 	0.00557394 	3.10669 	3.72829e-19
5.54062 	1.3933 	0.00557394 	3.10669 	3.72829e-19
5.61075 	1.31872 	-0.00209584 	3.13353 	-1.81011e-19
5.68089 	1.31872 	-0.00209584 	3.13353 	-1.81011e-19
5.75102 	1.31872 	-0.00209584 	3.13353 	-1.81011e-19
5.82115 	1.31872 	-0.00209584 	3.13353 	-1.81011e-19
5.89129 	1.31872 	-0.00209584 	3.13353 	-1.81011e-19
5.96142 	1.31872 	-0.00209584 	3.13353 	-1.81011e-19
6.03156 	1.31872 	-0.00209584 	3.13353 	-1.81011e-19
6.10169 	1.31872 	-0.00209584 	3.13353 	-1.81011e-19
6.17183 	1.31872 	-0.00209584 	3.13353 	-1.81011e-19
6.24196 	1.31872 	-0.00209584 	3.13353 	-1.81011e-19
6.3121 	1.31872 	-0.00209584 	3.13353 	-1.81011e-19
6.38223 	1.31872 	-0.00209584 	3.13353 	-1.81011e-19
6.45236 	1.24754 	0.00527754 	3.15329 	0
6.5225 	1.24754 	0.00527754 	3.15329 	0
6.59263 	1.24754 	0.00527754 	3.15329 	0
6.66277 	1.24754 	0.00527754 	3.15329 	0
6.7329 	1.24754 	0.00527754 	3.15329 	0
6.80304 	1.24754 	0.00527754 	3.15329 	0
6.87317 	1.24754 	0.00527754 	3.15329 	0
6.9433 	1.24754 	0.00527754 	3.15329 	0
7.01344 	1.24754 	0.00527754 	3.15329 	0
7.08357 	1.24754 	0.00527754 	3.15329 	0
7.15371 	1.24754 	0.00527754 	3.15329 	0
7.22384 	1.24754 	0.00527754 	3.15329 	0
7.29398 	1.17959 	-0.0013469 	3.17778 	0
7.36411 	1.17959 	-0.0013469 	3.17778 	0
7.43425 	1.17959 	-0.0013469 	3.17778 	0
7.50438 	1.17959 	-0.0013469 	3.17778 	0
7.57451 	1.17959 	-0.0013469 	3.17778 	0
7.64465 	1.17959 	-0.0013469 	3.17778 	0
7.71478 	1.17959 	-0.0013469 	3.17778 	0
7.78492 	1.17959 	-0.0013469 	3.17778 	0
7.85505 	1.17959 	-0.0013469 	3.17778 	0
7.92519 	1.17959 	-0.0013469 	3.17778 	0
7.99532 	1.17959 	-0.0013469 	3.17778 	0
8.06545 	1.17959 	-0.0013469 	3.17778 	0
8.13559 	1.17959 	-0.0013469 	3.17778 	0
8.20572 	1.11242 	0.00751708 	3.19596 	3.66141e-22
8.27586 	1.11242 	0.00751708 	3.19596 	3.66141e-22
8.34599 	1.11242 	0.00751708 	3.19596 	3.66141e-22
8.41613 	1.11242 	0.00751708 	3.19596 	3.66141e-22
8.48626 	1.11242 	0.00751708 	3.19596 	3.66141e-22
8.5564 	1.11242 	0.00751708 	3.19596 	3.66141e-22
8.62653 	1.11242 	0.00751708 	3.19596 	3.66141e-22
8.69666 	1.11242 	0.00751708 	3.19596 	3.66141e-22
8.7668 	1.11242 	0.00751708 	3.19596 	3.66141e-22
8.83693 	1.11242 	0.00751708 	3.19596 	3.66141e-22
8.90707 	1.11242 	0.00751708 	3.19596 	3.66141e-22
8.9772 	1.11242 	0.00751708 	3.19596 	3.66141e-22
9.04734 	1.04592 	0.00322916 	3.21974 	2.70246e-19
9.11747 	1.04592 	0.00322916 	3.21974 	2.70246e-19
9.18761 	1.04592 	0.00322916 	3.21974 	2.70246e-19
9.25774 	1.04592 	0.00322916 	3.21974 	2.70246e-19
9.32787 	1.04592 	0.00322916 	3.21974 	2.70246e-19
9.39801 	1.04592 	0.00322916 	3.21974 	2.70246e-19
9.46814 	1.04592 	0.00322916 	3.21974 	2.70246e-19
9.53828 	1.04592 	0.00322916 	3.21974 	2.70246e-19
9.60841 	1.04592 	0.00322916 	3.21974 	2.70246e-19
9.67855 	1.04592 	0.00322916 	3.21974 	2.70246e-19
9.74868 	1.04592 	0.00322916 	3.21974 	2.70246e-19
9.81881 	1.04592 	0.00322916 	3.21974 	2.70246e-19
9.88895 	1.04592 	0.00322916 	3.21974 	2.70246e-19
9.95908 	0.978602 	0.0168238 	3.23772 	-2.06486e-21
10.0292 	0.978602 	0.0168238 	3.23772 	-2.06486e-21
10.0994 	0.978602 	0.0168238 	3.23772 	-2.06486e-21
10.1695 	0.978602 	0.0168238 	3.23772 	-2.06486e-21
10.2396 	0.978602 	0.0168238 	3.23772 	-2.06486e-21
10.3098 	0.978602 	0.0168238 	3.23772 	-2.06486e-21
10.3799 	0.978602 	0.0168238 	3.23772 	-2.06486e-21
10.45 	0.978602 	0.0168238 	3.23772 	-2.06486e-21
10.5202 	0.978602 	0.0168238 	3.23772 	-2.06486e-21
10.5903 	0.978602 	0.0168238 	3.23772 	-2.06486e-21
10.6604 	0.978602 	0.0168238 	3.23772 	-2.06486e-21
10.7306 	0.978602 	0.0168238 	3.23772 	-2.06486e-21
10.8007 	0.910713 	0.0221423 	3.26157 	-2.65975e-19
10.8708 	0.910713 	0.0221423 	3.26157 	-2.65975e-19
10.941 	0.910713 	0.0221423 	3.26157 	-2.65975e-19
11.0111 	0.910713 	0.0221423 	3.26157 	-2.65975e-19
11.0812 	0.910713 	0.0221423 	3.26157 	-2.65975e-19
11.1514 	0.910713 	0.0221423 	3.26157 	-2.65975e-19
11.2215 	0.910713 	0.0221423 	3.26157 	-2.65975e-19
11.2916 	0.910713 	0.0221423 	3.26157 	-2.65975e-19
11.3618 	0.910713 	0.0221423 	3.26157 	-2.65975e-19
11.4319 	0.910713 	0.0221423 	3.26157 	-2.65975e-19
11.502 	0.910713 	0.0221423 	3.26157 	-2.65975e-19
11.5722 	0.910713 	0.0221423 	3.26157 	-2.65975e-19
11.6423 	0.910713 	0.0221423 	3.26157 	-2.65975e-19
11.7124 	0.837698 	0.0524011 	3.28157 	-4.10553e-19
11.7826 	0.837698 	0.0524011 	3.28157 	-4.10553e-19
11.8527 	0.837698 	0.0524011 	3.28157 	-4.10553e-19
11.9228 	0.837698 	0.0524011 	3.28157 	-4.10553e-19
11.993 	0.837698 	0.0524011 	3.28157 	-4.10553e-19
12.0631 	0.837698 	0.0524011 	3.28157 	-4.10553e-19
12.1332 	0.837698 	0.0524011 	3.28157 	-4.10553e-19
12.2034 	0.837698 	0.0524011 	3.28157 	-4.10553e-19
12.2735 	0.837698 	0.0524011 	3.28157 	-4.10553e-19
12.3437 	0.837698 	0.0524011 	3.28157 	-4.10553e-19
12.4138 	0.837698 	0.0524011 	3.28157 	-4.10553e-19
12.4839 	0.837698 	0.0524011 	3.28157 	-4.10553e-19
12.5541 	0.837698 	0.0524011 	3.28157 	-4.10553e-19
12.6242 	0.755879 	0.0776261 	3.30765 	7.89266e-19
12.6943 	0.755879 	0.0776261 	3.30765 	7.89266e-19
12.7645 	0.755879 	0.0776261 	3.30765 	7.89266e-19
12.8346 	0.755879 	0.0776261 	3.30765 	7.89266e-19
12.9047 	0.755879 	0.0776261 	3.30765 	7.89266e-19
12.9749 	0.755879 	0.0776261 	3.30765 	7.89266e-19
13.045 	0.755879 	0.0776261 	3.30765 	7.89266e-19
13.1151 	0.755879 	0.0776261 	3.30765 	7.89266e-19
13.1853 	0.755879 	0.0776261 	3.30765 	7.89266e-19
13.2554 	0.755879 	0.0776261 	3.30765 	7.89266e-19
13.3255 	0.755879 	0.0776261 	3.30765 	7.89266e-19
13.3957 	0.755879 	0.0776261 	3.30765 	7.89266e-19
13.4658 	0.755879 	0.0776261 	3.30765 	7.89266e-19
13.5359 	0.651456 	0.151618 	3.34209 	-3.80388e-19
13.6061 	0.651456 	0.151618 	3.34209 	-3.80388e-19
13.6762 	0.651456 	0.151618 	3.34209 	-3.80388e-19
13.7463 	0.651456 	0.151618 	3.34209 	-3.80388e-19
13.8165 	0.651456 	0.151618 	3.34209 	-3.80388e-19
13.8866 	0.651456 	0.151618 	3.34209 	-3.80388e-19
13.9567 	0.651456 	0.151618 	3.34209 	-3.80388e-19
14.0269 	0.651456 	0.151618 	3.34209 	-3.80388e-19
14.097 	0.651456 	0.151618 	3.34209 	-3.80388e-19
14.1671 	0.651456 	0.151618 	3.34209 	-3.80388e-19
14.2373 	0.651456 	0.151618 	3.34209 	-3.80388e-19
14.3074 	0.651456 	0.151618 	3.34209 	-3.80388e-19
14.3776 	0.553372 	0.175709 	3.36163 	0
14.4477 	0.351859 	0.174299 	3.41985 	3.52668e-19
14.5178 	0.351859 	0.174299 	3.41985 	3.52668e-19
14.588 	0.351859 	0.174299 	3.41985 	3.52668e-19
14.6581 	0.351859 	0.174299 	3.41985 	3.52668e-19
14.7282 	0.351859 	0.174299 	3.41985 	3.52668e-19
14.7984 	0.351859 	0.174299 	3.41985 	3.52668e-19
14.8685 	0.378427 	0.199078 	3.41032 	-7.10988e-19
14.9386 	0.378427 	0.199078 	3.41032 	-7.10988e-19
15.0088 	0.378427 	0.199078 	3.41032 	-7.10988e-19
15.0789 	0.378427 	0.199078 	3.41032 	-7.10988e-19
15.149 	0.378427 	0.199078 	3.41032 	-7.10988e-19
15.2192 	0.14065 	0.26351 	3.47693 	3.4048e-19
15.2893 	0.14065 	0.26351 	3.47693 	3.4048e-19
15.3594 	0.14065 	0.26351 	3.47693 	3.4048e-19
15.4296 	0.2693 	0.33298 	3.4322 	4.99094e-20
15.4997 	0.2693 	0.33298 	3.4322 	4.99094e-20
15.5698 	0.2693 	0.33298 	3.4322 	4.99094e-20
15.64 	0.2693 	0.33298 	3.4322 	4.99094e-20
15.7101 	0.2693 	0.33298 	3.4322 	4.99094e-20
15.7802 	0.2693 	0.33298 	3.4322 	4.99094e-20
15.8504 	0.2693 	0.33298 	3.4322 	4.99094e-20
15.9205 	0.0148385 	0.336634 	3.53162 	9.18944e-20
15.9906 	0.0148385 	0.336634 	3.53162 	9.18944e-20
16.0608 	0.0148385 	0.336634 	3.53162 	9.18944e-20
16.1309 	0.226844 	0.422142 	3.44336 	2.03744e-19
16.201 	0.226844 	0.422142 	3.44336 	2.03744e-19
16.2712 	0.226844 	0.422142 	3.44336 	2.03744e-19
16.3413 	0.226844 	0.422142 	3.44336 	2.03744e-19
16.4114 	0.226844 	0.422142 	3.44336 	2.03744e-19
16.4816 	0.226844 	0.422142 	3.44336 	2.03744e-19
16.5517 	0.226844 	0.422142 	3.44336 	2.03744e-19
16.6219 	0.0427408 	0.52134 	3.51991 	0
16.692 	0.0427408 	0.52134 	3.51991 	0
16.7621 	0.0427408 	0.52134 	3.51991 	0
16.8323 	0.0427408 	0.52134 	3.51991 	0
16.9024 	0.0427408 	0.52134 	3.51991 	0
16.9725 	0.27357 	0.529176 	3.4236 	1.90947e-19
17.0427 	0.27357 	0.529176 	3.4236 	1.90947e-19
17.1128 	0.27357 	0.529176 	3.4236 	1.90947e-19
17.1829 	0.27357 	0.529176 	3.4236 	1.90947e-19
17.2531 	0.122767 	0.612759 	3.47524 	1.35682e-19
17.3232 	0.122767 	0.612759 	3.47524 	1.35682e-19
17.3933 	0.122767 	0.612759 	3.47524 	1.35682e-19
17.4635 	0.122767 	0.612759 	3.47524 	1.35682e-19
17.5336 	0.122767 	0.612759 	3.47524 	1.35682e-19
17.6037 	0.122767 	0.612759 	3.47524 	1.35682e-19
17.6739 	0.122767 	0.612759 	3.47524 	1.35682e-19
17.744 	0.122767 	0.612759 	3.47524 	1.35682e-19
17.8141 	0.122767 	0.612759 	3.47524 	1.35682e-19
17.8843 	0.122767 	0.612759 	3.47524 	1.35682e-19
17.9544 	0.199641 	0.628598 	3.39541 	0
18.0245 	0.199641 	0.628598 	3.39541 	0
18.0947 	0.199641 	0.628598 	3.39541 	0
18.1648 	0.199641 	0.628598 	3.39541 	0
18.2349 	0.199641 	0.628598 	3.39541 	0
18.3051 	0.199641 	0.628598 	3.39541 	0
18.3752 	0.199641 	0.628598 	3.39541 	0
18.4453 	0.199641 	0.628598 	3.39541 	0
18.5155 	0.199641 	0.628598 	3.39541 	0
18.5856 	0.106403 	0.719029 	3.43753 	0
18.6557 	0.106403 	0.719029 	3.43753 	0
18.7259 	0.106403 	0.719029 	3.43753 	0
18.796 	0.106403 	0.719029 	3.43753 	0
18.8662 	0.106403 	0.719029 	3.43753 	0
18.9363 	0.106403 	0.719029 	3.43753 	0
19.0064 	0.106403 	0.719029 	3.43753 	0
19.0766 	0.106403 	0.719029 	3.43753 	0
19.1467 	0.106403 	0.719029 	3.43753 	0
19.2168 	0.057034 	0.765472 	3.41908 	3.07272e-20
19.287 	0.283844 	0.692364 	3.21778 	-5.42857e-20
19.3571 	0.283844 	0.692364 	3.21778 	-5.42857e-20
19.4272 	0.283844 	0.692364 	3.21778 	-5.42857e-20
19.4974 	0.283844 	0.692364 	3.21778 	-5.42857e-20
19.5675 	0.283844 	0.692364 	3.21778 	-5.42857e-20
19.6376 	0.283844 	0.692364 	3.21778 	-5.42857e-20
19.7078 	0.283844 	0.692364 	3.21778 	-5.42857e-20
19.7779 	0.283844 	0.692364 	3.21778 	-5.42857e-20
19.848 	0.283844 	0.692364 	3.21778 	-5.42857e-20
19.9182 	0.231139 	0.752534 	3.2897 	-2.10365e-19
19.9883 	0.231139 	0.752534 	3.2897 	-2.10365e-19
20.0584 	0.231139 	0.752534 	3.2897 	-2.10365e-19
20.1286 	0.231139 	0.752534 	3.2897 	-2.10365e-19
20.1987 	0.231139 	0.752534 	3.2897 	-2.10365e-19
20.2688 	0.231139 	0.752534 	3.2897 	-2.10365e-19
20.339 	0.231139 	0.752534 	3.2897 	-2.10365e-19
20.4091 	0.231139 	0.752534 	3.2897 	-2.10365e-19
20.4792 	0.231139 	0.752534 	3.2897 	-2.10365e-19
20.5494 	0.231139 	0.752534 	3.2897 	-2.10365e-19
20.6195 	0.17103 	0.805493 	3.3216 	1.49358e-20
20.6896 	0.17103 	0.805493 	3.3216 	1.49358e-20
20.7598 	0.17103 	0.805493 	3.3216 	1.49358e-20
20.8299 	0.17103 	0.805493 	3.3216 	1.49358e-20
20.9 	0.254051 	0.698828 	2.7656 	-2.92944e-19
20.9702 	0.254051 	0.698828 	2.7656 	-2.92944e-19
21.0403 	0.254051 	0.698828 	2.7656 	-2.92944e-19
21.1105 	0.254051 	0.698828 	2.7656 	-2.92944e-19
21.1806 	0.254051 	0.698828 	2.7656 	-2.92944e-19
21.2507 	0.254051 	0.698828 	2.7656 	-2.92944e-19
21.3209 	0.213218 	0.750279 	2.95047 	0
21.391 	0.213218 	0.750279 	2.95047 	0
21.4611 	0.213218 	0.750279 	2.95047 	0
21.5313 	0.213218 	0.750279 	2.95047 	0
21.6014 	0.213218 	0.750279 	2.95047 	0
21.6715 	0.213218 	0.750279 	2.95047 	0
21.7417 	0.213218 	0.750279 	2.95047 	0
21.8118 	0.213218 	0.750279 	2.95047 	0
21.8819 	0.213218 	0.750279 	2.95047 	0
21.9521 	0.213218 	0.750279 	2.95047 	0
22.0222 	0.213218 	0.750279 	2.95047 	0
22.0923 	0.170825 	0.800067 	3.07333 	-1.10574e-19
22.1625 	0.170825 	0.800067 	3.07333 	-1.10574e-19
22.2326 	0.170825 	0.800067 	3.07333 	-1.10574e-19
22.3027 	0.170825 	0.800067 	3.07333 	-1.10574e-19
22.3729 	0.170825 	0.800067 	3.07333 	-1.10574e-19
22.443 	0.170825 	0.800067 	3.07333 	-1.10574e-19
22.5131 	0.170825 	0.800067 	3.07333 	-1.10574e-19
22.5833 	0.170825 	0.800067 	3.07333 	-1.10574e-19
22.6534 	0.170825 	0.800067 	3.07333 	-1.10574e-19
22.7235 	0.170825 	0.800067 	3.07333 	-1.10574e-19
22.7937 	0.170825 	0.800067 	3.07333 	-1.10574e-19
22.8638 	0.119949 	0.841081 	3.14326 	1.73118e-19
22.9339 	0.119949 	0.841081 	3.14326 	1.73118e-19
23.0041 	0.119949 	0.841081 	3.14326 	1.73118e-19
23.0742 	0.131271 	0.683653 	2.26182 	7.14459e-20
23.1443 	0.131271 	0.683653 	2.26182 	7.14459e-20
23.2145 	0.131271 	0.683653 	2.26182 	7.14459e-20
23.2846 	0.131271 	0.683653 	2.26182 	7.14459e-20
23.3548 	0.131271 	0.683653 	2.26182 	7.14459e-20
23.4249 	0.131271 	0.683653 	2.26182 	7.14459e-20
23.495 	0.131271 	0.683653 	2.26182 	7.14459e-20
23.5652 	0.131271 	0.683653 	2.26182 	7.14459e-20
23.6353 	0.131271 	0.683653 	2.26182 	7.14459e-20
23.7054 	0.083566 	0.728093 	2.43958 	-3.29336e-21
23.7756 	0.083566 	0.728093 	2.43958 	-3.29336e-21
23.8457 	0.083566 	0.728093 	2.43958 	-3.29336e-21
23.9158 	0.083566 	0.728093 	2.43958 	-3.29336e-21
23.986 	0.083566 	0.728093 	2.43958 	-3.29336e-21
24.0561 	0.083566 	0.728093 	2.43958 	-3.29336e-21
24.1262 	0.083566 	0.728093 	2.43958 	-3.29336e-21
24.1964 	0.083566 	0.728093 	2.43958 	-3.29336e-21
24.2665 	0.083566 	0.728093 	2.43958 	-3.29336e-21
24.3366 	0.083566 	0.728093 	2.43958 	-3.29336e-21
24.4068 	0.083566 	0.728093 	2.43958 	-3.29336e-21
24.4769 	0.083566 	0.728093 	2.43958 	-3.29336e-21
24.547 	0.083566 	0.728093 	2.43958 	-3.29336e-21
24.6172 	0.0394849 	0.766642 	2.59558 	4.82024e-20
24.6873 	0.0394849 	0.766642 	2.59558 	4.82024e-20
24.7574 	0.0394849 	0.766642 	2.59558 	4.82024e-20
24.8276 	0.0394849 	0.766642 	2.59558 	4.82024e-20
24.8977 	0.0394849 	0.766642 	2.59558 	4.82024e-20
24.9678 	0.0394849 	0.766642 	2.59558 	4.82024e-20
25.038 	0.0394849 	0.766642 	2.59558 	4.82024e-20
25.1081 	0.0394849 	0.766642 	2.59558 	4.82024e-20
25.1782 	0.0394849 	0.766642 	2.59558 	4.82024e-20
25.2484 	0.0394849 	0.766642 	2.59558 	4.82024e-20
25.3185 	0.0394849 	0.766642 	2.59558 	4.82024e-20
25.3886 	0.0394849 	0.766642 	2.59558 	4.82024e-20
25.4588 	-0.00209358 	0.806932 	2.71473 	-4.62336e-21
25.5289 	-0.00209358 	0.806932 	2.71473 	-4.62336e-21
25.5991 	-0.00209358 	0.806932 	2.71473 	-4.62336e-21
25.6692 	-0.00209358 	0.806932 	2.71473 	-4.62336e-21
25.7393 	-0.00209358 	0.806932 	2.71473 	-4.62336e-21
25.8095 	-0.00209358 	0.806932 	2.71473 	-4.62336e-21
25.8796 	-0.00209358 	0.806932 	2.71473 	-4.62336e-21
25.9497 	-0.00209358 	0.806932 	2.71473 	-4.62336e-21
26.0199 	-0.00209358 	0.806932 	2.71473 	-4.62336e-21
26.09 	-0.00171605 	0.609483 	1.76158 	-1.23002e-20
26.1601 	-0.00171605 	0.609483 	1.76158 	-1.23002e-20
26.2303 	-0.00171605 	0.609483 	1.76158 	-1.23002e-20
26.3004 	-0.00171605 	0.609483 	1.76158 	-1.23002e-20
26.3705 	-0.00171605 	0.609483 	1.76158 	-1.23002e-20
26.4407 	-0.0463625 	0.623543 	1.84377 	-1.96879e-20
26.5108 	-0.0463625 	0.623543 	1.84377 	-1.96879e-20
26.5809 	-0.0463625 	0.623543 	1.84377 	-1.96879e-20
26.6511 	-0.0463625 	0.623543 	1.84377 	-1.96879e-20
26.7212 	-0.0463625 	0.623543 	1.84377 	-1.96879e-20
26.7913 	-0.0463625 	0.623543 	1.84377 	-1.96879e-20
26.8615 	-0.0463625 	0.623543 	1.84377 	-1.96879e-20
26.9316 	-0.0463625 	0.623543 	1.84377 	-1.96879e-20
27.0017 	-0.0463625 	0.623543 	1.84377 	-1.96879e-20
27.0719 	-0.0463625 	0.623543 	1.84377 	-1.96879e-20
27.142 	-0.0463625 	0.623543 	1.84377 	-1.96879e-20
27.2121 	-0.0463625 	0.623543 	1.84377 	-1.96879e-20
27.2823 	-0.0463625 	0.623543 	1.84377 	-1.96879e-20
27.3524 	-0.0894416 	0.63394 	1.91007 	0
27.4225 	-0.0894416 	0.63394 	1.91007 	0
27.4927 	-0.0894416 	0.63394 	1.91007 	0
27.5628 	-0.0894416 	0.63394 	1.91007 	0
27.6329 	-0.0894416 	0.63394 	1.91007 	0
27.7031 	-0.0894416 	0.63394 	1.91007 	0
27.7732 	-0.0894416 	0.63394 	1.91007 	0
27.8434 	-0.0894416 	0.63394 	1.91007 	0
27.9135 	-0.0894416 	0.63394 	1.91007 	0
27.9836 	-0.0894416 	0.63394 	1.91007 	0
28.0538 	-0.0894416 	0.63394 	1.91007 	0
28.1239 	-0.0894416 	0.63394 	1.91007 	0
28.194 	-0.0894416 	0.63394 	1.91007 	0
28.2642 	-0.0894416 	0.63394 	1.91007 	0
28.3343 	-0.0894416 	0.63394 	1.91007 	0
28.4044 	-0.129021 	0.640524 	1.96758 	0
28.4746 	-0.129021 	0.640524 	1.96758 	0
28.5447 	-0.129021 	0.640524 	1.96758 	0
28.6148 	-0.129021 	0.640524 	1.96758 	0
28.685 	-0.129021 	0.640524 	1.96758 	0
28.7551 	-0.129021 	0.640524 	1.96758 	0
28.8252 	-0.129021 	0.640524 	1.96758 	0
28.8954 	-0.129021 	0.640524 	1.96758 	0
28.9655 	-0.129021 	0.640524 	1.96758 	0
29.0356 	-0.129021 	0.640524 	1.96758 	0
29.1058 	-0.129021 	0.640524 	1.96758 	0
29.1759 	-0.129021 	0.640524 	1.96758 	0
29.246 	-0.129021 	0.640524 	1.96758 	0
29.3162 	-0.129021 	0.640524 	1.96758 	0
29.3863 	-0.129021 	0.640524 	1.96758 	0
29.4564 	-0.163589 	0.639328 	1.98988 	-7.50546e-20
29.5266 	-0.163589 	0.639328 	1.98988 	-7.50546e-20
29.5967 	-0.163589 	0.639328 	1.98988 	-7.50546e-20
29.6668 	-0.163589 	0.639328 	1.98988 	-7.50546e-20
29.737 	-0.163589 	0.639328 	1.98988 	-7.50546e-20
29.8071 	-0.163589 	0.639328 	1.98988 	-7.50546e-20
29.8773 	-0.163589 	0.639328 	1.98988 	-7.50546e-20
29.9474 	-0.163589 	0.639328 	1.98988 	-7.50546e-20
30.0175 	-0.163589 	0.639328 	1.98988 	-7.50546e-20
30.0877 	-0.163589 	0.639328 	1.98988 	-7.50546e-20
30.1578 	-0.163589 	0.639328 	1.98988 	-7.50546e-20
30.2279 	-0.163589 	0.639328 	1.98988 	-7.50546e-20
30.2981 	-0.163589 	0.639328 	1.98988 	-7.50546e-20
30.3682 	-0.163589 	0.639328 	1.98988 	-7.50546e-20
30.4383 	-0.163589 	0.639328 	1.98988 	-7.50546e-20
30.5085 	-0.163589 	0.639328 	1.98988 	-7.50546e-20
30.5786 	-0.192111 	0.629619 	1.98723 	-4.55652e-21
30.6487 	-0.192111 	0.629619 	1.98723 	-4.55652e-21
30.7189 	-0.192111 	0.629619 	1.98723 	-4.55652e-21
30.789 	-0.192111 	0.629619 	1.98723 	-4.55652e-21
30.8591 	-0.192111 	0.629619 	1.98723 	-4.55652e-21
30.9293 	-0.192111 	0.629619 	1.98723 	-4.55652e-21
30.9994 	-0.192111 	0.629619 	1.98723 	-4.55652e-21
31.0695 	-0.192111 	0.629619 	1.98723 	-4.55652e-21
31.1397 	-0.192111 	0.629619 	1.98723 	-4.55652e-21
31.2098 	-0.192111 	0.629619 	1.98723 	-4.55652e-21
31.2799 	-0.192111 	0.629619 	1.98723 	-4.55652e-21
31.3501 	-0.192111 	0.629619 	1.98723 	-4.55652e-21
31.4202 	-0.192111 	0.629619 	1.98723 	-4.55652e-21
31.4903 	-0.192111 	0.629619 	1.98723 	-4.55652e-21
31.5605 	-0.239226 	0.517306 	1.64358 	-1.48489e-19
31.6306 	-0.239226 	0.517306 	1.64358 	-1.48489e-19
31.7007 	-0.250904 	0.502792 	1.6492 	9.24461e-20
31.7709 	-0.250904 	0.502792 	1.6492 	9.24461e-20
31.841 	-0.250904 	0.502792 	1.6492 	9.24461e-20
31.9111 	-0.250904 	0.502792 	1.6492 	9.24461e-20
31.9813 	-0.250904 	0.502792 	1.6492 	9.24461e-20
32.0514 	-0.250904 	0.502792 	1.6492 	9.24461e-20
32.1216 	-0.250904 	0.502792 	1.6492 	9.24461e-20
32.1917 	-0.250904 	0.502792 	1.6492 	9.24461e-20
32.2618 	-0.250904 	0.502792 	1.6492 	9.24461e-20
32.332 	-0.250904 	0.502792 	1.6492 	9.24461e-20
32.4021 	-0.250904 	0.502792 	1.6492 	9.24461e-20
32.4722 	-0.250904 	0.502792 	1.6492 	9.24461e-20
32.5424 	-0.250904 	0.502792 	1.6492 	9.24461e-20
32.6125 	-0.250904 	0.502792 	1.6492 	9.24461e-20
32.6826 	-0.250904 	0.502792 	1.6492 	9.24461e-20
32.7528 	-0.250904 	0.502792 	1.6492 	9.24461e-20
32.8229 	-0.250904 	0.502792 	1.6492 	9.24461e-20
32.893 	-0.250904 	0.502792 	1.6492 	9.24461e-20
32.9632 	-0.245846 	0.481217 	1.64205 	2.48871e-20
33.0333 	-0.245846 	0.481217 	1.64205 	2.48871e-20
33.1034 	-0.245846 	0.481217 	1.64205 	2.48871e-20
33.1736 	-0.245846 	0.481217 	1.64205 	2.48871e-20
33.2437 	-0.245846 	0.481217 	1.64205 	2.48871e-20
33.3138 	-0.245846 	0.481217 	1.64205 	2.48871e-20
33.384 	-0.245846 	0.481217 	1.64205 	2.48871e-20
33.4541 	-0.245846 	0.481217 	1.64205 	2.48871e-20
33.5242 	-0.245846 	0.481217 	1.64205 	2.48871e-20
33.5944 	-0.245846 	0.481217 	1.64205 	2.48871e-20
33.6645 	-0.245846 	0.481217 	1.64205 	2.48871e-20
33.7346 	-0.245846 	0.481217 	1.64205 	2.48871e-20
33.8048 	-0.245846 	0.481217 	1.64205 	2.48871e-20
33.8749 	-0.245846 	0.481217 	1.64205 	2.48871e-20
33.945 	-0.245846 	0.481217 	1.64205 	2.48871e-20
34.0152 	-0.245846 	0.481217 	1.64205 	2.48871e-20
34.0853 	-0.245846 	0.481217 	1.64205 	2.48871e-20
34.1554 	-0.245846 	0.481217 	1.64205 	2.48871e-20
34.2256 	-0.219139 	0.455992 	1.62227 	-1.64033e-20
34.2957 	-0.219139 	0.455992 	1.62227 	-1.64033e-20
34.3659 	-0.219139 	0.455992 	1.62227 	-1.64033e-20
34.436 	-0.219139 	0.455992 	1.62227 	-1.64033e-20
34.5061 	-0.219139 	0.455992 	1.62227 	-1.64033e-20
34.5763 	-0.219139 	0.455992 	1.62227 	-1.64033e-20
34.6464 	-0.219139 	0.455992 	1.62227 	-1.64033e-20
34.7165 	-0.219139 	0.455992 	1.62227 	-1.64033e-20
34.7867 	-0.219139 	0.455992 	1.62227 	-1.64033e-20
34.8568 	-0.219139 	0.455992 	1.62227 	-1.64033e-20
34.9269 	-0.219139 	0.455992 	1.62227 	-1.64033e-20
34.9971 	-0.219139 	0.455992 	1.62227 	-1.64033e-20
35.0672 	-0.219139 	0.455992 	1.62227 	-1.64033e-20
35.1373 	-0.219139 	0.455992 	1.62227 	-1.64033e-20
35.2075 	-0.219139 	0.455992 	1.62227 	-1.64033e-20
35.2776 	-0.219139 	0.455992 	1.62227 	-1.64033e-20
35.3477 	-0.219139 	0.455992 	1.62227 	-1.64033e-20
35.4179 	-0.219139 	0.455992 	1.62227 	-1.64033e-20
35.488 	-0.219139 	0.455992 	1.62227 	-1.64033e-20
35.5581 	-0.219139 	0.455992 	1.62227 	-1.64033e-20
35.6283 	-0.172852 	0.412348 	1.59231 	-4.40041e-21
35.6984 	-0.172852 	0.412348 	1.59231 	-4.40041e-21
35.7685 	-0.172852 	0.412348 	1.59231 	-4.40041e-21
35.8387 	-0.172852 	0.412348 	1.59231 	-4.40041e-21
35.9088 	-0.172852 	0.412348 	1.59231 	-4.40041e-21
35.9789 	-0.172852 	0.412348 	1.59231 	-4.40041e-21
36.0491 	-0.172852 	0.412348 	1.59231 	-4.40041e-21
36.1192 	-0.172852 	0.412348 	1.59231 	-4.40041e-21
36.1893 	-0.172852 	0.412348 	1.59231 	-4.40041e-21
36.2595 	-0.172852 	0.412348 	1.59231 	-4.40041e-21
36.3296 	-0.172852 	0.412348 	1.59231 	-4.40041e-21
36.3997 	-0.172852 	0.412348 	1.59231 	-4.40041e-21
36.4699 	-0.172852 	0.412348 	1.59231 	-4.40041e-21
36.54 	-0.172852 	0.412348 	1.59231 	-4.40041e-21
36.6102 	-0.172852 	0.412348 	1.59231 	-4.40041e-21
36.6803 	-0.172852 	0.412348 	1.59231 	-4.40041e-21
36.7504 	-0.172852 	0.412348 	1.59231 	-4.40041e-21
36.8206 	-0.172852 	0.412348 	1.59231 	-4.40041e-21
36.8907 	-0.172852 	0.412348 	1.59231 	-4.40041e-21
36.9608 	-0.172852 	0.412348 	1.59231 	-4.40041e-21
37.031 	-0.172852 	0.412348 	1.59231 	-4.40041e-21
37.1011 	-0.132227 	0.353082 	1.56435 	0
37.1712 	-0.132227 	0.353082 	1.56435 	0
37.2414 	-0.132227 	0.353082 	1.56435 	0
37.3115 	-0.132227 	0.353082 	1.56435 	0
37.3816 	-0.132227 	0.353082 	1.56435 	0
37.4518 	-0.132227 	0.353082 	1.56435 	0
37.5219 	-0.132227 	0.353082 	1.56435 	0
37.592 	-0.132227 	0.353082 	1.56435 	0
37.6622 	-0.132227 	0.353082 	1.56435 	0
37.7323 	-0.132227 	0.353082 	1.56435 	0
37.8024 	-0.132227 	0.353082 	1.56435 	0
37.8726 	-0.132227 	0.353082 	1.56435 	0
37.9427 	-0.132227 	0.353082 	1.56435 	0
38.0128 	-0.132227 	0.353082 	1.56435 	0
38.083 	-0.132227 	0.353082 	1.56435 	0
38.1531 	-0.132227 	0.353082 	1.56435 	0
38.2232 	-0.132227 	0.353082 	1.56435 	0
38.2934 	-0.10725 	0.290817 	1.54788 	0
38.3635 	-0.10725 	0.290817 	1.54788 	0
38.4336 	-0.10725 	0.290817 	1.54788 	0
38.5038 	-0.10725 	0.290817 	1.54788 	0
38.5739 	-0.10725 	0.290817 	1.54788 	0
38.644 	-0.10725 	0.290817 	1.54788 	0
38.7142 	-0.10725 	0.290817 	1.54788 	0
38.7843 	-0.10725 	0.290817 	1.54788 	0
38.8545 	-0.10725 	0.290817 	1.54788 	0
38.9246 	-0.10725 	0.290817 	1.54788 	0
38.9947 	-0.10725 	0.290817 	1.54788 	0
39.0649 	-0.10725 	0.290817 	1.54788 	0
39.135 	-0.10725 	0.290817 	1.54788 	0
39.2051 	-0.10725 	0.290817 	1.54788 	0
39.2753 	-0.10725 	0.290817 	1.54788 	0
39.3454 	-0.10725 	0.290817 	1.54788 	0
39.4155 	-0.10725 	0.290817 	1.54788 	0
39.4857 	-0.10725 	0.290817 	1.54788 	0
39.5558 	-0.099402 	0.229493 	1.54319 	0
39.6259 	-0.099402 	0.229493 	1.54319 	0
39.6961 	-0.099402 	0.229493 	1.54319 	0
39.7662 	-0.099402 	0.229493 	1.54319 	0
39.8363 	-0.099402 	0.229493 	1.54319 	0
39.9065 	-0.099402 	0.229493 	1.54319 	0
39.9766 	-0.099402 	0.229493 	1.54319 	0
40.0467 	-0.099402 	0.229493 	1.54319 	0
40.1169 	-0.099402 	0.229493 	1.54319 	0
40.187 	-0.099402 	0.229493 	1.54319 	0
40.2571 	-0.099402 	0.229493 	1.54319 	0
40.3273 	-0.099402 	0.229493 	1.54319 	0
40.3974 	-0.099402 	0.229493 	1.54319 	0
40.4675 	-0.099402 	0.229493 	1.54319 	0
40.5377 	-0.099402 	0.229493 	1.54319 	0
40.6078 	-0.099402 	0.229493 	1.54319 	0
40.6779 	-0.099402 	0.229493 	1.54319 	0
40.7481 	-0.106042 	0.17298 	1.54774 	0
40.8182 	-0.106042 	0.17298 	1.54774 	0
40.8883 	-0.106042 	0.17298 	1.54774 	0
40.9585 	-0.106042 	0.17298 	1.54774 	0
41.0286 	-0.106042 	0.17298 	1.54774 	0
41.0988 	-0.106042 	0.17298 	1.54774 	0
41.1689 	-0.106042 	0.17298 	1.54774 	0
41.239 	-0.106042 	0.17298 	1.54774 	0
41.3092 	-0.106042 	0.17298 	1.54774 	0
41.3793 	-0.106042 	0.17298 	1.54774 	0
41.4494 	-0.106042 	0.17298 	1.54774 	0
41.5196 	-0.106042 	0.17298 	1.54774 	0
41.5897 	-0.106042 	0.17298 	1.54774 	0
41.6598 	-0.106042 	0.17298 	1.54774 	0
41.73 	-0.106042 	0.17298 	1.54774 	0
41.8001 	-0.106042 	0.17298 	1.54774 	0
41.8702 	-0.106042 	0.17298 	1.54774 	0
41.9404 	-0.106042 	0.17298 	1.54774 	0
42.0105 	-0.116932 	0.12072 	1.55391 	0
42.0806 	-0.116932 	0.12072 	1.55391 	0
42.1508 	-0.116932 	0.12072 	1.55391 	0
42.2209 	-0.116932 	0.12072 	1.55391 	0
42.291 	-0.116932 	0.12072 	1.55391 	0
42.3612 	-0.116932 	0.12072 	1.55391 	0
42.4313 	-0.116932 	0.12072 	1.55391 	0
42.5014 	-0.116932 	0.12072 	1.55391 	0
42.5716 	-0.116932 	0.12072 	1.55391 	0
42.6417 	-0.116932 	0.12072 	1.55391 	0
42.7118 	-0.116932 	0.12072 	1.55391 	0
42.782 	-0.116932 	0.12072 	1.55391 	0
42.8521 	-0.116932 	0.12072 	1.55391 	0
42.9222 	-0.116932 	0.12072 	1.55391 	0
42.9924 	-0.116932 	0.12072 	1.55391 	0
43.0625 	-0.116932 	0.12072 	1.55391 	0
43.1327 	-0.116932 	0.12072 	1.55391 	0
43.2028 	-0.124644 	0.0741875 	1.55654 	0
43.2729 	-0.124644 	0.0741875 	1.55654 	0
43.3431 	-0.124644 	0.0741875 	1.55654 	0
43.4132 	-0.124644 	0.0741875 	1.55654 	0
43.4833 	-0.124644 	0.0741875 	1.55654 	0
43.5535 	-0.124644 	0.0741875 	1.55654 	0
43.6236 	-0.124644 	0.0741875 	1.55654 	0
43.6937 	-0.124644 	0.0741875 	1.55654 	0
43.7639 	-0.124644 	0.0741875 	1.55654 	0
43.834 	-0.124644 	0.0741875 	1.55654 	0
43.9041 	-0.124644 	0.0741875 	1.55654 	0
43.9743 	-0.124644 	0.0741875 	1.55654 	0
44.0444 	-0.124644 	0.0741875 	1.55654 	0
44.1145 	-0.124644 	0.0741875 	1.55654 	0
44.1847 	-0.124644 	0.0741875 	1.55654 	0
44.2548 	-0.124644 	0.0741875 	1.55654 	0
44.3249 	-0.124644 	0.0741875 	1.55654 	0
44.3951 	-0.124644 	0.0741875 	1.55654 	0
44.4652 	-0.124455 	0.0343518 	1.55217 	0
44.5353 	-0.124455 	0.0343518 	1.55217 	0
44.6055 	-0.124455 	0.0343518 	1.55217 	0
44.6756 	-0.124455 	0.0343518 	1.55217 	0
44.7457 	-0.124455 	0.0343518 	1.55217 	0
44.8159 	-0.124455 	0.0343518 	1.55217 	0
44.886 	-0.124455 	0.0343518 	1.55217 	0
44.9561 	-0.124455 	0.0343518 	1.55217 	0
45.0263 	-0.124455 	0.0343518 	1.55217 	0
45.0964 	-0.124455 	0.0343518 	1.55217 	0
45.1665 	-0.124455 	0.0343518 	1.55217 	0
45.2367 	-0.124455 	0.0343518 	1.55217 	0
45.3068 	-0.124455 	0.0343518 	1.55217 	0
45.377 	-0.124455 	0.0343518 	1.55217 	0
45.4471 	-0.124455 	0.0343518 	1.55217 	0
45.5172 	-0.124455 	0.0343518 	1.55217 	0
45.5874 	-0.124455 	0.0343518 	1.55217 	0
45.6575 	-0.114138 	0.00135017 	1.54037 	0
45.7276 	-0.114138 	0.00135017 	1.54037 	0
45.7978 	-0.114138 	0.00135017 	1.54037 	0
45.8679 	-0.114138 	0.00135017 	1.54037 	0
45.938 	-0.114138 	0.00135017 	1.54037 	0
46.0082 	-0.114138 	0.00135017 	1.54037 	0
46.0783 	-0.114138 	0.00135017 	1.54037 	0
46.1484 	-0.114138 	0.00135017 	1.54037 	0
46.2186 	-0.114138 	0.00135017 	1.54037 	0
46.2887 	-0.114138 	0.00135017 	1.54037 	0
46.3588 	-0.114138 	0.00135017 	1.54037 	0
46.429 	-0.114138 	0.00135017 	1.54037 	0
46.4991 	-0.114138 	0.00135017 	1.54037 	0
46.5692 	-0.114138 	0.00135017 	1.54037 	0
46.6394 	-0.114138 	0.00135017 	1.54037 	0
46.7095 	-0.114138 	0.00135017 	1.54037 	0
46.7796 	-0.0519405 	0.041868 	1.57695 	0
46.8498 	-0.0519405 	0.041868 	1.57695 	0
46.9199 	-0.0505011 	0.0181312 	1.57163 	0
46.99 	-0.0505011 	0.0181312 	1.57163 	0
47.0602 	-0.0505011 	0.0181312 	1.57163 	0
47.1303 	-0.0505011 	0.0181312 	1.57163 	0
47.2004 	-0.0505011 	0.0181312 	1.57163 	0
47.2706 	-0.0505011 	0.0181312 	1.57163 	0
47.3407 	-0.0505011 	0.0181312 	1.57163 	0
47.4108 	-0.0505011 	0.0181312 	1.57163 	0
47.481 	-0.0505011 	0.0181312 	1.57163 	0
47.5511 	-0.0505011 	0.0181312 	1.57163 	0
47.6213 	-0.0505011 	0.0181312 	1.57163 	0
47.6914 	-0.0505011 	0.0181312 	1.57163 	0
47.7615 	-0.0505011 	0.0181312 	1.57163 	0
47.8317 	-0.0505011 	0.0181312 	1.57163 	0
47.9018 	-0.0505011 	0.0181312 	1.57163 	0
47.9719 	-0.0505011 	0.0181312 	1.57163 	0
48.0421 	-0.0505011 	0.0181312 	1.57163 	0
48.1122 	-0.0505011 	0.0181312 	1.57163 	0
48.1823 	-0.0445893 	0.0018514 	1.56425 	0
48.2525 	-0.0445893 	0.0018514 	1.56425 	0
48.3226 	-0.0445893 	0.0018514 	1.56425 	0
48.3927 	-0.0445893 	0.0018514 	1.56425 	0
48.4629 	-0.0445893 	0.0018514 	1.56425 	0
48.533 	-0.0445893 	0.0018514 	1.56425 	0
48.6031 	-0.0445893 	0.0018514 	1.56425 	0
48.6733 	-0.0445893 	0.0018514 	1.56425 	0
48.7434 	-0.0445893 	0.0018514 	1.56425 	0
48.8135 	-0.0445893 	0.0018514 	1.56425 	0
48.8837 	-0.0445893 	0.0018514 	1.56425 	0
48.9538 	-0.0445893 	0.0018514 	1.56425 	0
49.0239 	-0.0445893 	0.0018514 	1.56425 	0
49.0941 	-0.0445893 	0.0018514 	1.56425 	0
49.1642 	-0.0445893 	0.0018514 	1.56425 	0
49.2343 	-0.0445893 	0.0018514 	1.56425 	0
49.3045 	-0.0445893 	0.0018514 	1.56425 	0
49.3746 	-0.0359627 	-0.00804142 	1.55598 	0
49.4447 	-0.0359627 	-0.00804142 	1.55598 	0
49.5149 	-0.0359627 	-0.00804142 	1.55598 	0
49.585 	-0.0359627 	-0.00804142 	1.55598 	0
49.6551 	-0.0359627 	-0.00804142 	1.55598 	0
49.7253 	-0.0359627 	-0.00804142 	1.55598 	0
49.7954 	-0.0359627 	-0.00804142 	1.55598 	0
49.8656 	-0.0359627 	-0.00804142 	1.55598 	0
49.9357 	-0.0359627 	-0.00804142 	1.55598 	0
50.0058 	-0.0359627 	-0.00804142 	1.55598 	0
50.076 	-0.0359627 	-0.00804142 	1.55598 	0
50.1461 	-0.0359627 	-0.00804142 	1.55598 	0
50.2162 	-0.0359627 	-0.00804142 	1.55598 	0
50.2864 	-0.0359627 	-0.00804142 	1.55598 	0
50.3565 	-0.0359627 	-0.00804142 	1.55598 	0
50.4266 	-0.0359627 	-0.00804142 	1.55598 	0
50.4968 	-0.0359627 	-0.00804142 	1.55598 	0
50.5669 	-0.0359627 	-0.00804142 	1.55598 	0
50.637 	-0.026597 	-0.0126205 	1.54794 	0
50.7072 	-0.026597 	-0.0126205 	1.54794 	0
50.7773 	-0.026597 	-0.0126205 	1.54794 	0
50.8474 	-0.026597 	-0.0126205 	1.54794 	0
50.9176 	-0.026597 	-0.0126205 	1.54794 	0
50.9877 	-0.026597 	-0.0126205 	1.54794 	0
51.0578 	-0.026597 	-0.0126205 	1.54794 	0
51.128 	-0.026597 	-0.0126205 	1.54794 	0
51.1981 	-0.026597 	-0.0126205 	1.54794 	0
51.2682 	-0.026597 	-0.0126205 	1.54794 	0
51.3384 	-0.026597 	-0.0126205 	1.54794 	0
51.4085 	-0.026597 	-0.0126205 	1.54794 	0
51.4786 	-0.026597 	-0.0126205 	1.54794 	0
51.5488 	-0.026597 	-0.0126205 	1.54794 	0
51.6189 	-0.026597 	-0.0126205 	1.54794 	0
51.689 	-0.026597 	-0.0126205 	1.54794 	0
51.7592 	-0.026597 	-0.0126205 	1.54794 	0
51.8293 	-0.0183226 	-0.0145729 	1.54127 	0
51.8994 	-0.0183226 	-0.0145729 	1.54127 	0
51.9696 	-0.0183226 	-0.0145729 	1.54127 	0
52.0397 	-0.0183226 	-0.0145729 	1.54127 	0
52.1099 	-0.0183226 	-0.0145729 	1.54127 	0
52.18 	-0.0183226 	-0.0145729 	1.54127 	0
52.2501 	-0.0183226 	-0.0145729 	1.54127 	0
52.3203 	-0.0183226 	-0.0145729 	1.54127 	0
52.3904 	-0.0183226 	-0.0145729 	1.54127 	0
52.4605 	-0.0183226 	-0.0145729 	1.54127 	0
52.5307 	-0.0183226 	-0.0145729 	1.54127 	0
52.6008 	-0.0183226 	-0.0145729 	1.54127 	0
52.6709 	-0.0183226 	-0.0145729 	1.54127 	0
52.7411 	-0.0183226 	-0.0145729 	1.54127 	0
52.8112 	-0.0183226 	-0.0145729 	1.54127 	0
52.8813 	-0.0183226 	-0.0145729 	1.54127 	0
52.9515 	-0.0183226 	-0.0145729 	1.54127 	0
53.0216 	-0.0183226 	-0.0145729 	1.54127 	0
53.0917 	-0.0122265 	-0.0155382 	1.53633 	0
53.1619 	-0.0122265 	-0.0155382 	1.53633 	0
53.232 	-0.0122265 	-0.0155382 	1.53633 	0
53.3021 	-0.0122265 	-0.0155382 	1.53633 	0
53.3723 	-0.0122265 	-0.0155382 	1.53633 	0
53.4424 	-0.0122265 	-0.0155382 	1.53633 	0
53.5125 	-0.0122265 	-0.0155382 	1.53633 	0
53.5827 	-0.0122265 	-0.0155382 	1.53633 	0
53.6528 	-0.0122265 	-0.0155382 	1.53633 	0
53.7229 	-0.0122265 	-0.0155382 	1.53633 	0
53.7931 	-0.0122265 	-0.0155382 	1.53633 	0
53.8632 	-0.0122265 	-0.0155382 	1.53633 	0
53.9333 	-0.0122265 	-0.0155382 	1.53633 	0
54.0035 	-0.0122265 	-0.0155382 	1.53633 	0
54.0736 	-0.0122265 	-0.0155382 	1.53633 	0
54.1437 	-0.0122265 	-0.0155382 	1.53633 	0
54.2139 	-0.0122265 	-0.0155382 	1.53633 	0
54.284 	-0.00792061 	-0.0151229 	1.53299 	0
54.3542 	-0.00792061 	-0.0151229 	1.53299 	0
54.4243 	-0.00792061 	-0.0151229 	1.53299 	0
54.4944 	-0.00792061 	-0.0151229 	1.53299 	0
54.5646 	-0.00792061 	-0.0151229 	1.53299 	0
54.6347 	-0.00792061 	-0.0151229 	1.53299 	0
54.7048 	-0.00792061 	-0.0151229 	1.53299 	0
54.775 	-0.00792061 	-0.0151229 	1.53299 	0
54.8451 	-0.00792061 	-0.0151229 	1.53299 	0
54.9152 	-0.00792061 	-0.0151229 	1.53299 	0
54.9854 	-0.00792061 	-0.0151229 	1.53299 	0
55.0555 	-0.00792061 	-0.0151229 	1.53299 	0
55.1256 	-0.00792061 	-0.0151229 	1.53299 	0
55.1958 	-0.00792061 	-0.0151229 	1.53299 	0
55.2659 	-0.00792061 	-0.0151229 	1.53299 	0
55.336 	-0.00792061 	-0.0151229 	1.53299 	0
55.4062 	-0.00792061 	-0.0151229 	1.53299 	0
55.4763 	-0.00792061 	-0.0151229 	1.53299 	0
55.5464 	-0.00494052 	-0.0140617 	1.53116 	0
55.6166 	-0.00494052 	-0.0140617 	1.53116 	0
55.6867 	-0.00494052 	-0.0140617 	1.53116 	0
55.7568 	-0.00494052 	-0.0140617 	1.53116 	0
55.827 	-0.00494052 	-0.0140617 	1.53116 	0
55.8971 	-0.00494052 	-0.0140617 	1.53116 	0
55.9672 	-0.00494052 	-0.0140617 	1.53116 	0
56.0374 	-0.00494052 	-0.0140617 	1.53116 	0
56.1075 	-0.00494052 	-0.0140617 	1.53116 	0
56.1776 	-0.00494052 	-0.0140617 	1.53116 	0
56.2478 	-0.00494052 	-0.0140617 	1.53116 	0
56.3179 	-0.00494052 	-0.0140617 	1.53116 	0
56.3881 	-0.00494052 	-0.0140617 	1.53116 	0
56.4582 	-0.00494052 	-0.0140617 	1.53116 	0
56.5283 	-0.00494052 	-0.0140617 	1.53116 	0
56.5985 	-0.00494052 	-0.0140617 	1.53116 	0
56.6686 	-0.00494052 	-0.0140617 	1.53116 	0
56.7387 	-0.00494052 	-0.0140617 	1.53116 	0
56.8089 	-0.00308553 	-0.013344 	1.53043 	0
56.879 	-0.00308553 	-0.013344 	1.53043 	0
56.9491 	-0.00308553 	-0.013344 	1.53043 	0
57.0193 	-0.00308553 	-0.013344 	1.53043 	0
57.0894 	-0.00308553 	-0.013344 	1.53043 	0
57.1595 	-0.00308553 	-0.013344 	1.53043 	0
57.2297 	-0.00308553 	-0.013344 	1.53043 	0
57.2998 	-0.00308553 	-0.013344 	1.53043 	0
57.3699 	-0.00308553 	-0.013344 	1.53043 	0
57.4401 	-0.00308553 	-0.013344 	1.53043 	0
57.5102 	-0.00308553 	-0.013344 	1.53043 	0
57.5803 	-0.00308553 	-0.013344 	1.53043 	0
57.6505 	-0.00308553 	-0.013344 	1.53043 	0
57.7206 	-0.00308553 	-0.013344 	1.53043 	0
57.7907 	-0.00308553 	-0.013344 	1.53043 	0
57.8609 	-0.00308553 	-0.013344 	1.53043 	0
57.931 	-0.00308553 	-0.013344 	1.53043 	0
58.0011 	-0.00141024 	-0.0132943 	1.53038 	0
58.0713 	-0.00141024 	-0.0132943 	1.53038 	0
58.1414 	-0.00141024 	-0.0132943 	1.53038 	0
58.2115 	-0.00141024 	-0.0132943 	1.53038 	0
58.2817 	-0.00141024 	-0.0132943 	1.53038 	0
58.3518 	-0.00141024 	-0.0132943 	1.53038 	0
58.4219 	-0.00141024 	-0.0132943 	1.53038 	0
58.4921 	-0.00141024 	-0.0132943 	1.53038 	0
58.5622 	-0.00141024 	-0.0132943 	1.53038 	0
58.6324 	-0.00141024 	-0.0132943 	1.53038 	0
58.7025 	-0.00141024 	-0.0132943 	1.53038 	0
58.7726 	-0.00141024 	-0.0132943 	1.53038 	0
58.8428 	-0.00141024 	-0.0132943 	1.53038 	0
58.9129 	-0.00141024 	-0.0132943 	1.53038 	0
58.983 	-0.00141024 	-0.0132943 	1.53038 	0
59.0532 	-0.00141024 	-0.0132943 	1.53038 	0
59.1233 	-0.00141024 	-0.0132943 	1.53038 	0
59.1934 	-0.00141024 	-0.0132943 	1.53038 	0
59.2636 	-0.000125166 	-0.0139348 	1.53038 	0
59.3337 	-0.000125166 	-0.0139348 	1.53038 	0
59.4038 	-0.000125166 	-0.0139348 	1.53038 	0
59.474 	-0.000125166 	-0.0139348 	1.53038 	0
59.5441 	-0.000125166 	-0.0139348 	1.53038 	0
59.6142 	-0.000125166 	-0.0139348 	1.53038 	0
59.6844 	-0.000125166 	-0.0139348 	1.53038 	0
59.7545 	-0.000125166 	-0.0139348 	1.53038 	0
59.8246 	-0.000125166 	-0.0139348 	1.53038 	0
59.8948 	-0.000125166 	-0.0139348 	1.53038 	0
59.9649 	-0.000125166 	-0.0139348 	1.53038 	0
60.035 	-0.000125166 	-0.0139348 	1.53038 	0
60.1052 	-0.000125166 	-0.0139348 	1.53038 	0
60.1753 	-0.000125166 	-0.0139348 	1.53038 	0
60.2454 	-0.000125166 	-0.0139348 	1.53038 	0
60.3156 	-0.000125166 	-0.0139348 	1.53038 	0
60.3857 	-0.000125166 	-0.0139348 	1.53038 	0
60.4558 	0.000851733 	-0.0149271 	1.53141 	0
60.526 	0.000851733 	-0.0149271 	1.53141 	0
60.5961 	0.000851733 	-0.0149271 	1.53141 	0
60.6662 	0.000851733 	-0.0149271 	1.53141 	0
60.7364 	0.000851733 	-0.0149271 	1.53141 	0
60.8065 	0.000851733 	-0.0149271 	1.53141 	0
60.8767 	0.000851733 	-0.0149271 	1.53141 	0
60.9468 	0.000851733 	-0.0149271 	1.53141 	0
61.0169 	0.000851733 	-0.0149271 	1.53141 	0
61.0871 	0.000851733 	-0.0149271 	1.53141 	0
61.1572 	0.000851733 	-0.0149271 	1.53141 	0
61.2273 	0.000851733 	-0.0149271 	1.53141 	0
61.2975 	0.000851733 	-0.0149271 	1.53141 	0
61.3676 	0.000851733 	-0.0149271 	1.53141 	0
61.4377 	0.000851733 	-0.0149271 	1.53141 	0
61.5079 	0.000851733 	-0.0149271 	1.53141 	0
61.578 	0.000851733 	-0.0149271 	1.53141 	0
61.6481 	0.000851733 	-0.0149271 	1.53141 	0
61.7183 	0.00129805 	-0.0168303 	1.53272 	0
61.7884 	0.00129805 	-0.0168303 	1.53272 	0
61.8585 	0.00129805 	-0.0168303 	1.53272 	0
61.9287 	0.00129805 	-0.0168303 	1.53272 	0
61.9988 	0.00129805 	-0.0168303 	1.53272 	0
62.0689 	0.00129805 	-0.0168303 	1.53272 	0
62.1391 	0.00129805 	-0.0168303 	1.53272 	0
62.2092 	0.00129805 	-0.0168303 	1.53272 	0
62.2793 	0.00129805 	-0.0168303 	1.53272 	0
62.3495 	0.00129805 	-0.0168303 	1.53272 	0
62.4196 	0.00129805 	-0.0168303 	1.53272 	0
62.4897 	0.00129805 	-0.0168303 	1.53272 	0
62.5599 	0.00129805 	-0.0168303 	1.53272 	0
62.63 	0.00129805 	-0.0168303 	1.53272 	0
62.7001 	0.00129805 	-0.0168303 	1.53272 	0
62.7703 	0.00129805 	-0.0168303 	1.53272 	0
62.8404 	0.00129805 	-0.0168303 	1.53272 	0
62.9105 	0.00139512 	-0.0183741 	1.53509 	0
62.9807 	0.00139512 	-0.0183741 	1.53509 	0
63.0508 	0.00139512 	-0.0183741 	1.53509 	0
63.121 	0.00139512 	-0.0183741 	1.53509 	0
63.1911 	0.00139512 	-0.0183741 	1.53509 	0
63.2612 	0.00139512 	-0.0183741 	1.53509 	0
63.3314 	0.00139512 	-0.0183741 	1.53509 	0
63.4015 	0.00139512 	-0.0183741 	1.53509 	0
63.4716 	0.00139512 	-0.0183741 	1.53509 	0
63.5418 	0.00139512 	-0.0183741 	1.53509 	0
63.6119 	0.00139512 	-0.0183741 	1.53509 	0
63.682 	0.00139512 	-0.0183741 	1.53509 	0
63.7522 	0.00139512 	-0.0183741 	1.53509 	0
63.8223 	0.00139512 	-0.0183741 	1.53509 	0
63.8924 	0.00139512 	-0.0183741 	1.53509 	0
63.9626 	0.00139512 	-0.0183741 	1.53509 	0
64.0327 	0.00139512 	-0.0183741 	1.53509 	0
64.1028 	0.00139512 	-0.0183741 	1.53509 	0
64.173 	0.00177306 	-0.0183144 	1.53783 	0
64.2431 	0.00177306 	-0.0183144 	1.53783 	0
64.3132 	0.00177306 	-0.0183144 	1.53783 	0
64.3834 	0.00177306 	-0.0183144 	1.53783 	0
64.4535 	0.00177306 	-0.0183144 	1.53783 	0
64.5236 	0.00177306 	-0.0183144 	1.53783 	0
64.5938 	0.00177306 	-0.0183144 	1.53783 	0
64.6639 	0.00177306 	-0.0183144 	1.53783 	0
64.734 	0.00177306 	-0.0183144 	1.53783 	0
64.8042 	0.00177306 	-0.0183144 	1.53783 	0
64.8743 	0.00177306 	-0.0183144 	1.53783 	0
64.9444 	0.00177306 	-0.0183144 	1.53783 	0
65.0146 	0.00177306 	-0.0183144 	1.53783 	0
65.0847 	0.00177306 	-0.0183144 	1.53783 	0
65.1548 	0.00177306 	-0.0183144 	1.53783 	0
65.225 	0.00177306 	-0.0183144 	1.53783 	0
65.2951 	0.00177306 	-0.0183144 	1.53783 	0
65.3653 	0.00177306 	-0.0183144 	1.53783 	0
65.4354 	0.00195376 	-0.0191204 	1.54123 	0
65.5055 	0.00195376 	-0.0191204 	1.54123 	0
65.5757 	0.00195376 	-0.0191204 	1.54123 	0
65.6458 	0.00195376 	-0.0191204 	1.54123 	0
65.7159 	0.00195376 	-0.0191204 	1.54123 	0
65.7861 	0.00195376 	-0.0191204 	1.54123 	0
65.8562 	0.00195376 	-0.0191204 	1.54123 	0
65.9263 	0.00195376 	-0.0191204 	1.54123 	0
65.9965 	0.00195376 	-0.0191204 	1.54123 	0
66.0666 	0.00195376 	-0.0191204 	1.54123 	0
66.1367 	0.00195376 	-0.0191204 	1.54123 	0
66.2069 	0.00195376 	-0.0191204 	1.54123 	0
66.277 	0.00195376 	-0.0191204 	1.54123 	0
66.3471 	0.00195376 	-0.0191204 	1.54123 	0
66.4173 	0.00195376 	-0.0191204 	1.54123 	0
66.4874 	0.00195376 	-0.0191204 	1.54123 	0
66.5575 	0.00195376 	-0.0191204 	1.54123 	0
66.6277 	0.00158694 	-0.017278 	1.54352 	0
66.6978 	0.00158694 	-0.017278 	1.54352 	0
66.7679 	0.00158694 	-0.017278 	1.54352 	0
66.8381 	0.00158694 	-0.017278 	1.54352 	0
66.9082 	0.00158694 	-0.017278 	1.54352 	0
66.9783 	0.00158694 	-0.017278 	1.54352 	0
67.0485 	0.00158694 	-0.017278 	1.54352 	0
67.1186 	0.00158694 	-0.017278 	1.54352 	0
67.1887 	0.00158694 	-0.017278 	1.54352 	0
67.2589 	0.00158694 	-0.017278 	1.54352 	0
67.329 	0.00158694 	-0.017278 	1.54352 	0
67.3991 	0.00158694 	-0.017278 	1.54352 	0
67.4693 	0.00158694 	-0.017278 	1.54352 	0
67.5394 	0.00158694 	-0.017278 	1.54352 	0
67.6096 	0.00158694 	-0.017278 	1.54352 	0
67.6797 	0.00158694 	-0.017278 	1.54352 	0
67.7498 	0.00158694 	-0.017278 	1.54352 	0
67.82 	0.00158694 	-0.017278 	1.54352 	0
67.8901 	0.000871948 	-0.01775 	1.54884 	0
67.9602 	0.000871948 	-0.01775 	1.54884 	0
68.0304 	0.000871948 	-0.01775 	1.54884 	0
68.1005 	0.000871948 	-0.01775 	1.54884 	0
68.1706 	0.000871948 	-0.01775 	1.54884 	0
68.2408 	0.000871948 	-0.01775 	1.54884 	0
68.3109 	0.000871948 	-0.01775 	1.54884 	0
68.381 	0.000871948 	-0.01775 	1.54884 	0
68.4512 	0.000871948 	-0.01775 	1.54884 	0
68.5213 	0.000871948 	-0.01775 	1.54884 	0
68.5914 	0.000871948 	-0.01775 	1.54884 	0
68.6616 	0.000871948 	-0.01775 	1.54884 	0
68.7317 	0.000871948 	-0.01775 	1.54884 	0
68.8018 	0.000871948 	-0.01775 	1.54884 	0
68.872 	0.000871948 	-0.01775 	1.54884 	0
68.9421 	0.000871948 	-0.01775 	1.54884 	0
69.0122 	0.000871948 	-0.01775 	1.54884 	0
