0.490941 	0.845816 	0.0061347 	3.00284 	0
0.561075 	0.845816 	0.0061347 	3.00284 	0
0.63121 	0.845816 	0.0061347 	3.00284 	0
0.701344 	0.845816 	0.0061347 	3.00284 	0
0.771478 	0.845816 	0.0061347 	3.00284 	0
0.841613 	0.845816 	0.0061347 	3.00284 	0
0.911747 	0.845816 	0.0061347 	3.00284 	0
0.981881 	0.845816 	0.0061347 	3.00284 	0
1.05202 	0.845816 	0.0061347 	3.00284 	0
1.12215 	0.845816 	0.0061347 	3.00284 	0
1.19228 	0.845816 	0.0061347 	3.00284 	0
1.26242 	0.819668 	0.0115192 	3.00789 	0
1.33255 	0.819668 	0.0115192 	3.00789 	0
1.40269 	0.819668 	0.0115192 	3.00789 	0
1.47282 	0.819668 	0.0115192 	3.00789 	0
1.54296 	0.819668 	0.0115192 	3.00789 	0
1.61309 	0.819668 	0.0115192 	3.00789 	0
1.68323 	0.819668 	0.0115192 	3.00789 	0
1.75336 	0.819668 	0.0115192 	3.00789 	0
1.82349 	0.769985 	0.0147642 	3.02411 	2.93623e-19
1.89363 	0.769985 	0.0147642 	3.02411 	2.93623e-19
1.96376 	0.769985 	0.0147642 	3.02411 	2.93623e-19
2.0339 	0.769985 	0.0147642 	3.02411 	2.93623e-19
2.10403 	0.769985 	0.0147642 	3.02411 	2.93623e-19
2.17417 	0.769985 	0.0147642 	3.02411 	2.93623e-19
2.2443 	0.769985 	0.0147642 	3.02411 	2.93623e-19
2.31443 	0.769985 	0.0147642 	3.02411 	2.93623e-19
2.38457 	0.769985 	0.0147642 	3.02411 	2.93623e-19
2.4547 	0.769985 	0.0147642 	3.02411 	2.93623e-19
2.52484 	0.769985 	0.0147642 	3.02411 	2.93623e-19
2.59497 	0.735328 	0.00727288 	3.03667 	-4.58367e-19
2.66511 	0.735328 	0.00727288 	3.03667 	-4.58367e-19
2.73524 	0.735328 	0.00727288 	3.03667 	-4.58367e-19
2.80538 	0.735328 	0.00727288 	3.03667 	-4.58367e-19
2.87551 	0.735328 	0.00727288 	3.03667 	-4.58367e-19
2.94564 	0.735328 	0.00727288 	3.03667 	-4.58367e-19
3.01578 	0.735328 	0.00727288 	3.03667 	-4.58367e-19
3.08591 	0.735328 	0.00727288 	3.03667 	-4.58367e-19
3.15605 	0.735328 	0.00727288 	3.03667 	-4.58367e-19
3.22618 	0.735328 	0.00727288 	3.03667 	-4.58367e-19
3.29632 	0.702752 	0.0200349 	3.04353 	4.64278e-19
3.36645 	0.702752 	0.0200349 	3.04353 	4.64278e-19
3.43659 	0.702752 	0.0200349 	3.04353 	4.64278e-19
3.50672 	0.702752 	0.0200349 	3.04353 	4.64278e-19
3.57685 	0.702752 	0.0200349 	3.04353 	4.64278e-19
3.64699 	0.702752 	0.0200349 	3.04353 	4.64278e-19
3.71712 	0.702752 	0.0200349 	3.04353 	4.64278e-19
3.78726 	0.702752 	0.0200349 	3.04353 	4.64278e-19
3.85739 	0.702752 	0.0200349 	3.04353 	4.64278e-19
3.92753 	0.702752 	0.0200349 	3.04353 	4.64278e-19
3.99766 	0.702752 	0.0200349 	3.04353 	4.64278e-19
4.06779 	0.684333 	0.00375798 	3.05016 	-1.28988e-20
4.13793 	0.684333 	0.00375798 	3.05016 	-1.28988e-20
4.20806 	0.684333 	0.00375798 	3.05016 	-1.28988e-20
4.2782 	0.684333 	0.00375798 	3.05016 	-1.28988e-20
4.34833 	0.684333 	0.00375798 	3.05016 	-1.28988e-20
4.41847 	0.684333 	0.00375798 	3.05016 	-1.28988e-20
4.4886 	0.659242 	0.0165284 	3.05802 	0
4.55874 	0.659242 	0.0165284 	3.05802 	0
4.62887 	0.659242 	0.0165284 	3.05802 	0
4.699 	0.659242 	0.0165284 	3.05802 	0
4.76914 	0.659242 	0.0165284 	3.05802 	0
4.83927 	0.659242 	0.0165284 	3.05802 	0
4.90941 	0.659242 	0.0165284 	3.05802 	0
4.97954 	0.659242 	0.0165284 	3.05802 	0
5.04968 	0.659242 	0.0165284 	3.05802 	0
5.11981 	0.659242 	0.0165284 	3.05802 	0
5.18994 	0.636953 	0.00585534 	3.06485 	-5.96661e-21
5.26008 	0.636953 	0.00585534 	3.06485 	-5.96661e-21
5.33021 	0.636953 	0.00585534 	3.06485 	-5.96661e-21
5.40035 	0.636953 	0.00585534 	3.06485 	-5.96661e-21
5.47048 	0.636953 	0.00585534 	3.06485 	-5.96661e-21
5.54062 	0.636953 	0.00585534 	3.06485 	-5.96661e-21
5.61075 	0.636953 	0.00585534 	3.06485 	-5.96661e-21
5.68089 	0.608082 	0.0109656 	3.07445 	0
5.75102 	0.608082 	0.0109656 	3.07445 	0
5.82115 	0.608082 	0.0109656 	3.07445 	0
5.89129 	0.608082 	0.0109656 	3.07445 	0
5.96142 	0.608082 	0.0109656 	3.07445 	0
6.03156 	0.608082 	0.0109656 	3.07445 	0
6.10169 	0.608082 	0.0109656 	3.07445 	0
6.17183 	0.608082 	0.0109656 	3.07445 	0
6.24196 	0.608082 	0.0109656 	3.07445 	0
6.3121 	0.578768 	0.00738278 	3.08273 	0
6.38223 	0.578768 	0.00738278 	3.08273 	0
6.45236 	0.578768 	0.00738278 	3.08273 	0
6.5225 	0.578768 	0.00738278 	3.08273 	0
6.59263 	0.578768 	0.00738278 	3.08273 	0
6.66277 	0.578768 	0.00738278 	3.08273 	0
6.7329 	0.578768 	0.00738278 	3.08273 	0
6.80304 	0.578768 	0.00738278 	3.08273 	0
6.87317 	0.553534 	0.00617636 	3.09141 	1.88147e-19
6.9433 	0.553534 	0.00617636 	3.09141 	1.88147e-19
7.01344 	0.553534 	0.00617636 	3.09141 	1.88147e-19
7.08357 	0.553534 	0.00617636 	3.09141 	1.88147e-19
7.15371 	0.553534 	0.00617636 	3.09141 	1.88147e-19
7.22384 	0.553534 	0.00617636 	3.09141 	1.88147e-19
7.29398 	0.553534 	0.00617636 	3.09141 	1.88147e-19
7.36411 	0.553534 	0.00617636 	3.09141 	1.88147e-19
7.43425 	0.553534 	0.00617636 	3.09141 	1.88147e-19
7.50438 	0.521845 	0.00878152 	3.09902 	-1.37731e-18
7.57451 	0.521845 	0.00878152 	3.09902 	-1.37731e-18
7.64465 	0.521845 	0.00878152 	3.09902 	-1.37731e-18
7.71478 	0.521845 	0.00878152 	3.09902 	-1.37731e-18
7.78492 	0.521845 	0.00878152 	3.09902 	-1.37731e-18
7.85505 	0.521845 	0.00878152 	3.09902 	-1.37731e-18
7.92519 	0.521845 	0.00878152 	3.09902 	-1.37731e-18
7.99532 	0.521845 	0.00878152 	3.09902 	-1.37731e-18
8.06545 	0.503195 	0.00225014 	3.10666 	1.33817e-18
8.13559 	0.503195 	0.00225014 	3.10666 	1.33817e-18
8.20572 	0.503195 	0.00225014 	3.10666 	1.33817e-18
8.27586 	0.503195 	0.00225014 	3.10666 	1.33817e-18
8.34599 	0.503195 	0.00225014 	3.10666 	1.33817e-18
8.41613 	0.503195 	0.00225014 	3.10666 	1.33817e-18
8.48626 	0.503195 	0.00225014 	3.10666 	1.33817e-18
8.5564 	0.503195 	0.00225014 	3.10666 	1.33817e-18
8.62653 	0.503195 	0.00225014 	3.10666 	1.33817e-18
8.69666 	0.473006 	0.0176313 	3.1178 	1.18511e-18
8.7668 	0.473006 	0.0176313 	3.1178 	1.18511e-18
8.83693 	0.473006 	0.0176313 	3.1178 	1.18511e-18
8.90707 	0.473006 	0.0176313 	3.1178 	1.18511e-18
8.9772 	0.473006 	0.0176313 	3.1178 	1.18511e-18
9.04734 	0.473006 	0.0176313 	3.1178 	1.18511e-18
9.11747 	0.473006 	0.0176313 	3.1178 	1.18511e-18
9.18761 	0.473006 	0.0176313 	3.1178 	1.18511e-18
9.25774 	0.442255 	0.00309759 	3.11811 	-1.10841e-18
9.32787 	0.442255 	0.00309759 	3.11811 	-1.10841e-18
9.39801 	0.442255 	0.00309759 	3.11811 	-1.10841e-18
9.46814 	0.442255 	0.00309759 	3.11811 	-1.10841e-18
9.53828 	0.442255 	0.00309759 	3.11811 	-1.10841e-18
9.60841 	0.442255 	0.00309759 	3.11811 	-1.10841e-18
9.67855 	0.442255 	0.00309759 	3.11811 	-1.10841e-18
9.74868 	0.442255 	0.00309759 	3.11811 	-1.10841e-18
9.81881 	0.424946 	0.0170729 	3.12973 	-3.34338e-19
9.88895 	0.424946 	0.0170729 	3.12973 	-3.34338e-19
9.95908 	0.424946 	0.0170729 	3.12973 	-3.34338e-19
10.0292 	0.424946 	0.0170729 	3.12973 	-3.34338e-19
10.0994 	0.424946 	0.0170729 	3.12973 	-3.34338e-19
10.1695 	0.424946 	0.0170729 	3.12973 	-3.34338e-19
10.2396 	0.424946 	0.0170729 	3.12973 	-3.34338e-19
10.3098 	0.424946 	0.0170729 	3.12973 	-3.34338e-19
10.3799 	0.424946 	0.0170729 	3.12973 	-3.34338e-19
10.45 	0.424946 	0.0170729 	3.12973 	-3.34338e-19
10.5202 	0.424946 	0.0170729 	3.12973 	-3.34338e-19
10.5903 	0.424946 	0.0170729 	3.12973 	-3.34338e-19
10.6604 	0.449052 	0.0149481 	3.12562 	4.92091e-19
10.7306 	0.394337 	0.0374635 	3.14024 	0
10.8007 	0.394337 	0.0374635 	3.14024 	0
10.8708 	0.394337 	0.0374635 	3.14024 	0
10.941 	0.394337 	0.0374635 	3.14024 	0
11.0111 	0.394337 	0.0374635 	3.14024 	0
11.0812 	0.394337 	0.0374635 	3.14024 	0
11.1514 	0.394337 	0.0374635 	3.14024 	0
11.2215 	0.394337 	0.0374635 	3.14024 	0
11.2916 	0.394337 	0.0374635 	3.14024 	0
11.3618 	0.394337 	0.0374635 	3.14024 	0
11.4319 	0.394337 	0.0374635 	3.14024 	0
11.502 	0.394337 	0.0374635 	3.14024 	0
11.5722 	0.394337 	0.0374635 	3.14024 	0
11.6423 	0.394337 	0.0374635 	3.14024 	0
11.7124 	0.403225 	0.0249823 	3.12899 	0
11.7826 	0.339458 	0.0806525 	3.16227 	5.00178e-19
11.8527 	0.339458 	0.0806525 	3.16227 	5.00178e-19
11.9228 	0.339458 	0.0806525 	3.16227 	5.00178e-19
11.993 	0.339458 	0.0806525 	3.16227 	5.00178e-19
12.0631 	0.339458 	0.0806525 	3.16227 	5.00178e-19
12.1332 	0.339458 	0.0806525 	3.16227 	5.00178e-19
12.2034 	0.236934 	0.0734632 	3.18937 	-2.1453e-19
12.2735 	0.236934 	0.0734632 	3.18937 	-2.1453e-19
12.3437 	0.236934 	0.0734632 	3.18937 	-2.1453e-19
12.4138 	0.236934 	0.0734632 	3.18937 	-2.1453e-19
12.4839 	0.236934 	0.0734632 	3.18937 	-2.1453e-19
12.5541 	0.236934 	0.0734632 	3.18937 	-2.1453e-19
12.6242 	0.236934 	0.0734632 	3.18937 	-2.1453e-19
12.6943 	0.236934 	0.0734632 	3.18937 	-2.1453e-19
12.7645 	0.236934 	0.0734632 	3.18937 	-2.1453e-19
12.8346 	0.118715 	0.0395015 	3.18314 	1.1044e-19
12.9047 	0.101482 	0.142141 	3.22629 	5.87786e-22
12.9749 	0.101482 	0.142141 	3.22629 	5.87786e-22
13.045 	0.101482 	0.142141 	3.22629 	5.87786e-22
13.1151 	0.101482 	0.142141 	3.22629 	5.87786e-22
13.1853 	0.101482 	0.142141 	3.22629 	5.87786e-22
13.2554 	0.101482 	0.142141 	3.22629 	5.87786e-22
13.3255 	0.101482 	0.142141 	3.22629 	5.87786e-22
13.3957 	0.331017 	0.147729 	3.197 	8.11129e-19
13.4658 	0.331017 	0.147729 	3.197 	8.11129e-19
13.5359 	0.331017 	0.147729 	3.197 	8.11129e-19
13.6061 	0.331017 	0.147729 	3.197 	8.11129e-19
13.6762 	0.331017 	0.147729 	3.197 	8.11129e-19
13.7463 	0.331017 	0.147729 	3.197 	8.11129e-19
13.8165 	0.407666 	0.124598 	2.87194 	-6.63982e-19
13.8866 	0.600547 	0.147081 	2.96617 	1.29824e-19
13.9567 	0.600547 	0.147081 	2.96617 	1.29824e-19
14.0269 	0.0167407 	0.254567 	3.04011 	-7.47859e-19
14.097 	0.0167407 	0.254567 	3.04011 	-7.47859e-19
14.1671 	0.0167407 	0.254567 	3.04011 	-7.47859e-19
14.2373 	0.0167407 	0.254567 	3.04011 	-7.47859e-19
14.3074 	0.0167407 	0.254567 	3.04011 	-7.47859e-19
14.3776 	0.0167407 	0.254567 	3.04011 	-7.47859e-19
14.4477 	0.0167407 	0.254567 	3.04011 	-7.47859e-19
14.5178 	0.0167407 	0.254567 	3.04011 	-7.47859e-19
14.588 	0.0167407 	0.254567 	3.04011 	-7.47859e-19
14.6581 	0.0167407 	0.254567 	3.04011 	-7.47859e-19
14.7282 	0.0167407 	0.254567 	3.04011 	-7.47859e-19
14.7984 	0.0167407 	0.254567 	3.04011 	-7.47859e-19
14.8685 	0.0167407 	0.254567 	3.04011 	-7.47859e-19
14.9386 	-0.164791 	0.349378 	3.19986 	0
15.0088 	-0.164791 	0.349378 	3.19986 	0
15.0789 	-0.164791 	0.349378 	3.19986 	0
15.149 	-0.164791 	0.349378 	3.19986 	0
15.2192 	-0.164791 	0.349378 	3.19986 	0
15.2893 	-0.673625 	0.344804 	3.43063 	-4.44243e-19
15.3594 	-0.673625 	0.344804 	3.43063 	-4.44243e-19
15.4296 	-0.673625 	0.344804 	3.43063 	-4.44243e-19
15.4997 	-0.673625 	0.344804 	3.43063 	-4.44243e-19
15.5698 	-0.673625 	0.344804 	3.43063 	-4.44243e-19
15.64 	-0.673625 	0.344804 	3.43063 	-4.44243e-19
15.7101 	-1.1752 	0.40031 	3.5026 	0
15.7802 	-1.1752 	0.40031 	3.5026 	0
15.8504 	-1.0777 	0.653039 	3.56283 	1.66821e-18
15.9205 	-1.0777 	0.653039 	3.56283 	1.66821e-18
15.9906 	-1.0777 	0.653039 	3.56283 	1.66821e-18
16.0608 	-1.0777 	0.653039 	3.56283 	1.66821e-18
16.1309 	-1.0777 	0.653039 	3.56283 	1.66821e-18
16.201 	-1.0777 	0.653039 	3.56283 	1.66821e-18
16.2712 	-1.0777 	0.653039 	3.56283 	1.66821e-18
16.3413 	-1.0777 	0.653039 	3.56283 	1.66821e-18
16.4114 	-1.0777 	0.653039 	3.56283 	1.66821e-18
16.4816 	-1.0777 	0.653039 	3.56283 	1.66821e-18
16.5517 	-1.0777 	0.653039 	3.56283 	1.66821e-18
16.6219 	-1.0777 	0.653039 	3.56283 	1.66821e-18
16.692 	-1.0777 	0.653039 	3.56283 	1.66821e-18
16.7621 	-1.0777 	0.653039 	3.56283 	1.66821e-18
16.8323 	-0.631967 	0.87965 	3.12863 	3.84363e-19
16.9024 	-0.631967 	0.87965 	3.12863 	3.84363e-19
16.9725 	-0.631967 	0.87965 	3.12863 	3.84363e-19
17.0427 	-0.631967 	0.87965 	3.12863 	3.84363e-19
17.1128 	-0.631967 	0.87965 	3.12863 	3.84363e-19
17.1829 	-0.631967 	0.87965 	3.12863 	3.84363e-19
17.2531 	-0.631967 	0.87965 	3.12863 	3.84363e-19
17.3232 	-0.631967 	0.87965 	3.12863 	3.84363e-19
17.3933 	-0.631967 	0.87965 	3.12863 	3.84363e-19
17.4635 	-0.631967 	0.87965 	3.12863 	3.84363e-19
17.5336 	-0.54847 	0.917619 	3.04636 	-4.35825e-19
17.6037 	-0.54847 	0.917619 	3.04636 	-4.35825e-19
17.6739 	-0.54847 	0.917619 	3.04636 	-4.35825e-19
17.744 	-0.640447 	1.0459 	3.17678 	4.88124e-19
17.8141 	-0.640447 	1.0459 	3.17678 	4.88124e-19
17.8843 	-0.640447 	1.0459 	3.17678 	4.88124e-19
17.9544 	-0.640447 	1.0459 	3.17678 	4.88124e-19
18.0245 	-0.640447 	1.0459 	3.17678 	4.88124e-19
18.0947 	-0.640447 	1.0459 	3.17678 	4.88124e-19
18.1648 	-0.640447 	1.0459 	3.17678 	4.88124e-19
18.2349 	-0.640447 	1.0459 	3.17678 	4.88124e-19
18.3051 	-0.640447 	1.0459 	3.17678 	4.88124e-19
18.3752 	-0.350009 	1.0068 	2.78362 	-3.71084e-19
18.4453 	-0.350009 	1.0068 	2.78362 	-3.71084e-19
18.5155 	-0.350009 	1.0068 	2.78362 	-3.71084e-19
18.5856 	-0.350009 	1.0068 	2.78362 	-3.71084e-19
18.6557 	-0.350009 	1.0068 	2.78362 	-3.71084e-19
18.7259 	-0.350009 	1.0068 	2.78362 	-3.71084e-19
18.796 	-0.350009 	1.0068 	2.78362 	-3.71084e-19
18.8662 	-0.274327 	1.0394 	2.8401 	2.94317e-19
18.9363 	-0.274327 	1.0394 	2.8401 	2.94317e-19
19.0064 	-0.274327 	1.0394 	2.8401 	2.94317e-19
19.0766 	-0.274327 	1.0394 	2.8401 	2.94317e-19
19.1467 	-0.274327 	1.0394 	2.8401 	2.94317e-19
19.2168 	-0.274327 	1.0394 	2.8401 	2.94317e-19
19.287 	-0.274327 	1.0394 	2.8401 	2.94317e-19
19.3571 	-0.274327 	1.0394 	2.8401 	2.94317e-19
19.4272 	-0.274327 	1.0394 	2.8401 	2.94317e-19
19.4974 	-0.274327 	1.0394 	2.8401 	2.94317e-19
19.5675 	-0.274327 	1.0394 	2.8401 	2.94317e-19
19.6376 	-0.274327 	1.0394 	2.8401 	2.94317e-19
19.7078 	-0.274327 	1.0394 	2.8401 	2.94317e-19
19.7779 	-0.125966 	0.991062 	2.46611 	-6.77925e-20
19.848 	-0.125966 	0.991062 	2.46611 	-6.77925e-20
19.9182 	-0.125966 	0.991062 	2.46611 	-6.77925e-20
19.9883 	-0.125966 	0.991062 	2.46611 	-6.77925e-20
20.0584 	-0.125966 	0.991062 	2.46611 	-6.77925e-20
20.1286 	-0.125966 	0.991062 	2.46611 	-6.77925e-20
20.1987 	-0.125966 	0.991062 	2.46611 	-6.77925e-20
20.2688 	-0.130127 	0.993823 	2.46642 	-1.70198e-19
20.339 	-0.130127 	0.993823 	2.46642 	-1.70198e-19
20.4091 	-0.130127 	0.993823 	2.46642 	-1.70198e-19
20.4792 	-0.130127 	0.993823 	2.46642 	-1.70198e-19
20.5494 	-0.130127 	0.993823 	2.46642 	-1.70198e-19
20.6195 	-0.130127 	0.993823 	2.46642 	-1.70198e-19
20.6896 	-0.130127 	0.993823 	2.46642 	-1.70198e-19
20.7598 	-0.130127 	0.993823 	2.46642 	-1.70198e-19
20.8299 	-0.130127 	0.993823 	2.46642 	-1.70198e-19
20.9 	-0.130127 	0.993823 	2.46642 	-1.70198e-19
20.9702 	-0.130127 	0.993823 	2.46642 	-1.70198e-19
21.0403 	-0.130127 	0.993823 	2.46642 	-1.70198e-19
21.1105 	-0.130127 	0.993823 	2.46642 	-1.70198e-19
21.1806 	-0.130127 	0.993823 	2.46642 	-1.70198e-19
21.2507 	-0.130127 	0.993823 	2.46642 	-1.70198e-19
21.3209 	-0.130127 	0.993823 	2.46642 	-1.70198e-19
21.391 	-0.130127 	0.993823 	2.46642 	-1.70198e-19
21.4611 	-0.119003 	0.705443 	1.92743 	1.17047e-19
21.5313 	-0.119003 	0.705443 	1.92743 	1.17047e-19
21.6014 	-0.119003 	0.705443 	1.92743 	1.17047e-19
21.6715 	-0.227296 	0.618931 	1.44528 	2.01563e-19
21.7417 	-0.227296 	0.618931 	1.44528 	2.01563e-19
21.8118 	-0.227296 	0.618931 	1.44528 	2.01563e-19
21.8819 	-0.227296 	0.618931 	1.44528 	2.01563e-19
21.9521 	-0.227296 	0.618931 	1.44528 	2.01563e-19
22.0222 	-0.356803 	0.93139 	2.37399 	-2.91367e-19
22.0923 	-0.356803 	0.93139 	2.37399 	-2.91367e-19
22.1625 	-0.356803 	0.93139 	2.37399 	-2.91367e-19
22.2326 	-0.356803 	0.93139 	2.37399 	-2.91367e-19
22.3027 	-0.356803 	0.93139 	2.37399 	-2.91367e-19
22.3729 	-0.356803 	0.93139 	2.37399 	-2.91367e-19
22.443 	-0.356803 	0.93139 	2.37399 	-2.91367e-19
22.5131 	-0.356803 	0.93139 	2.37399 	-2.91367e-19
22.5833 	-0.356803 	0.93139 	2.37399 	-2.91367e-19
22.6534 	-0.356803 	0.93139 	2.37399 	-2.91367e-19
22.7235 	-0.356803 	0.93139 	2.37399 	-2.91367e-19
22.7937 	-0.356803 	0.93139 	2.37399 	-2.91367e-19
22.8638 	-0.356803 	0.93139 	2.37399 	-2.91367e-19
22.9339 	-0.356803 	0.93139 	2.37399 	-2.91367e-19
23.0041 	-0.356803 	0.93139 	2.37399 	-2.91367e-19
23.0742 	-0.356803 	0.93139 	2.37399 	-2.91367e-19
23.1443 	-0.356803 	0.93139 	2.37399 	-2.91367e-19
23.2145 	-0.356803 	0.93139 	2.37399 	-2.91367e-19
23.2846 	-0.356803 	0.93139 	2.37399 	-2.91367e-19
23.3548 	-0.356803 	0.93139 	2.37399 	-2.91367e-19
23.4249 	-0.356803 	0.93139 	2.37399 	-2.91367e-19
23.495 	-0.174019 	0.898828 	2.34749 	3.70141e-20
23.5652 	-0.174019 	0.898828 	2.34749 	3.70141e-20
23.6353 	-0.174019 	0.898828 	2.34749 	3.70141e-20
23.7054 	-0.174019 	0.898828 	2.34749 	3.70141e-20
23.7756 	-0.174019 	0.898828 	2.34749 	3.70141e-20
23.8457 	-0.174019 	0.898828 	2.34749 	3.70141e-20
23.9158 	-0.174019 	0.898828 	2.34749 	3.70141e-20
23.986 	-0.0407589 	0.835312 	2.23641 	-1.85261e-21
24.0561 	-0.0407589 	0.835312 	2.23641 	-1.85261e-21
24.1262 	-0.0407589 	0.835312 	2.23641 	-1.85261e-21
24.1964 	-0.0407589 	0.835312 	2.23641 	-1.85261e-21
24.2665 	-0.0407589 	0.835312 	2.23641 	-1.85261e-21
24.3366 	-0.0407589 	0.835312 	2.23641 	-1.85261e-21
24.4068 	-0.0407589 	0.835312 	2.23641 	-1.85261e-21
24.4769 	-0.0407589 	0.835312 	2.23641 	-1.85261e-21
24.547 	-0.0407589 	0.835312 	2.23641 	-1.85261e-21
24.6172 	-0.0407589 	0.835312 	2.23641 	-1.85261e-21
24.6873 	-0.0407589 	0.835312 	2.23641 	-1.85261e-21
24.7574 	-0.0407589 	0.835312 	2.23641 	-1.85261e-21
24.8276 	-0.0407589 	0.835312 	2.23641 	-1.85261e-21
24.8977 	-0.0407589 	0.835312 	2.23641 	-1.85261e-21
24.9678 	-0.0407589 	0.835312 	2.23641 	-1.85261e-21
25.038 	-0.0407589 	0.835312 	2.23641 	-1.85261e-21
25.1081 	-0.0407589 	0.835312 	2.23641 	-1.85261e-21
25.1782 	-0.0947889 	0.48336 	1.37287 	0
25.2484 	-0.0947889 	0.48336 	1.37287 	0
25.3185 	-0.0947889 	0.48336 	1.37287 	0
25.3886 	-0.0947889 	0.48336 	1.37287 	0
25.4588 	-0.0947889 	0.48336 	1.37287 	0
25.5289 	-0.0947889 	0.48336 	1.37287 	0
25.5991 	-0.0947889 	0.48336 	1.37287 	0
25.6692 	-0.0947889 	0.48336 	1.37287 	0
25.7393 	-0.0947889 	0.48336 	1.37287 	0
25.8095 	-0.0947889 	0.48336 	1.37287 	0
25.8796 	-0.0947889 	0.48336 	1.37287 	0
25.9497 	-0.0947889 	0.48336 	1.37287 	0
26.0199 	-0.0947889 	0.48336 	1.37287 	0
26.09 	-0.0947889 	0.48336 	1.37287 	0
26.1601 	-0.0947889 	0.48336 	1.37287 	0
26.2303 	-0.181777 	0.48157 	1.38424 	4.17656e-19
26.3004 	-0.181777 	0.48157 	1.38424 	4.17656e-19
26.3705 	-0.181777 	0.48157 	1.38424 	4.17656e-19
26.4407 	-0.181777 	0.48157 	1.38424 	4.17656e-19
26.5108 	-0.181777 	0.48157 	1.38424 	4.17656e-19
26.5809 	-0.181777 	0.48157 	1.38424 	4.17656e-19
26.6511 	-0.181777 	0.48157 	1.38424 	4.17656e-19
26.7212 	-0.181777 	0.48157 	1.38424 	4.17656e-19
26.7913 	-0.181777 	0.48157 	1.38424 	4.17656e-19
26.8615 	-0.181777 	0.48157 	1.38424 	4.17656e-19
26.9316 	-0.181777 	0.48157 	1.38424 	4.17656e-19
27.0017 	-0.181777 	0.48157 	1.38424 	4.17656e-19
27.0719 	-0.181777 	0.48157 	1.38424 	4.17656e-19
27.142 	-0.181777 	0.48157 	1.38424 	4.17656e-19
27.2121 	-0.181777 	0.48157 	1.38424 	4.17656e-19
27.2823 	-0.181777 	0.48157 	1.38424 	4.17656e-19
27.3524 	-0.236205 	0.48359 	1.38605 	-4.48438e-19
27.4225 	-0.236205 	0.48359 	1.38605 	-4.48438e-19
27.4927 	-0.236205 	0.48359 	1.38605 	-4.48438e-19
27.5628 	-0.236205 	0.48359 	1.38605 	-4.48438e-19
27.6329 	-0.236205 	0.48359 	1.38605 	-4.48438e-19
27.7031 	-0.236205 	0.48359 	1.38605 	-4.48438e-19
27.7732 	-0.236205 	0.48359 	1.38605 	-4.48438e-19
27.8434 	-0.236205 	0.48359 	1.38605 	-4.48438e-19
27.9135 	-0.236205 	0.48359 	1.38605 	-4.48438e-19
27.9836 	-0.236205 	0.48359 	1.38605 	-4.48438e-19
28.0538 	-0.236205 	0.48359 	1.38605 	-4.48438e-19
28.1239 	-0.236205 	0.48359 	1.38605 	-4.48438e-19
28.194 	-0.236205 	0.48359 	1.38605 	-4.48438e-19
28.2642 	-0.236205 	0.48359 	1.38605 	-4.48438e-19
28.3343 	-0.236205 	0.48359 	1.38605 	-4.48438e-19
28.4044 	-0.236205 	0.48359 	1.38605 	-4.48438e-19
28.4746 	-0.236205 	0.48359 	1.38605 	-4.48438e-19
28.5447 	-0.236205 	0.48359 	1.38605 	-4.48438e-19
28.6148 	-0.236205 	0.48359 	1.38605 	-4.48438e-19
28.685 	-0.236205 	0.48359 	1.38605 	-4.48438e-19
28.7551 	-0.236205 	0.48359 	1.38605 	-4.48438e-19
28.8252 	-0.236205 	0.48359 	1.38605 	-4.48438e-19
28.8954 	-0.236205 	0.48359 	1.38605 	-4.48438e-19
28.9655 	-0.274884 	0.434982 	1.29388 	-2.55359e-20
29.0356 	-0.274884 	0.434982 	1.29388 	-2.55359e-20
29.1058 	-0.274884 	0.434982 	1.29388 	-2.55359e-20
29.1759 	-0.274884 	0.434982 	1.29388 	-2.55359e-20
29.246 	-0.274884 	0.434982 	1.29388 	-2.55359e-20
29.3162 	-0.274884 	0.434982 	1.29388 	-2.55359e-20
29.3863 	-0.274884 	0.434982 	1.29388 	-2.55359e-20
29.4564 	-0.274884 	0.434982 	1.29388 	-2.55359e-20
29.5266 	-0.274884 	0.434982 	1.29388 	-2.55359e-20
29.5967 	-0.274884 	0.434982 	1.29388 	-2.55359e-20
29.6668 	-0.274884 	0.434982 	1.29388 	-2.55359e-20
29.737 	-0.274884 	0.434982 	1.29388 	-2.55359e-20
29.8071 	-0.274884 	0.434982 	1.29388 	-2.55359e-20
29.8773 	-0.274884 	0.434982 	1.29388 	-2.55359e-20
29.9474 	-0.274884 	0.434982 	1.29388 	-2.55359e-20
30.0175 	-0.274884 	0.434982 	1.29388 	-2.55359e-20
30.0877 	-0.274884 	0.434982 	1.29388 	-2.55359e-20
30.1578 	-0.274884 	0.434982 	1.29388 	-2.55359e-20
30.2279 	-0.274884 	0.434982 	1.29388 	-2.55359e-20
30.2981 	-0.274884 	0.434982 	1.29388 	-2.55359e-20
30.3682 	-0.274884 	0.434982 	1.29388 	-2.55359e-20
30.4383 	-0.274884 	0.434982 	1.29388 	-2.55359e-20
30.5085 	-0.274884 	0.434982 	1.29388 	-2.55359e-20
30.5786 	-0.274884 	0.434982 	1.29388 	-2.55359e-20
30.6487 	-0.274884 	0.434982 	1.29388 	-2.55359e-20
30.7189 	-0.274884 	0.434982 	1.29388 	-2.55359e-20
30.789 	-0.284871 	0.369655 	1.29294 	6.60645e-19
30.8591 	-0.284871 	0.369655 	1.29294 	6.60645e-19
30.9293 	-0.284871 	0.369655 	1.29294 	6.60645e-19
30.9994 	-0.284871 	0.369655 	1.29294 	6.60645e-19
31.0695 	-0.284871 	0.369655 	1.29294 	6.60645e-19
31.1397 	-0.284871 	0.369655 	1.29294 	6.60645e-19
31.2098 	-0.284871 	0.369655 	1.29294 	6.60645e-19
31.2799 	-0.284871 	0.369655 	1.29294 	6.60645e-19
31.3501 	-0.284871 	0.369655 	1.29294 	6.60645e-19
31.4202 	-0.284871 	0.369655 	1.29294 	6.60645e-19
31.4903 	-0.284871 	0.369655 	1.29294 	6.60645e-19
31.5605 	-0.284871 	0.369655 	1.29294 	6.60645e-19
31.6306 	-0.284871 	0.369655 	1.29294 	6.60645e-19
31.7007 	-0.284871 	0.369655 	1.29294 	6.60645e-19
31.7709 	-0.284871 	0.369655 	1.29294 	6.60645e-19
31.841 	-0.284871 	0.369655 	1.29294 	6.60645e-19
31.9111 	-0.284871 	0.369655 	1.29294 	6.60645e-19
31.9813 	-0.284871 	0.369655 	1.29294 	6.60645e-19
32.0514 	-0.284871 	0.369655 	1.29294 	6.60645e-19
32.1216 	-0.284871 	0.369655 	1.29294 	6.60645e-19
32.1917 	-0.284871 	0.369655 	1.29294 	6.60645e-19
32.2618 	-0.284871 	0.369655 	1.29294 	6.60645e-19
32.332 	-0.284871 	0.369655 	1.29294 	6.60645e-19
32.4021 	-0.284871 	0.369655 	1.29294 	6.60645e-19
32.4722 	-0.284871 	0.369655 	1.29294 	6.60645e-19
32.5424 	-0.284871 	0.369655 	1.29294 	6.60645e-19
32.6125 	-0.284871 	0.369655 	1.29294 	6.60645e-19
32.6826 	-0.284871 	0.369655 	1.29294 	6.60645e-19
32.7528 	-0.284871 	0.369655 	1.29294 	6.60645e-19
32.8229 	-0.284871 	0.369655 	1.29294 	6.60645e-19
32.893 	-0.284871 	0.369655 	1.29294 	6.60645e-19
32.9632 	-0.284871 	0.369655 	1.29294 	6.60645e-19
33.0333 	-0.284871 	0.369655 	1.29294 	6.60645e-19
33.1034 	-0.284871 	0.369655 	1.29294 	6.60645e-19
33.1736 	-0.284871 	0.369655 	1.29294 	6.60645e-19
33.2437 	-0.284871 	0.369655 	1.29294 	6.60645e-19
33.3138 	-0.284871 	0.369655 	1.29294 	6.60645e-19
33.384 	-0.284871 	0.369655 	1.29294 	6.60645e-19
33.4541 	-0.284871 	0.369655 	1.29294 	6.60645e-19
33.5242 	-0.284871 	0.369655 	1.29294 	6.60645e-19
33.5944 	-0.284871 	0.369655 	1.29294 	6.60645e-19
33.6645 	-0.284871 	0.369655 	1.29294 	6.60645e-19
33.7346 	-0.331505 	0.372156 	1.36353 	-4.06589e-19
33.8048 	-0.331505 	0.372156 	1.36353 	-4.06589e-19
33.8749 	-0.331505 	0.372156 	1.36353 	-4.06589e-19
33.945 	-0.331505 	0.372156 	1.36353 	-4.06589e-19
34.0152 	-0.331505 	0.372156 	1.36353 	-4.06589e-19
34.0853 	-0.331505 	0.372156 	1.36353 	-4.06589e-19
34.1554 	-0.333526 	0.262647 	1.32088 	3.18316e-19
34.2256 	-0.333526 	0.262647 	1.32088 	3.18316e-19
34.2957 	-0.333526 	0.262647 	1.32088 	3.18316e-19
34.3659 	-0.333526 	0.262647 	1.32088 	3.18316e-19
34.436 	-0.333526 	0.262647 	1.32088 	3.18316e-19
34.5061 	-0.333526 	0.262647 	1.32088 	3.18316e-19
34.5763 	-0.333526 	0.262647 	1.32088 	3.18316e-19
34.6464 	-0.333526 	0.262647 	1.32088 	3.18316e-19
34.7165 	-0.101392 	0.270249 	1.61921 	-2.04983e-19
34.7867 	-0.101392 	0.270249 	1.61921 	-2.04983e-19
34.8568 	-0.101392 	0.270249 	1.61921 	-2.04983e-19
34.9269 	-0.101392 	0.270249 	1.61921 	-2.04983e-19
34.9971 	-0.101392 	0.270249 	1.61921 	-2.04983e-19
35.0672 	-0.101392 	0.270249 	1.61921 	-2.04983e-19
35.1373 	-0.101392 	0.270249 	1.61921 	-2.04983e-19
35.2075 	-0.101392 	0.270249 	1.61921 	-2.04983e-19
35.2776 	-0.101392 	0.270249 	1.61921 	-2.04983e-19
35.3477 	-0.101392 	0.270249 	1.61921 	-2.04983e-19
35.4179 	-0.101392 	0.270249 	1.61921 	-2.04983e-19
35.488 	-0.101392 	0.270249 	1.61921 	-2.04983e-19
35.5581 	-0.101392 	0.270249 	1.61921 	-2.04983e-19
35.6283 	-0.101392 	0.270249 	1.61921 	-2.04983e-19
35.6984 	-0.101392 	0.270249 	1.61921 	-2.04983e-19
35.7685 	-0.101392 	0.270249 	1.61921 	-2.04983e-19
35.8387 	-0.101392 	0.270249 	1.61921 	-2.04983e-19
35.9088 	-0.101392 	0.270249 	1.61921 	-2.04983e-19
35.9789 	-0.101392 	0.270249 	1.61921 	-2.04983e-19
36.0491 	-0.124437 	0.220754 	1.57281 	0
36.1192 	-0.124437 	0.220754 	1.57281 	0
36.1893 	-0.124437 	0.220754 	1.57281 	0
36.2595 	-0.124437 	0.220754 	1.57281 	0
36.3296 	-0.124437 	0.220754 	1.57281 	0
36.3997 	-0.124437 	0.220754 	1.57281 	0
36.4699 	-0.124437 	0.220754 	1.57281 	0
36.54 	-0.124437 	0.220754 	1.57281 	0
36.6102 	-0.124437 	0.220754 	1.57281 	0
36.6803 	-0.124437 	0.220754 	1.57281 	0
36.7504 	-0.124437 	0.220754 	1.57281 	0
36.8206 	-0.124437 	0.220754 	1.57281 	0
36.8907 	-0.249978 	0.150378 	1.46442 	-2.16793e-19
36.9608 	-0.249978 	0.150378 	1.46442 	-2.16793e-19
37.031 	-0.249978 	0.150378 	1.46442 	-2.16793e-19
37.1011 	-0.249978 	0.150378 	1.46442 	-2.16793e-19
37.1712 	-0.249978 	0.150378 	1.46442 	-2.16793e-19
37.2414 	-0.249978 	0.150378 	1.46442 	-2.16793e-19
37.3115 	-0.249978 	0.150378 	1.46442 	-2.16793e-19
37.3816 	-0.249978 	0.150378 	1.46442 	-2.16793e-19
37.4518 	-0.249978 	0.150378 	1.46442 	-2.16793e-19
37.5219 	-0.249978 	0.150378 	1.46442 	-2.16793e-19
37.592 	-0.249978 	0.150378 	1.46442 	-2.16793e-19
37.6622 	-0.249978 	0.150378 	1.46442 	-2.16793e-19
37.7323 	-0.249978 	0.150378 	1.46442 	-2.16793e-19
37.8024 	-0.249978 	0.150378 	1.46442 	-2.16793e-19
37.8726 	-0.249978 	0.150378 	1.46442 	-2.16793e-19
37.9427 	-0.249978 	0.150378 	1.46442 	-2.16793e-19
38.0128 	-0.249978 	0.150378 	1.46442 	-2.16793e-19
38.083 	-0.249978 	0.150378 	1.46442 	-2.16793e-19
38.1531 	-0.249978 	0.150378 	1.46442 	-2.16793e-19
38.2232 	-0.203114 	0.137517 	1.59154 	2.48003e-19
38.2934 	-0.203114 	0.137517 	1.59154 	2.48003e-19
38.3635 	-0.203114 	0.137517 	1.59154 	2.48003e-19
38.4336 	-0.203114 	0.137517 	1.59154 	2.48003e-19
38.5038 	-0.203114 	0.137517 	1.59154 	2.48003e-19
38.5739 	-0.203114 	0.137517 	1.59154 	2.48003e-19
38.644 	-0.203114 	0.137517 	1.59154 	2.48003e-19
38.7142 	-0.203114 	0.137517 	1.59154 	2.48003e-19
38.7843 	-0.203114 	0.137517 	1.59154 	2.48003e-19
38.8545 	-0.203114 	0.137517 	1.59154 	2.48003e-19
38.9246 	-0.203114 	0.137517 	1.59154 	2.48003e-19
38.9947 	-0.203114 	0.137517 	1.59154 	2.48003e-19
39.0649 	-0.203114 	0.137517 	1.59154 	2.48003e-19
39.135 	-0.203114 	0.137517 	1.59154 	2.48003e-19
39.2051 	-0.233744 	0.15122 	1.57967 	0
39.2753 	-0.233744 	0.15122 	1.57967 	0
39.3454 	-0.233744 	0.15122 	1.57967 	0
39.4155 	-0.233744 	0.15122 	1.57967 	0
39.4857 	-0.233744 	0.15122 	1.57967 	0
39.5558 	-0.233744 	0.15122 	1.57967 	0
39.6259 	-0.233744 	0.15122 	1.57967 	0
39.6961 	-0.233744 	0.15122 	1.57967 	0
39.7662 	-0.233744 	0.15122 	1.57967 	0
39.8363 	-0.233744 	0.15122 	1.57967 	0
39.9065 	-0.233744 	0.15122 	1.57967 	0
39.9766 	-0.233744 	0.15122 	1.57967 	0
40.0467 	-0.233744 	0.15122 	1.57967 	0
40.1169 	-0.233744 	0.15122 	1.57967 	0
40.187 	-0.233744 	0.15122 	1.57967 	0
40.2571 	-0.233744 	0.15122 	1.57967 	0
40.3273 	-0.233744 	0.15122 	1.57967 	0
40.3974 	-0.233744 	0.15122 	1.57967 	0
40.4675 	-0.233744 	0.15122 	1.57967 	0
40.5377 	-0.233744 	0.15122 	1.57967 	0
40.6078 	-0.233744 	0.15122 	1.57967 	0
40.6779 	-0.281984 	0.232294 	1.50687 	1.8128e-19
40.7481 	-0.281984 	0.232294 	1.50687 	1.8128e-19
40.8182 	-0.281984 	0.232294 	1.50687 	1.8128e-19
40.8883 	-0.281984 	0.232294 	1.50687 	1.8128e-19
40.9585 	-0.281984 	0.232294 	1.50687 	1.8128e-19
41.0286 	-0.281984 	0.232294 	1.50687 	1.8128e-19
41.0988 	-0.281984 	0.232294 	1.50687 	1.8128e-19
41.1689 	-0.281984 	0.232294 	1.50687 	1.8128e-19
41.239 	-0.328141 	0.215569 	1.60632 	-3.35816e-19
41.3092 	-0.328141 	0.215569 	1.60632 	-3.35816e-19
41.3793 	-0.328141 	0.215569 	1.60632 	-3.35816e-19
41.4494 	-0.328141 	0.215569 	1.60632 	-3.35816e-19
41.5196 	-0.328141 	0.215569 	1.60632 	-3.35816e-19
41.5897 	-0.328141 	0.215569 	1.60632 	-3.35816e-19
41.6598 	-0.328141 	0.215569 	1.60632 	-3.35816e-19
41.73 	-0.328141 	0.215569 	1.60632 	-3.35816e-19
41.8001 	-0.328141 	0.215569 	1.60632 	-3.35816e-19
41.8702 	-0.328141 	0.215569 	1.60632 	-3.35816e-19
41.9404 	-0.328141 	0.215569 	1.60632 	-3.35816e-19
42.0105 	-0.328141 	0.215569 	1.60632 	-3.35816e-19
42.0806 	-0.328141 	0.215569 	1.60632 	-3.35816e-19
42.1508 	-0.328141 	0.215569 	1.60632 	-3.35816e-19
42.2209 	-0.328141 	0.215569 	1.60632 	-3.35816e-19
42.291 	-0.328141 	0.215569 	1.60632 	-3.35816e-19
42.3612 	-0.328141 	0.215569 	1.60632 	-3.35816e-19
42.4313 	-0.328141 	0.215569 	1.60632 	-3.35816e-19
42.5014 	-0.328141 	0.215569 	1.60632 	-3.35816e-19
42.5716 	-0.328141 	0.215569 	1.60632 	-3.35816e-19
42.6417 	-0.328141 	0.215569 	1.60632 	-3.35816e-19
42.7118 	-0.381895 	0.285083 	1.61968 	0
42.782 	-0.381895 	0.285083 	1.61968 	0
42.8521 	-0.381895 	0.285083 	1.61968 	0
42.9222 	-0.381895 	0.285083 	1.61968 	0
42.9924 	-0.400389 	0.174085 	1.73266 	0
43.0625 	-0.400389 	0.174085 	1.73266 	0
43.1327 	-0.400389 	0.174085 	1.73266 	0
43.2028 	-0.400389 	0.174085 	1.73266 	0
43.2729 	-0.400389 	0.174085 	1.73266 	0
43.3431 	-0.400389 	0.174085 	1.73266 	0
43.4132 	-0.400389 	0.174085 	1.73266 	0
43.4833 	-0.400389 	0.174085 	1.73266 	0
43.5535 	-0.400389 	0.174085 	1.73266 	0
43.6236 	-0.400389 	0.174085 	1.73266 	0
43.6937 	-0.400389 	0.174085 	1.73266 	0
43.7639 	-0.400389 	0.174085 	1.73266 	0
43.834 	-0.400389 	0.174085 	1.73266 	0
43.9041 	-0.400389 	0.174085 	1.73266 	0
43.9743 	-0.400389 	0.174085 	1.73266 	0
44.0444 	-0.400389 	0.174085 	1.73266 	0
44.1145 	-0.400389 	0.174085 	1.73266 	0
44.1847 	-0.400389 	0.174085 	1.73266 	0
44.2548 	-0.400389 	0.174085 	1.73266 	0
44.3249 	-0.400389 	0.174085 	1.73266 	0
44.3951 	-0.400389 	0.174085 	1.73266 	0
44.4652 	-0.400389 	0.174085 	1.73266 	0
44.5353 	-0.400389 	0.174085 	1.73266 	0
44.6055 	-0.400389 	0.174085 	1.73266 	0
44.6756 	-0.400389 	0.174085 	1.73266 	0
44.7457 	-0.400389 	0.174085 	1.73266 	0
44.8159 	-0.455581 	0.189834 	1.81586 	0
44.886 	-0.455581 	0.189834 	1.81586 	0
44.9561 	-0.455581 	0.189834 	1.81586 	0
45.0263 	-0.455581 	0.189834 	1.81586 	0
45.0964 	-0.455581 	0.189834 	1.81586 	0
45.1665 	-0.455581 	0.189834 	1.81586 	0
45.2367 	-0.455581 	0.189834 	1.81586 	0
45.3068 	-0.455581 	0.189834 	1.81586 	0
45.377 	-0.455581 	0.189834 	1.81586 	0
45.4471 	-0.455581 	0.189834 	1.81586 	0
45.5172 	-0.455581 	0.189834 	1.81586 	0
45.5874 	-0.455581 	0.189834 	1.81586 	0
45.6575 	-0.455581 	0.189834 	1.81586 	0
45.7276 	-0.455581 	0.189834 	1.81586 	0
45.7978 	-0.455581 	0.189834 	1.81586 	0
45.8679 	-0.455581 	0.189834 	1.81586 	0
45.938 	-0.455581 	0.189834 	1.81586 	0
46.0082 	-0.455581 	0.189834 	1.81586 	0
46.0783 	-0.455581 	0.189834 	1.81586 	0
46.1484 	-0.455581 	0.189834 	1.81586 	0
46.2186 	-0.455581 	0.189834 	1.81586 	0
46.2887 	-0.455581 	0.189834 	1.81586 	0
46.3588 	-0.455581 	0.189834 	1.81586 	0
46.429 	-0.455581 	0.189834 	1.81586 	0
46.4991 	-0.455581 	0.189834 	1.81586 	0
46.5692 	-0.455581 	0.189834 	1.81586 	0
46.6394 	-0.489192 	0.0427253 	1.83151 	-7.11559e-19
46.7095 	-0.489192 	0.0427253 	1.83151 	-7.11559e-19
46.7796 	-0.489192 	0.0427253 	1.83151 	-7.11559e-19
46.8498 	-0.489192 	0.0427253 	1.83151 	-7.11559e-19
46.9199 	-0.489192 	0.0427253 	1.83151 	-7.11559e-19
46.99 	-0.489192 	0.0427253 	1.83151 	-7.11559e-19
47.0602 	-0.489192 	0.0427253 	1.83151 	-7.11559e-19
47.1303 	-0.489192 	0.0427253 	1.83151 	-7.11559e-19
47.2004 	-0.489192 	0.0427253 	1.83151 	-7.11559e-19
47.2706 	-0.489192 	0.0427253 	1.83151 	-7.11559e-19
47.3407 	-0.489192 	0.0427253 	1.83151 	-7.11559e-19
47.4108 	-0.489192 	0.0427253 	1.83151 	-7.11559e-19
47.481 	-0.548649 	-0.0744989 	1.64252 	9.74375e-19
47.5511 	-0.548649 	-0.0744989 	1.64252 	9.74375e-19
47.6213 	-0.548649 	-0.0744989 	1.64252 	9.74375e-19
47.6914 	-0.548649 	-0.0744989 	1.64252 	9.74375e-19
47.7615 	-0.548649 	-0.0744989 	1.64252 	9.74375e-19
47.8317 	-0.548649 	-0.0744989 	1.64252 	9.74375e-19
47.9018 	-0.548649 	-0.0744989 	1.64252 	9.74375e-19
47.9719 	-0.548649 	-0.0744989 	1.64252 	9.74375e-19
48.0421 	-0.548649 	-0.0744989 	1.64252 	9.74375e-19
48.1122 	-0.548649 	-0.0744989 	1.64252 	9.74375e-19
48.1823 	-0.548649 	-0.0744989 	1.64252 	9.74375e-19
48.2525 	-0.548649 	-0.0744989 	1.64252 	9.74375e-19
48.3226 	-0.548649 	-0.0744989 	1.64252 	9.74375e-19
48.3927 	-0.548649 	-0.0744989 	1.64252 	9.74375e-19
48.4629 	-0.548649 	-0.0744989 	1.64252 	9.74375e-19
48.533 	-0.548649 	-0.0744989 	1.64252 	9.74375e-19
48.6031 	-0.548649 	-0.0744989 	1.64252 	9.74375e-19
48.6733 	-0.548649 	-0.0744989 	1.64252 	9.74375e-19
48.7434 	-0.54511 	-0.272403 	1.65441 	0
48.8135 	-0.54511 	-0.272403 	1.65441 	0
48.8837 	-0.54511 	-0.272403 	1.65441 	0
48.9538 	-0.54511 	-0.272403 	1.65441 	0
49.0239 	-0.54511 	-0.272403 	1.65441 	0
49.0941 	-0.54511 	-0.272403 	1.65441 	0
49.1642 	-0.54511 	-0.272403 	1.65441 	0
49.2343 	-0.54511 	-0.272403 	1.65441 	0
49.3045 	-0.54511 	-0.272403 	1.65441 	0
49.3746 	-0.54511 	-0.272403 	1.65441 	0
49.4447 	-0.54511 	-0.272403 	1.65441 	0
49.5149 	-0.54511 	-0.272403 	1.65441 	0
49.585 	-0.54511 	-0.272403 	1.65441 	0
49.6551 	-0.54511 	-0.272403 	1.65441 	0
49.7253 	-0.54511 	-0.272403 	1.65441 	0
49.7954 	-0.54511 	-0.272403 	1.65441 	0
49.8656 	-0.54511 	-0.272403 	1.65441 	0
49.9357 	-0.54511 	-0.272403 	1.65441 	0
50.0058 	-0.54511 	-0.272403 	1.65441 	0
50.076 	-0.54511 	-0.272403 	1.65441 	0
50.1461 	-0.54511 	-0.272403 	1.65441 	0
50.2162 	-0.54511 	-0.272403 	1.65441 	0
50.2864 	-0.54511 	-0.272403 	1.65441 	0
50.3565 	-0.54511 	-0.272403 	1.65441 	0
50.4266 	-0.54511 	-0.272403 	1.65441 	0
50.4968 	-0.554195 	-0.305437 	2.32108 	3.53647e-19
50.5669 	-0.554195 	-0.305437 	2.32108 	3.53647e-19
50.637 	-0.554195 	-0.305437 	2.32108 	3.53647e-19
50.7072 	-0.554195 	-0.305437 	2.32108 	3.53647e-19
50.7773 	-0.554195 	-0.305437 	2.32108 	3.53647e-19
50.8474 	-0.554195 	-0.305437 	2.32108 	3.53647e-19
50.9176 	-0.554195 	-0.305437 	2.32108 	3.53647e-19
50.9877 	-0.377432 	-0.351956 	2.29096 	-3.1781e-19
51.0578 	-0.377432 	-0.351956 	2.29096 	-3.1781e-19
51.128 	-0.315206 	-0.448271 	2.0456 	-1.32405e-19
51.1981 	-0.315206 	-0.448271 	2.0456 	-1.32405e-19
51.2682 	-0.315206 	-0.448271 	2.0456 	-1.32405e-19
51.3384 	-0.315206 	-0.448271 	2.0456 	-1.32405e-19
51.4085 	-0.315206 	-0.448271 	2.0456 	-1.32405e-19
51.4786 	-0.315206 	-0.448271 	2.0456 	-1.32405e-19
51.5488 	-0.315206 	-0.448271 	2.0456 	-1.32405e-19
51.6189 	-0.315206 	-0.448271 	2.0456 	-1.32405e-19
51.689 	-0.315206 	-0.448271 	2.0456 	-1.32405e-19
51.7592 	-0.315206 	-0.448271 	2.0456 	-1.32405e-19
51.8293 	-0.315206 	-0.448271 	2.0456 	-1.32405e-19
51.8994 	-0.315206 	-0.448271 	2.0456 	-1.32405e-19
51.9696 	-0.315206 	-0.448271 	2.0456 	-1.32405e-19
52.0397 	-0.315206 	-0.448271 	2.0456 	-1.32405e-19
52.1099 	-0.315206 	-0.448271 	2.0456 	-1.32405e-19
52.18 	-0.315206 	-0.448271 	2.0456 	-1.32405e-19
52.2501 	-0.315206 	-0.448271 	2.0456 	-1.32405e-19
52.3203 	-0.315206 	-0.448271 	2.0456 	-1.32405e-19
52.3904 	-0.315206 	-0.448271 	2.0456 	-1.32405e-19
52.4605 	-0.315206 	-0.448271 	2.0456 	-1.32405e-19
52.5307 	-0.315206 	-0.448271 	2.0456 	-1.32405e-19
52.6008 	-0.315206 	-0.448271 	2.0456 	-1.32405e-19
52.6709 	-0.315206 	-0.448271 	2.0456 	-1.32405e-19
52.7411 	-0.315206 	-0.448271 	2.0456 	-1.32405e-19
52.8112 	-0.315206 	-0.448271 	2.0456 	-1.32405e-19
52.8813 	-0.315206 	-0.448271 	2.0456 	-1.32405e-19
52.9515 	-0.315206 	-0.448271 	2.0456 	-1.32405e-19
53.0216 	-0.315206 	-0.448271 	2.0456 	-1.32405e-19
53.0917 	-0.315206 	-0.448271 	2.0456 	-1.32405e-19
53.1619 	-0.315206 	-0.448271 	2.0456 	-1.32405e-19
53.232 	-0.315206 	-0.448271 	2.0456 	-1.32405e-19
53.3021 	-0.315206 	-0.448271 	2.0456 	-1.32405e-19
53.3723 	-0.315206 	-0.448271 	2.0456 	-1.32405e-19
53.4424 	-0.176764 	-0.452311 	2.09426 	-8.85106e-20
53.5125 	-0.176764 	-0.452311 	2.09426 	-8.85106e-20
53.5827 	-0.176764 	-0.452311 	2.09426 	-8.85106e-20
53.6528 	-0.176764 	-0.452311 	2.09426 	-8.85106e-20
53.7229 	-0.176764 	-0.452311 	2.09426 	-8.85106e-20
53.7931 	-0.176764 	-0.452311 	2.09426 	-8.85106e-20
53.8632 	-0.176764 	-0.452311 	2.09426 	-8.85106e-20
53.9333 	-0.176764 	-0.452311 	2.09426 	-8.85106e-20
54.0035 	-0.176764 	-0.452311 	2.09426 	-8.85106e-20
54.0736 	-0.176764 	-0.452311 	2.09426 	-8.85106e-20
54.1437 	-0.176764 	-0.452311 	2.09426 	-8.85106e-20
54.2139 	-0.176764 	-0.452311 	2.09426 	-8.85106e-20
54.284 	-0.176764 	-0.452311 	2.09426 	-8.85106e-20
54.3542 	-0.0689107 	-0.413862 	1.97366 	1.0721e-19
54.4243 	-0.0689107 	-0.413862 	1.97366 	1.0721e-19
54.4944 	-0.0689107 	-0.413862 	1.97366 	1.0721e-19
54.5646 	-0.0689107 	-0.413862 	1.97366 	1.0721e-19
54.6347 	-0.0689107 	-0.413862 	1.97366 	1.0721e-19
54.7048 	-0.0689107 	-0.413862 	1.97366 	1.0721e-19
54.775 	-0.0689107 	-0.413862 	1.97366 	1.0721e-19
54.8451 	-0.0689107 	-0.413862 	1.97366 	1.0721e-19
54.9152 	-0.0689107 	-0.413862 	1.97366 	1.0721e-19
54.9854 	-0.0689107 	-0.413862 	1.97366 	1.0721e-19
55.0555 	-0.0689107 	-0.413862 	1.97366 	1.0721e-19
55.1256 	-0.0247081 	-0.398967 	1.96256 	0
55.1958 	-0.0247081 	-0.398967 	1.96256 	0
55.2659 	-0.0247081 	-0.398967 	1.96256 	0
55.336 	-0.0247081 	-0.398967 	1.96256 	0
55.4062 	-0.0247081 	-0.398967 	1.96256 	0
55.4763 	-0.0247081 	-0.398967 	1.96256 	0
55.5464 	-0.0247081 	-0.398967 	1.96256 	0
55.6166 	-0.0247081 	-0.398967 	1.96256 	0
55.6867 	-0.0247081 	-0.398967 	1.96256 	0
55.7568 	-0.0247081 	-0.398967 	1.96256 	0
55.827 	-0.0247081 	-0.398967 	1.96256 	0
55.8971 	-0.0247081 	-0.398967 	1.96256 	0
55.9672 	-0.0247081 	-0.398967 	1.96256 	0
56.0374 	-0.0247081 	-0.398967 	1.96256 	0
56.1075 	-0.0247081 	-0.398967 	1.96256 	0
56.1776 	-0.0247081 	-0.398967 	1.96256 	0
56.2478 	-0.0247081 	-0.398967 	1.96256 	0
56.3179 	-0.0247081 	-0.398967 	1.96256 	0
56.3881 	-0.0272131 	-0.30871 	1.97822 	-1.0915e-20
56.4582 	-0.0272131 	-0.30871 	1.97822 	-1.0915e-20
56.5283 	-0.0272131 	-0.30871 	1.97822 	-1.0915e-20
56.5985 	-0.0272131 	-0.30871 	1.97822 	-1.0915e-20
56.6686 	-0.0272131 	-0.30871 	1.97822 	-1.0915e-20
56.7387 	-0.0272131 	-0.30871 	1.97822 	-1.0915e-20
56.8089 	-0.0272131 	-0.30871 	1.97822 	-1.0915e-20
56.879 	-0.0272131 	-0.30871 	1.97822 	-1.0915e-20
56.9491 	-0.000270777 	-0.265718 	1.96635 	1.09695e-20
57.0193 	-0.000270777 	-0.265718 	1.96635 	1.09695e-20
57.0894 	-0.000270777 	-0.265718 	1.96635 	1.09695e-20
57.1595 	-0.000270777 	-0.265718 	1.96635 	1.09695e-20
57.2297 	-0.000270777 	-0.265718 	1.96635 	1.09695e-20
57.2998 	-0.000270777 	-0.265718 	1.96635 	1.09695e-20
57.3699 	-0.000270777 	-0.265718 	1.96635 	1.09695e-20
57.4401 	-0.000270777 	-0.265718 	1.96635 	1.09695e-20
57.5102 	-0.000270777 	-0.265718 	1.96635 	1.09695e-20
57.5803 	-0.000270777 	-0.265718 	1.96635 	1.09695e-20
57.6505 	-0.000270777 	-0.265718 	1.96635 	1.09695e-20
57.7206 	-0.000270777 	-0.265718 	1.96635 	1.09695e-20
57.7907 	-0.000270777 	-0.265718 	1.96635 	1.09695e-20
57.8609 	-0.000270777 	-0.265718 	1.96635 	1.09695e-20
57.931 	-0.000270777 	-0.265718 	1.96635 	1.09695e-20
58.0011 	-0.000270777 	-0.265718 	1.96635 	1.09695e-20
58.0713 	-0.000270777 	-0.265718 	1.96635 	1.09695e-20
58.1414 	-0.000270777 	-0.265718 	1.96635 	1.09695e-20
58.2115 	-0.000270777 	-0.265718 	1.96635 	1.09695e-20
58.2817 	-0.000270777 	-0.265718 	1.96635 	1.09695e-20
58.3518 	-0.000270777 	-0.265718 	1.96635 	1.09695e-20
58.4219 	-0.000270777 	-0.265718 	1.96635 	1.09695e-20
58.4921 	-0.000270777 	-0.265718 	1.96635 	1.09695e-20
58.5622 	-0.0189317 	-0.233911 	1.94326 	0
58.6324 	-0.0189317 	-0.233911 	1.94326 	0
58.7025 	-0.0189317 	-0.233911 	1.94326 	0
58.7726 	-0.0189317 	-0.233911 	1.94326 	0
58.8428 	-0.0189317 	-0.233911 	1.94326 	0
58.9129 	0.00815558 	-0.186031 	1.90902 	3.27271e-22
58.983 	0.00815558 	-0.186031 	1.90902 	3.27271e-22
59.0532 	0.00815558 	-0.186031 	1.90902 	3.27271e-22
59.1233 	0.00815558 	-0.186031 	1.90902 	3.27271e-22
59.1934 	0.00815558 	-0.186031 	1.90902 	3.27271e-22
59.2636 	0.00815558 	-0.186031 	1.90902 	3.27271e-22
59.3337 	0.00815558 	-0.186031 	1.90902 	3.27271e-22
59.4038 	0.00815558 	-0.186031 	1.90902 	3.27271e-22
59.474 	0.00815558 	-0.186031 	1.90902 	3.27271e-22
59.5441 	0.00815558 	-0.186031 	1.90902 	3.27271e-22
59.6142 	0.00815558 	-0.186031 	1.90902 	3.27271e-22
59.6844 	0.00815558 	-0.186031 	1.90902 	3.27271e-22
59.7545 	0.00815558 	-0.186031 	1.90902 	3.27271e-22
59.8246 	0.00815558 	-0.186031 	1.90902 	3.27271e-22
59.8948 	0.00815558 	-0.186031 	1.90902 	3.27271e-22
59.9649 	0.00815558 	-0.186031 	1.90902 	3.27271e-22
60.035 	0.00815558 	-0.186031 	1.90902 	3.27271e-22
60.1052 	0.00815558 	-0.186031 	1.90902 	3.27271e-22
60.1753 	0.00815558 	-0.186031 	1.90902 	3.27271e-22
60.2454 	0.00815558 	-0.186031 	1.90902 	3.27271e-22
60.3156 	0.00815558 	-0.186031 	1.90902 	3.27271e-22
60.3857 	0.00815558 	-0.186031 	1.90902 	3.27271e-22
60.4558 	0.00815558 	-0.186031 	1.90902 	3.27271e-22
60.526 	0.00815558 	-0.186031 	1.90902 	3.27271e-22
60.5961 	0.00815558 	-0.186031 	1.90902 	3.27271e-22
60.6662 	0.00640427 	-0.173074 	1.83127 	9.83562e-22
60.7364 	0.00640427 	-0.173074 	1.83127 	9.83562e-22
60.8065 	0.00640427 	-0.173074 	1.83127 	9.83562e-22
60.8767 	0.00640427 	-0.173074 	1.83127 	9.83562e-22
60.9468 	0.00640427 	-0.173074 	1.83127 	9.83562e-22
61.0169 	0.00640427 	-0.173074 	1.83127 	9.83562e-22
61.0871 	0.00640427 	-0.173074 	1.83127 	9.83562e-22
61.1572 	0.00640427 	-0.173074 	1.83127 	9.83562e-22
61.2273 	0.00640427 	-0.173074 	1.83127 	9.83562e-22
61.2975 	0.00640427 	-0.173074 	1.83127 	9.83562e-22
61.3676 	0.00640427 	-0.173074 	1.83127 	9.83562e-22
61.4377 	0.00640427 	-0.173074 	1.83127 	9.83562e-22
61.5079 	0.00640427 	-0.173074 	1.83127 	9.83562e-22
61.578 	0.00640427 	-0.173074 	1.83127 	9.83562e-22
61.6481 	0.00515975 	-0.13835 	1.82329 	8.29323e-21
61.7183 	0.00515975 	-0.13835 	1.82329 	8.29323e-21
61.7884 	0.00227917 	-0.110035 	1.81612 	5.80881e-21
61.8585 	0.00227917 	-0.110035 	1.81612 	5.80881e-21
61.9287 	0.00227917 	-0.110035 	1.81612 	5.80881e-21
61.9988 	0.00227917 	-0.110035 	1.81612 	5.80881e-21
62.0689 	0.00227917 	-0.110035 	1.81612 	5.80881e-21
62.1391 	0.00227917 	-0.110035 	1.81612 	5.80881e-21
62.2092 	0.00103409 	-0.0890152 	1.86558 	0
62.2793 	0.00103409 	-0.0890152 	1.86558 	0
62.3495 	0.00103409 	-0.0890152 	1.86558 	0
62.4196 	0.00103409 	-0.0890152 	1.86558 	0
62.4897 	0.00103409 	-0.0890152 	1.86558 	0
62.5599 	0.00103409 	-0.0890152 	1.86558 	0
62.63 	0.00103409 	-0.0890152 	1.86558 	0
62.7001 	0.00103409 	-0.0890152 	1.86558 	0
62.7703 	0.00103409 	-0.0890152 	1.86558 	0
62.8404 	0.00103409 	-0.0890152 	1.86558 	0
62.9105 	0.00103409 	-0.0890152 	1.86558 	0
62.9807 	0.00103409 	-0.0890152 	1.86558 	0
63.0508 	0.00103409 	-0.0890152 	1.86558 	0
63.121 	0.00103409 	-0.0890152 	1.86558 	0
63.1911 	0.00103409 	-0.0890152 	1.86558 	0
63.2612 	0.00103409 	-0.0890152 	1.86558 	0
63.3314 	0.00103409 	-0.0890152 	1.86558 	0
63.4015 	0.00103409 	-0.0890152 	1.86558 	0
63.4716 	0.00103409 	-0.0890152 	1.86558 	0
63.5418 	0.00103409 	-0.0890152 	1.86558 	0
63.6119 	0.00103409 	-0.0890152 	1.86558 	0
63.682 	0.00103409 	-0.0890152 	1.86558 	0
63.7522 	0.00103409 	-0.0890152 	1.86558 	0
63.8223 	0.00103409 	-0.0890152 	1.86558 	0
63.8924 	0.00103409 	-0.0890152 	1.86558 	0
63.9626 	0.00103409 	-0.0890152 	1.86558 	0
64.0327 	0.00103409 	-0.0890152 	1.86558 	0
64.1028 	0.00103409 	-0.0890152 	1.86558 	0
64.173 	0.00362927 	-0.0783002 	1.85357 	-9.52296e-22
64.2431 	0.00362927 	-0.0783002 	1.85357 	-9.52296e-22
64.3132 	0.00362927 	-0.0783002 	1.85357 	-9.52296e-22
64.3834 	0.00362927 	-0.0783002 	1.85357 	-9.52296e-22
64.4535 	0.00362927 	-0.0783002 	1.85357 	-9.52296e-22
64.5236 	0.00362927 	-0.0783002 	1.85357 	-9.52296e-22
64.5938 	0.00362927 	-0.0783002 	1.85357 	-9.52296e-22
64.6639 	0.00362927 	-0.0783002 	1.85357 	-9.52296e-22
64.734 	0.00362927 	-0.0783002 	1.85357 	-9.52296e-22
64.8042 	0.00362927 	-0.0783002 	1.85357 	-9.52296e-22
64.8743 	0.00914264 	-0.0615535 	1.84915 	0
64.9444 	0.00914264 	-0.0615535 	1.84915 	0
65.0146 	0.00914264 	-0.0615535 	1.84915 	0
65.0847 	0.00914264 	-0.0615535 	1.84915 	0
65.1548 	0.00914264 	-0.0615535 	1.84915 	0
65.225 	0.00914264 	-0.0615535 	1.84915 	0
65.2951 	0.00914264 	-0.0615535 	1.84915 	0
65.3653 	0.00914264 	-0.0615535 	1.84915 	0
65.4354 	0.00914264 	-0.0615535 	1.84915 	0
65.5055 	0.00914264 	-0.0615535 	1.84915 	0
65.5757 	0.00914264 	-0.0615535 	1.84915 	0
65.6458 	0.00914264 	-0.0615535 	1.84915 	0
65.7159 	0.00914264 	-0.0615535 	1.84915 	0
65.7861 	0.00914264 	-0.0615535 	1.84915 	0
65.8562 	0.00914264 	-0.0615535 	1.84915 	0
65.9263 	0.00914264 	-0.0615535 	1.84915 	0
65.9965 	0.00914264 	-0.0615535 	1.84915 	0
66.0666 	0.00914264 	-0.0615535 	1.84915 	0
66.1367 	0.00914264 	-0.0615535 	1.84915 	0
66.2069 	0.00914264 	-0.0615535 	1.84915 	0
66.277 	0.00914264 	-0.0615535 	1.84915 	0
66.3471 	0.00914264 	-0.0615535 	1.84915 	0
66.4173 	0.00914264 	-0.0615535 	1.84915 	0
66.4874 	0.00914264 	-0.0615535 	1.84915 	0
66.5575 	0.00914264 	-0.0615535 	1.84915 	0
66.6277 	0.00914264 	-0.0615535 	1.84915 	0
66.6978 	0.00914264 	-0.0615535 	1.84915 	0
66.7679 	0.00914264 	-0.0615535 	1.84915 	0
66.8381 	0.00914264 	-0.0615535 	1.84915 	0
66.9082 	0.00914264 	-0.0615535 	1.84915 	0
66.9783 	0.00674705 	-0.0471143 	1.82673 	0
67.0485 	0.00674705 	-0.0471143 	1.82673 	0
67.1186 	0.00674705 	-0.0471143 	1.82673 	0
67.1887 	0.00674705 	-0.0471143 	1.82673 	0
67.2589 	0.00674705 	-0.0471143 	1.82673 	0
67.329 	0.00674705 	-0.0471143 	1.82673 	0
67.3991 	0.00328616 	-0.0426994 	1.82691 	0
67.4693 	0.00328616 	-0.0426994 	1.82691 	0
67.5394 	0.000385799 	-0.0307251 	1.83514 	0
67.6096 	0.000385799 	-0.0307251 	1.83514 	0
67.6797 	0.000385799 	-0.0307251 	1.83514 	0
67.7498 	0.000385799 	-0.0307251 	1.83514 	0
67.82 	0.000385799 	-0.0307251 	1.83514 	0
67.8901 	0.000385799 	-0.0307251 	1.83514 	0
67.9602 	0.000385799 	-0.0307251 	1.83514 	0
68.0304 	0.000385799 	-0.0307251 	1.83514 	0
68.1005 	0.000385799 	-0.0307251 	1.83514 	0
68.1706 	0.000385799 	-0.0307251 	1.83514 	0
68.2408 	0.000385799 	-0.0307251 	1.83514 	0
68.3109 	0.000385799 	-0.0307251 	1.83514 	0
68.381 	0.000385799 	-0.0307251 	1.83514 	0
68.4512 	0.000385799 	-0.0307251 	1.83514 	0
68.5213 	0.000385799 	-0.0307251 	1.83514 	0
68.5914 	0.000385799 	-0.0307251 	1.83514 	0
68.6616 	0.000385799 	-0.0307251 	1.83514 	0
68.7317 	0.000385799 	-0.0307251 	1.83514 	0
68.8018 	0.000385799 	-0.0307251 	1.83514 	0
68.872 	0.000385799 	-0.0307251 	1.83514 	0
68.9421 	0.000385799 	-0.0307251 	1.83514 	0
69.0122 	0.000385799 	-0.0307251 	1.83514 	0
