0.490941 	1.41179 	0.00577968 	3.0006 	-4.34346e-20
0.561075 	1.41179 	0.00577968 	3.0006 	-4.34346e-20
0.63121 	1.41179 	0.00577968 	3.0006 	-4.34346e-20
0.701344 	1.41179 	0.00577968 	3.0006 	-4.34346e-20
0.771478 	1.41179 	0.00577968 	3.0006 	-4.34346e-20
0.841613 	1.41179 	0.00577968 	3.0006 	-4.34346e-20
0.911747 	1.41179 	0.00577968 	3.0006 	-4.34346e-20
0.981881 	1.41179 	0.00577968 	3.0006 	-4.34346e-20
1.05202 	1.41179 	0.00577968 	3.0006 	-4.34346e-20
1.12215 	1.41179 	0.00577968 	3.0006 	-4.34346e-20
1.19228 	1.41179 	0.00577968 	3.0006 	-4.34346e-20
1.26242 	1.41179 	0.00577968 	3.0006 	-4.34346e-20
1.33255 	1.37248 	0.0139881 	3.0146 	-4.38349e-20
1.40269 	1.37248 	0.0139881 	3.0146 	-4.38349e-20
1.47282 	1.37248 	0.0139881 	3.0146 	-4.38349e-20
1.54296 	1.37248 	0.0139881 	3.0146 	-4.38349e-20
1.61309 	1.37248 	0.0139881 	3.0146 	-4.38349e-20
1.68323 	1.37248 	0.0139881 	3.0146 	-4.38349e-20
1.75336 	1.37248 	0.0139881 	3.0146 	-4.38349e-20
1.82349 	1.37248 	0.0139881 	3.0146 	-4.38349e-20
1.89363 	1.37248 	0.0139881 	3.0146 	-4.38349e-20
1.96376 	1.37248 	0.0139881 	3.0146 	-4.38349e-20
2.0339 	1.37248 	0.0139881 	3.0146 	-4.38349e-20
2.10403 	1.37248 	0.0139881 	3.0146 	-4.38349e-20
2.17417 	1.31171 	0.0142582 	3.03163 	9.2175e-20
2.2443 	1.31171 	0.0142582 	3.03163 	9.2175e-20
2.31443 	1.31171 	0.0142582 	3.03163 	9.2175e-20
2.38457 	1.31171 	0.0142582 	3.03163 	9.2175e-20
2.4547 	1.31171 	0.0142582 	3.03163 	9.2175e-20
2.52484 	1.31171 	0.0142582 	3.03163 	9.2175e-20
2.59497 	1.31171 	0.0142582 	3.03163 	9.2175e-20
2.66511 	1.31171 	0.0142582 	3.03163 	9.2175e-20
2.73524 	1.31171 	0.0142582 	3.03163 	9.2175e-20
2.80538 	1.31171 	0.0142582 	3.03163 	9.2175e-20
2.87551 	1.31171 	0.0142582 	3.03163 	9.2175e-20
2.94564 	1.31171 	0.0142582 	3.03163 	9.2175e-20
3.01578 	1.23774 	0.0163668 	3.05911 	-1.05218e-20
3.08591 	1.23774 	0.0163668 	3.05911 	-1.05218e-20
3.15605 	1.23774 	0.0163668 	3.05911 	-1.05218e-20
3.22618 	1.23774 	0.0163668 	3.05911 	-1.05218e-20
3.29632 	1.23774 	0.0163668 	3.05911 	-1.05218e-20
3.36645 	1.23774 	0.0163668 	3.05911 	-1.05218e-20
3.43659 	1.23774 	0.0163668 	3.05911 	-1.05218e-20
3.50672 	1.23774 	0.0163668 	3.05911 	-1.05218e-20
3.57685 	1.23774 	0.0163668 	3.05911 	-1.05218e-20
3.64699 	1.23774 	0.0163668 	3.05911 	-1.05218e-20
3.71712 	1.23774 	0.0163668 	3.05911 	-1.05218e-20
3.78726 	1.23055 	0.00723203 	3.05526 	2.06365e-20
3.85739 	1.15165 	-0.000863377 	3.08447 	-1.4875e-19
3.92753 	1.15165 	-0.000863377 	3.08447 	-1.4875e-19
3.99766 	1.15165 	-0.000863377 	3.08447 	-1.4875e-19
4.06779 	1.15165 	-0.000863377 	3.08447 	-1.4875e-19
4.13793 	1.15165 	-0.000863377 	3.08447 	-1.4875e-19
4.20806 	1.15165 	-0.000863377 	3.08447 	-1.4875e-19
4.2782 	1.15165 	-0.000863377 	3.08447 	-1.4875e-19
4.34833 	1.15165 	-0.000863377 	3.08447 	-1.4875e-19
4.41847 	1.15165 	-0.000863377 	3.08447 	-1.4875e-19
4.4886 	1.15165 	-0.000863377 	3.08447 	-1.4875e-19
4.55874 	1.15165 	-0.000863377 	3.08447 	-1.4875e-19
4.62887 	1.15165 	-0.000863377 	3.08447 	-1.4875e-19
4.699 	1.15165 	-0.000863377 	3.08447 	-1.4875e-19
4.76914 	1.07293 	0.00563655 	3.10633 	2.87165e-19
4.83927 	1.07293 	0.00563655 	3.10633 	2.87165e-19
4.90941 	1.07293 	0.00563655 	3.10633 	2.87165e-19
4.97954 	1.07293 	0.00563655 	3.10633 	2.87165e-19
5.04968 	1.07293 	0.00563655 	3.10633 	2.87165e-19
5.11981 	1.07293 	0.00563655 	3.10633 	2.87165e-19
5.18994 	1.07293 	0.00563655 	3.10633 	2.87165e-19
5.26008 	1.07293 	0.00563655 	3.10633 	2.87165e-19
5.33021 	1.07293 	0.00563655 	3.10633 	2.87165e-19
5.40035 	1.07293 	0.00563655 	3.10633 	2.87165e-19
5.47048 	1.07293 	0.00563655 	3.10633 	2.87165e-19
5.54062 	1.07293 	0.00563655 	3.10633 	2.87165e-19
5.61075 	0.998298 	-0.00217083 	3.13393 	-1.38186e-19
5.68089 	0.998298 	-0.00217083 	3.13393 	-1.38186e-19
5.75102 	0.998298 	-0.00217083 	3.13393 	-1.38186e-19
5.82115 	0.998298 	-0.00217083 	3.13393 	-1.38186e-19
5.89129 	0.998298 	-0.00217083 	3.13393 	-1.38186e-19
5.96142 	0.998298 	-0.00217083 	3.13393 	-1.38186e-19
6.03156 	0.998298 	-0.00217083 	3.13393 	-1.38186e-19
6.10169 	0.998298 	-0.00217083 	3.13393 	-1.38186e-19
6.17183 	0.998298 	-0.00217083 	3.13393 	-1.38186e-19
6.24196 	0.998298 	-0.00217083 	3.13393 	-1.38186e-19
6.3121 	0.998298 	-0.00217083 	3.13393 	-1.38186e-19
6.38223 	0.998298 	-0.00217083 	3.13393 	-1.38186e-19
6.45236 	0.927029 	0.00556038 	3.15296 	0
6.5225 	0.927029 	0.00556038 	3.15296 	0
6.59263 	0.927029 	0.00556038 	3.15296 	0
6.66277 	0.927029 	0.00556038 	3.15296 	0
6.7329 	0.927029 	0.00556038 	3.15296 	0
6.80304 	0.927029 	0.00556038 	3.15296 	0
6.87317 	0.927029 	0.00556038 	3.15296 	0
6.9433 	0.927029 	0.00556038 	3.15296 	0
7.01344 	0.927029 	0.00556038 	3.15296 	0
7.08357 	0.927029 	0.00556038 	3.15296 	0
7.15371 	0.927029 	0.00556038 	3.15296 	0
7.22384 	0.927029 	0.00556038 	3.15296 	0
7.29398 	0.859095 	-0.00107935 	3.17824 	0
7.36411 	0.859095 	-0.00107935 	3.17824 	0
7.43425 	0.859095 	-0.00107935 	3.17824 	0
7.50438 	0.859095 	-0.00107935 	3.17824 	0
7.57451 	0.859095 	-0.00107935 	3.17824 	0
7.64465 	0.859095 	-0.00107935 	3.17824 	0
7.71478 	0.859095 	-0.00107935 	3.17824 	0
7.78492 	0.859095 	-0.00107935 	3.17824 	0
7.85505 	0.859095 	-0.00107935 	3.17824 	0
7.92519 	0.859095 	-0.00107935 	3.17824 	0
7.99532 	0.859095 	-0.00107935 	3.17824 	0
8.06545 	0.859095 	-0.00107935 	3.17824 	0
8.13559 	0.859095 	-0.00107935 	3.17824 	0
8.20572 	0.791961 	0.00844774 	3.19557 	3.7732e-22
8.27586 	0.791961 	0.00844774 	3.19557 	3.7732e-22
8.34599 	0.791961 	0.00844774 	3.19557 	3.7732e-22
8.41613 	0.791961 	0.00844774 	3.19557 	3.7732e-22
8.48626 	0.791961 	0.00844774 	3.19557 	3.7732e-22
8.5564 	0.791961 	0.00844774 	3.19557 	3.7732e-22
8.62653 	0.791961 	0.00844774 	3.19557 	3.7732e-22
8.69666 	0.791961 	0.00844774 	3.19557 	3.7732e-22
8.7668 	0.791961 	0.00844774 	3.19557 	3.7732e-22
8.83693 	0.791961 	0.00844774 	3.19557 	3.7732e-22
8.90707 	0.791961 	0.00844774 	3.19557 	3.7732e-22
8.9772 	0.791961 	0.00844774 	3.19557 	3.7732e-22
9.04734 	0.725599 	0.00443452 	3.22018 	1.84747e-19
9.11747 	0.725599 	0.00443452 	3.22018 	1.84747e-19
9.18761 	0.725599 	0.00443452 	3.22018 	1.84747e-19
9.25774 	0.725599 	0.00443452 	3.22018 	1.84747e-19
9.32787 	0.725599 	0.00443452 	3.22018 	1.84747e-19
9.39801 	0.725599 	0.00443452 	3.22018 	1.84747e-19
9.46814 	0.725599 	0.00443452 	3.22018 	1.84747e-19
9.53828 	0.725599 	0.00443452 	3.22018 	1.84747e-19
9.60841 	0.725599 	0.00443452 	3.22018 	1.84747e-19
9.67855 	0.725599 	0.00443452 	3.22018 	1.84747e-19
9.74868 	0.725599 	0.00443452 	3.22018 	1.84747e-19
9.81881 	0.725599 	0.00443452 	3.22018 	1.84747e-19
9.88895 	0.725599 	0.00443452 	3.22018 	1.84747e-19
9.95908 	0.658417 	0.0194747 	3.23719 	-7.46404e-21
10.0292 	0.658417 	0.0194747 	3.23719 	-7.46404e-21
10.0994 	0.658417 	0.0194747 	3.23719 	-7.46404e-21
10.1695 	0.658417 	0.0194747 	3.23719 	-7.46404e-21
10.2396 	0.658417 	0.0194747 	3.23719 	-7.46404e-21
10.3098 	0.658417 	0.0194747 	3.23719 	-7.46404e-21
10.3799 	0.658417 	0.0194747 	3.23719 	-7.46404e-21
10.45 	0.658417 	0.0194747 	3.23719 	-7.46404e-21
10.5202 	0.658417 	0.0194747 	3.23719 	-7.46404e-21
10.5903 	0.658417 	0.0194747 	3.23719 	-7.46404e-21
10.6604 	0.658417 	0.0194747 	3.23719 	-7.46404e-21
10.7306 	0.658417 	0.0194747 	3.23719 	-7.46404e-21
10.8007 	0.590134 	0.0262189 	3.26216 	-1.75277e-19
10.8708 	0.590134 	0.0262189 	3.26216 	-1.75277e-19
10.941 	0.590134 	0.0262189 	3.26216 	-1.75277e-19
11.0111 	0.590134 	0.0262189 	3.26216 	-1.75277e-19
11.0812 	0.590134 	0.0262189 	3.26216 	-1.75277e-19
11.1514 	0.590134 	0.0262189 	3.26216 	-1.75277e-19
11.2215 	0.590134 	0.0262189 	3.26216 	-1.75277e-19
11.2916 	0.590134 	0.0262189 	3.26216 	-1.75277e-19
11.3618 	0.590134 	0.0262189 	3.26216 	-1.75277e-19
11.4319 	0.590134 	0.0262189 	3.26216 	-1.75277e-19
11.502 	0.590134 	0.0262189 	3.26216 	-1.75277e-19
11.5722 	0.590134 	0.0262189 	3.26216 	-1.75277e-19
11.6423 	0.590134 	0.0262189 	3.26216 	-1.75277e-19
11.7124 	0.515152 	0.0593063 	3.28179 	-2.42933e-19
11.7826 	0.515152 	0.0593063 	3.28179 	-2.42933e-19
11.8527 	0.515152 	0.0593063 	3.28179 	-2.42933e-19
11.9228 	0.515152 	0.0593063 	3.28179 	-2.42933e-19
11.993 	0.515152 	0.0593063 	3.28179 	-2.42933e-19
12.0631 	0.515152 	0.0593063 	3.28179 	-2.42933e-19
12.1332 	0.515152 	0.0593063 	3.28179 	-2.42933e-19
12.2034 	0.515152 	0.0593063 	3.28179 	-2.42933e-19
12.2735 	0.515152 	0.0593063 	3.28179 	-2.42933e-19
12.3437 	0.515152 	0.0593063 	3.28179 	-2.42933e-19
12.4138 	0.515152 	0.0593063 	3.28179 	-2.42933e-19
12.4839 	0.515152 	0.0593063 	3.28179 	-2.42933e-19
12.5541 	0.515152 	0.0593063 	3.28179 	-2.42933e-19
12.6242 	0.428325 	0.0865265 	3.31026 	4.44261e-19
12.6943 	0.428325 	0.0865265 	3.31026 	4.44261e-19
12.7645 	0.428325 	0.0865265 	3.31026 	4.44261e-19
12.8346 	0.428325 	0.0865265 	3.31026 	4.44261e-19
12.9047 	0.428325 	0.0865265 	3.31026 	4.44261e-19
12.9749 	0.428325 	0.0865265 	3.31026 	4.44261e-19
13.045 	0.428325 	0.0865265 	3.31026 	4.44261e-19
13.1151 	0.428325 	0.0865265 	3.31026 	4.44261e-19
13.1853 	0.428325 	0.0865265 	3.31026 	4.44261e-19
13.2554 	0.428325 	0.0865265 	3.31026 	4.44261e-19
13.3255 	0.428325 	0.0865265 	3.31026 	4.44261e-19
13.3957 	0.428325 	0.0865265 	3.31026 	4.44261e-19
13.4658 	0.428325 	0.0865265 	3.31026 	4.44261e-19
13.5359 	0.312306 	0.165714 	3.34689 	-2.00376e-19
13.6061 	0.312306 	0.165714 	3.34689 	-2.00376e-19
13.6762 	0.312306 	0.165714 	3.34689 	-2.00376e-19
13.7463 	0.312306 	0.165714 	3.34689 	-2.00376e-19
13.8165 	0.312306 	0.165714 	3.34689 	-2.00376e-19
13.8866 	0.312306 	0.165714 	3.34689 	-2.00376e-19
13.9567 	0.312306 	0.165714 	3.34689 	-2.00376e-19
14.0269 	0.312306 	0.165714 	3.34689 	-2.00376e-19
14.097 	0.312306 	0.165714 	3.34689 	-2.00376e-19
14.1671 	0.312306 	0.165714 	3.34689 	-2.00376e-19
14.2373 	0.312306 	0.165714 	3.34689 	-2.00376e-19
14.3074 	0.312306 	0.165714 	3.34689 	-2.00376e-19
14.3776 	0.200502 	0.191402 	3.37144 	0
14.4477 	-0.0119101 	0.188071 	3.43231 	-1.27826e-21
14.5178 	-0.0119101 	0.188071 	3.43231 	-1.27826e-21
14.588 	-0.0119101 	0.188071 	3.43231 	-1.27826e-21
14.6581 	-0.0119101 	0.188071 	3.43231 	-1.27826e-21
14.7282 	-0.0119101 	0.188071 	3.43231 	-1.27826e-21
14.7984 	-0.0119101 	0.188071 	3.43231 	-1.27826e-21
14.8685 	0.0113351 	0.214149 	3.42371 	-1.75835e-21
14.9386 	0.0113351 	0.214149 	3.42371 	-1.75835e-21
15.0088 	0.0113351 	0.214149 	3.42371 	-1.75835e-21
15.0789 	0.0113351 	0.214149 	3.42371 	-1.75835e-21
15.149 	0.0113351 	0.214149 	3.42371 	-1.75835e-21
15.2192 	-0.236944 	0.280301 	3.49262 	-3.63678e-19
15.2893 	-0.236944 	0.280301 	3.49262 	-3.63678e-19
15.3594 	-0.236944 	0.280301 	3.49262 	-3.63678e-19
15.4296 	-0.109189 	0.355084 	3.44827 	1.91744e-19
15.4997 	-0.109189 	0.355084 	3.44827 	1.91744e-19
15.5698 	-0.109189 	0.355084 	3.44827 	1.91744e-19
15.64 	-0.109189 	0.355084 	3.44827 	1.91744e-19
15.7101 	-0.109189 	0.355084 	3.44827 	1.91744e-19
15.7802 	-0.109189 	0.355084 	3.44827 	1.91744e-19
15.8504 	-0.109189 	0.355084 	3.44827 	1.91744e-19
15.9205 	-0.379376 	0.355123 	3.54906 	9.8916e-20
15.9906 	-0.379376 	0.355123 	3.54906 	9.8916e-20
16.0608 	-0.379376 	0.355123 	3.54906 	9.8916e-20
16.1309 	-0.161952 	0.445043 	3.45988 	-3.71057e-20
16.201 	-0.161952 	0.445043 	3.45988 	-3.71057e-20
16.2712 	-0.161952 	0.445043 	3.45988 	-3.71057e-20
16.3413 	-0.161952 	0.445043 	3.45988 	-3.71057e-20
16.4114 	-0.161952 	0.445043 	3.45988 	-3.71057e-20
16.4816 	-0.161952 	0.445043 	3.45988 	-3.71057e-20
16.5517 	-0.161952 	0.445043 	3.45988 	-3.71057e-20
16.6219 	-0.360397 	0.547539 	3.54045 	0
16.692 	-0.360397 	0.547539 	3.54045 	0
16.7621 	-0.360397 	0.547539 	3.54045 	0
16.8323 	-0.360397 	0.547539 	3.54045 	0
16.9024 	-0.360397 	0.547539 	3.54045 	0
16.9725 	-0.117163 	0.553829 	3.4367 	-1.44772e-20
17.0427 	-0.117163 	0.553829 	3.4367 	-1.44772e-20
17.1128 	-0.117163 	0.553829 	3.4367 	-1.44772e-20
17.1829 	-0.117163 	0.553829 	3.4367 	-1.44772e-20
17.2531 	-0.278632 	0.644806 	3.49615 	-2.84896e-19
17.3232 	-0.278632 	0.644806 	3.49615 	-2.84896e-19
17.3933 	-0.278632 	0.644806 	3.49615 	-2.84896e-19
17.4635 	-0.278632 	0.644806 	3.49615 	-2.84896e-19
17.5336 	-0.278632 	0.644806 	3.49615 	-2.84896e-19
17.6037 	-0.278632 	0.644806 	3.49615 	-2.84896e-19
17.6739 	-0.278632 	0.644806 	3.49615 	-2.84896e-19
17.744 	-0.278632 	0.644806 	3.49615 	-2.84896e-19
17.8141 	-0.278632 	0.644806 	3.49615 	-2.84896e-19
17.8843 	-0.278632 	0.644806 	3.49615 	-2.84896e-19
17.9544 	-0.192343 	0.661801 	3.40584 	0
18.0245 	-0.192343 	0.661801 	3.40584 	0
18.0947 	-0.192343 	0.661801 	3.40584 	0
18.1648 	-0.192343 	0.661801 	3.40584 	0
18.2349 	-0.192343 	0.661801 	3.40584 	0
18.3051 	-0.192343 	0.661801 	3.40584 	0
18.3752 	-0.192343 	0.661801 	3.40584 	0
18.4453 	-0.192343 	0.661801 	3.40584 	0
18.5155 	-0.192343 	0.661801 	3.40584 	0
18.5856 	-0.293601 	0.760694 	3.45485 	0
18.6557 	-0.293601 	0.760694 	3.45485 	0
18.7259 	-0.293601 	0.760694 	3.45485 	0
18.796 	-0.293601 	0.760694 	3.45485 	0
18.8662 	-0.293601 	0.760694 	3.45485 	0
18.9363 	-0.293601 	0.760694 	3.45485 	0
19.0064 	-0.293601 	0.760694 	3.45485 	0
19.0766 	-0.293601 	0.760694 	3.45485 	0
19.1467 	-0.293601 	0.760694 	3.45485 	0
19.2168 	-0.348729 	0.81028 	3.43734 	1.89925e-19
19.287 	-0.102534 	0.728308 	3.19627 	8.02579e-20
19.3571 	-0.102534 	0.728308 	3.19627 	8.02579e-20
19.4272 	-0.102534 	0.728308 	3.19627 	8.02579e-20
19.4974 	-0.102534 	0.728308 	3.19627 	8.02579e-20
19.5675 	-0.102534 	0.728308 	3.19627 	8.02579e-20
19.6376 	-0.102534 	0.728308 	3.19627 	8.02579e-20
19.7078 	-0.102534 	0.728308 	3.19627 	8.02579e-20
19.7779 	-0.102534 	0.728308 	3.19627 	8.02579e-20
19.848 	-0.102534 	0.728308 	3.19627 	8.02579e-20
19.9182 	-0.155432 	0.809908 	3.28381 	1.53241e-19
19.9883 	-0.155432 	0.809908 	3.28381 	1.53241e-19
20.0584 	-0.155432 	0.809908 	3.28381 	1.53241e-19
20.1286 	-0.155432 	0.809908 	3.28381 	1.53241e-19
20.1987 	-0.155432 	0.809908 	3.28381 	1.53241e-19
20.2688 	-0.155432 	0.809908 	3.28381 	1.53241e-19
20.339 	-0.155432 	0.809908 	3.28381 	1.53241e-19
20.4091 	-0.155432 	0.809908 	3.28381 	1.53241e-19
20.4792 	-0.155432 	0.809908 	3.28381 	1.53241e-19
20.5494 	-0.155432 	0.809908 	3.28381 	1.53241e-19
20.6195 	-0.215389 	0.852299 	3.32218 	1.35019e-19
20.6896 	-0.215389 	0.852299 	3.32218 	1.35019e-19
20.7598 	-0.215389 	0.852299 	3.32218 	1.35019e-19
20.8299 	-0.215389 	0.852299 	3.32218 	1.35019e-19
20.9 	-0.118426 	0.73428 	2.67444 	9.74622e-20
20.9702 	-0.118426 	0.73428 	2.67444 	9.74622e-20
21.0403 	-0.118426 	0.73428 	2.67444 	9.74622e-20
21.1105 	-0.118426 	0.73428 	2.67444 	9.74622e-20
21.1806 	-0.118426 	0.73428 	2.67444 	9.74622e-20
21.2507 	-0.118426 	0.73428 	2.67444 	9.74622e-20
21.3209 	-0.165163 	0.804752 	2.88417 	0
21.391 	-0.165163 	0.804752 	2.88417 	0
21.4611 	-0.165163 	0.804752 	2.88417 	0
21.5313 	-0.165163 	0.804752 	2.88417 	0
21.6014 	-0.165163 	0.804752 	2.88417 	0
21.6715 	-0.165163 	0.804752 	2.88417 	0
21.7417 	-0.165163 	0.804752 	2.88417 	0
21.8118 	-0.165163 	0.804752 	2.88417 	0
21.8819 	-0.165163 	0.804752 	2.88417 	0
21.9521 	-0.165163 	0.804752 	2.88417 	0
22.0222 	-0.165163 	0.804752 	2.88417 	0
22.0923 	-0.207808 	0.858131 	3.01486 	1.48349e-19
22.1625 	-0.207808 	0.858131 	3.01486 	1.48349e-19
22.2326 	-0.207808 	0.858131 	3.01486 	1.48349e-19
22.3027 	-0.207808 	0.858131 	3.01486 	1.48349e-19
22.3729 	-0.207808 	0.858131 	3.01486 	1.48349e-19
22.443 	-0.207808 	0.858131 	3.01486 	1.48349e-19
22.5131 	-0.207808 	0.858131 	3.01486 	1.48349e-19
22.5833 	-0.207808 	0.858131 	3.01486 	1.48349e-19
22.6534 	-0.207808 	0.858131 	3.01486 	1.48349e-19
22.7235 	-0.207808 	0.858131 	3.01486 	1.48349e-19
22.7937 	-0.207808 	0.858131 	3.01486 	1.48349e-19
22.8638 	-0.260161 	0.910274 	3.10049 	-3.98956e-19
22.9339 	-0.260161 	0.910274 	3.10049 	-3.98956e-19
23.0041 	-0.260161 	0.910274 	3.10049 	-3.98956e-19
23.0742 	-0.222478 	0.721214 	2.13591 	-6.11915e-20
23.1443 	-0.222478 	0.721214 	2.13591 	-6.11915e-20
23.2145 	-0.222478 	0.721214 	2.13591 	-6.11915e-20
23.2846 	-0.222478 	0.721214 	2.13591 	-6.11915e-20
23.3548 	-0.222478 	0.721214 	2.13591 	-6.11915e-20
23.4249 	-0.222478 	0.721214 	2.13591 	-6.11915e-20
23.495 	-0.222478 	0.721214 	2.13591 	-6.11915e-20
23.5652 	-0.222478 	0.721214 	2.13591 	-6.11915e-20
23.6353 	-0.222478 	0.721214 	2.13591 	-6.11915e-20
23.7054 	-0.273189 	0.769066 	2.28703 	5.76054e-20
23.7756 	-0.273189 	0.769066 	2.28703 	5.76054e-20
23.8457 	-0.273189 	0.769066 	2.28703 	5.76054e-20
23.9158 	-0.273189 	0.769066 	2.28703 	5.76054e-20
23.986 	-0.273189 	0.769066 	2.28703 	5.76054e-20
24.0561 	-0.273189 	0.769066 	2.28703 	5.76054e-20
24.1262 	-0.273189 	0.769066 	2.28703 	5.76054e-20
24.1964 	-0.273189 	0.769066 	2.28703 	5.76054e-20
24.2665 	-0.273189 	0.769066 	2.28703 	5.76054e-20
24.3366 	-0.273189 	0.769066 	2.28703 	5.76054e-20
24.4068 	-0.273189 	0.769066 	2.28703 	5.76054e-20
24.4769 	-0.273189 	0.769066 	2.28703 	5.76054e-20
24.547 	-0.273189 	0.769066 	2.28703 	5.76054e-20
24.6172 	-0.321219 	0.822742 	2.43564 	-4.42224e-19
24.6873 	-0.321219 	0.822742 	2.43564 	-4.42224e-19
24.7574 	-0.321219 	0.822742 	2.43564 	-4.42224e-19
24.8276 	-0.321219 	0.822742 	2.43564 	-4.42224e-19
24.8977 	-0.321219 	0.822742 	2.43564 	-4.42224e-19
24.9678 	-0.321219 	0.822742 	2.43564 	-4.42224e-19
25.038 	-0.321219 	0.822742 	2.43564 	-4.42224e-19
25.1081 	-0.321219 	0.822742 	2.43564 	-4.42224e-19
25.1782 	-0.321219 	0.822742 	2.43564 	-4.42224e-19
25.2484 	-0.321219 	0.822742 	2.43564 	-4.42224e-19
25.3185 	-0.321219 	0.822742 	2.43564 	-4.42224e-19
25.3886 	-0.321219 	0.822742 	2.43564 	-4.42224e-19
25.4588 	-0.36325 	0.864871 	2.52619 	4.51241e-19
25.5289 	-0.36325 	0.864871 	2.52619 	4.51241e-19
25.5991 	-0.36325 	0.864871 	2.52619 	4.51241e-19
25.6692 	-0.36325 	0.864871 	2.52619 	4.51241e-19
25.7393 	-0.36325 	0.864871 	2.52619 	4.51241e-19
25.8095 	-0.36325 	0.864871 	2.52619 	4.51241e-19
25.8796 	-0.36325 	0.864871 	2.52619 	4.51241e-19
25.9497 	-0.36325 	0.864871 	2.52619 	4.51241e-19
26.0199 	-0.36325 	0.864871 	2.52619 	4.51241e-19
26.09 	-0.325514 	0.636198 	1.64035 	7.44115e-20
26.1601 	-0.325514 	0.636198 	1.64035 	7.44115e-20
26.2303 	-0.325514 	0.636198 	1.64035 	7.44115e-20
26.3004 	-0.325514 	0.636198 	1.64035 	7.44115e-20
26.3705 	-0.325514 	0.636198 	1.64035 	7.44115e-20
26.4407 	-0.360724 	0.654192 	1.69071 	-1.00843e-19
26.5108 	-0.360724 	0.654192 	1.69071 	-1.00843e-19
26.5809 	-0.360724 	0.654192 	1.69071 	-1.00843e-19
26.6511 	-0.360724 	0.654192 	1.69071 	-1.00843e-19
26.7212 	-0.360724 	0.654192 	1.69071 	-1.00843e-19
26.7913 	-0.360724 	0.654192 	1.69071 	-1.00843e-19
26.8615 	-0.360724 	0.654192 	1.69071 	-1.00843e-19
26.9316 	-0.360724 	0.654192 	1.69071 	-1.00843e-19
27.0017 	-0.360724 	0.654192 	1.69071 	-1.00843e-19
27.0719 	-0.360724 	0.654192 	1.69071 	-1.00843e-19
27.142 	-0.360724 	0.654192 	1.69071 	-1.00843e-19
27.2121 	-0.360724 	0.654192 	1.69071 	-1.00843e-19
27.2823 	-0.360724 	0.654192 	1.69071 	-1.00843e-19
27.3524 	-0.395159 	0.663 	1.72593 	0
27.4225 	-0.395159 	0.663 	1.72593 	0
27.4927 	-0.395159 	0.663 	1.72593 	0
27.5628 	-0.395159 	0.663 	1.72593 	0
27.6329 	-0.395159 	0.663 	1.72593 	0
27.7031 	-0.395159 	0.663 	1.72593 	0
27.7732 	-0.395159 	0.663 	1.72593 	0
27.8434 	-0.395159 	0.663 	1.72593 	0
27.9135 	-0.395159 	0.663 	1.72593 	0
27.9836 	-0.395159 	0.663 	1.72593 	0
28.0538 	-0.395159 	0.663 	1.72593 	0
28.1239 	-0.395159 	0.663 	1.72593 	0
28.194 	-0.395159 	0.663 	1.72593 	0
28.2642 	-0.395159 	0.663 	1.72593 	0
28.3343 	-0.395159 	0.663 	1.72593 	0
28.4044 	-0.422779 	0.666123 	1.73073 	0
28.4746 	-0.422779 	0.666123 	1.73073 	0
28.5447 	-0.422779 	0.666123 	1.73073 	0
28.6148 	-0.422779 	0.666123 	1.73073 	0
28.685 	-0.422779 	0.666123 	1.73073 	0
28.7551 	-0.422779 	0.666123 	1.73073 	0
28.8252 	-0.422779 	0.666123 	1.73073 	0
28.8954 	-0.422779 	0.666123 	1.73073 	0
28.9655 	-0.422779 	0.666123 	1.73073 	0
29.0356 	-0.422779 	0.666123 	1.73073 	0
29.1058 	-0.422779 	0.666123 	1.73073 	0
29.1759 	-0.422779 	0.666123 	1.73073 	0
29.246 	-0.422779 	0.666123 	1.73073 	0
29.3162 	-0.422779 	0.666123 	1.73073 	0
29.3863 	-0.422779 	0.666123 	1.73073 	0
29.4564 	-0.435411 	0.649916 	1.71715 	-1.80941e-19
29.5266 	-0.435411 	0.649916 	1.71715 	-1.80941e-19
29.5967 	-0.435411 	0.649916 	1.71715 	-1.80941e-19
29.6668 	-0.435411 	0.649916 	1.71715 	-1.80941e-19
29.737 	-0.435411 	0.649916 	1.71715 	-1.80941e-19
29.8071 	-0.435411 	0.649916 	1.71715 	-1.80941e-19
29.8773 	-0.435411 	0.649916 	1.71715 	-1.80941e-19
29.9474 	-0.435411 	0.649916 	1.71715 	-1.80941e-19
30.0175 	-0.435411 	0.649916 	1.71715 	-1.80941e-19
30.0877 	-0.435411 	0.649916 	1.71715 	-1.80941e-19
30.1578 	-0.435411 	0.649916 	1.71715 	-1.80941e-19
30.2279 	-0.435411 	0.649916 	1.71715 	-1.80941e-19
30.2981 	-0.435411 	0.649916 	1.71715 	-1.80941e-19
30.3682 	-0.435411 	0.649916 	1.71715 	-1.80941e-19
30.4383 	-0.435411 	0.649916 	1.71715 	-1.80941e-19
30.5085 	-0.435411 	0.649916 	1.71715 	-1.80941e-19
30.5786 	-0.420936 	0.625894 	1.66392 	1.95128e-20
30.6487 	-0.420936 	0.625894 	1.66392 	1.95128e-20
30.7189 	-0.420936 	0.625894 	1.66392 	1.95128e-20
30.789 	-0.420936 	0.625894 	1.66392 	1.95128e-20
30.8591 	-0.420936 	0.625894 	1.66392 	1.95128e-20
30.9293 	-0.420936 	0.625894 	1.66392 	1.95128e-20
30.9994 	-0.420936 	0.625894 	1.66392 	1.95128e-20
31.0695 	-0.420936 	0.625894 	1.66392 	1.95128e-20
31.1397 	-0.420936 	0.625894 	1.66392 	1.95128e-20
31.2098 	-0.420936 	0.625894 	1.66392 	1.95128e-20
31.2799 	-0.420936 	0.625894 	1.66392 	1.95128e-20
31.3501 	-0.420936 	0.625894 	1.66392 	1.95128e-20
31.4202 	-0.420936 	0.625894 	1.66392 	1.95128e-20
31.4903 	-0.420936 	0.625894 	1.66392 	1.95128e-20
31.5605 	-0.454831 	0.530261 	1.49825 	-2.77712e-19
31.6306 	-0.454831 	0.530261 	1.49825 	-2.77712e-19
31.7007 	-0.425673 	0.502985 	1.47415 	1.719e-19
31.7709 	-0.425673 	0.502985 	1.47415 	1.719e-19
31.841 	-0.425673 	0.502985 	1.47415 	1.719e-19
31.9111 	-0.425673 	0.502985 	1.47415 	1.719e-19
31.9813 	-0.425673 	0.502985 	1.47415 	1.719e-19
32.0514 	-0.425673 	0.502985 	1.47415 	1.719e-19
32.1216 	-0.425673 	0.502985 	1.47415 	1.719e-19
32.1917 	-0.425673 	0.502985 	1.47415 	1.719e-19
32.2618 	-0.425673 	0.502985 	1.47415 	1.719e-19
32.332 	-0.425673 	0.502985 	1.47415 	1.719e-19
32.4021 	-0.425673 	0.502985 	1.47415 	1.719e-19
32.4722 	-0.425673 	0.502985 	1.47415 	1.719e-19
32.5424 	-0.425673 	0.502985 	1.47415 	1.719e-19
32.6125 	-0.425673 	0.502985 	1.47415 	1.719e-19
32.6826 	-0.425673 	0.502985 	1.47415 	1.719e-19
32.7528 	-0.425673 	0.502985 	1.47415 	1.719e-19
32.8229 	-0.425673 	0.502985 	1.47415 	1.719e-19
32.893 	-0.425673 	0.502985 	1.47415 	1.719e-19
32.9632 	-0.383462 	0.45545 	1.4436 	4.30169e-20
33.0333 	-0.383462 	0.45545 	1.4436 	4.30169e-20
33.1034 	-0.383462 	0.45545 	1.4436 	4.30169e-20
33.1736 	-0.383462 	0.45545 	1.4436 	4.30169e-20
33.2437 	-0.383462 	0.45545 	1.4436 	4.30169e-20
33.3138 	-0.383462 	0.45545 	1.4436 	4.30169e-20
33.384 	-0.383462 	0.45545 	1.4436 	4.30169e-20
33.4541 	-0.383462 	0.45545 	1.4436 	4.30169e-20
33.5242 	-0.383462 	0.45545 	1.4436 	4.30169e-20
33.5944 	-0.383462 	0.45545 	1.4436 	4.30169e-20
33.6645 	-0.383462 	0.45545 	1.4436 	4.30169e-20
33.7346 	-0.383462 	0.45545 	1.4436 	4.30169e-20
33.8048 	-0.383462 	0.45545 	1.4436 	4.30169e-20
33.8749 	-0.383462 	0.45545 	1.4436 	4.30169e-20
33.945 	-0.383462 	0.45545 	1.4436 	4.30169e-20
34.0152 	-0.383462 	0.45545 	1.4436 	4.30169e-20
34.0853 	-0.383462 	0.45545 	1.4436 	4.30169e-20
34.1554 	-0.383462 	0.45545 	1.4436 	4.30169e-20
34.2256 	-0.342977 	0.382878 	1.41614 	-2.48749e-20
34.2957 	-0.342977 	0.382878 	1.41614 	-2.48749e-20
34.3659 	-0.342977 	0.382878 	1.41614 	-2.48749e-20
34.436 	-0.342977 	0.382878 	1.41614 	-2.48749e-20
34.5061 	-0.342977 	0.382878 	1.41614 	-2.48749e-20
34.5763 	-0.342977 	0.382878 	1.41614 	-2.48749e-20
34.6464 	-0.342977 	0.382878 	1.41614 	-2.48749e-20
34.7165 	-0.342977 	0.382878 	1.41614 	-2.48749e-20
34.7867 	-0.342977 	0.382878 	1.41614 	-2.48749e-20
34.8568 	-0.342977 	0.382878 	1.41614 	-2.48749e-20
34.9269 	-0.342977 	0.382878 	1.41614 	-2.48749e-20
34.9971 	-0.342977 	0.382878 	1.41614 	-2.48749e-20
35.0672 	-0.342977 	0.382878 	1.41614 	-2.48749e-20
35.1373 	-0.342977 	0.382878 	1.41614 	-2.48749e-20
35.2075 	-0.342977 	0.382878 	1.41614 	-2.48749e-20
35.2776 	-0.342977 	0.382878 	1.41614 	-2.48749e-20
35.3477 	-0.342977 	0.382878 	1.41614 	-2.48749e-20
35.4179 	-0.342977 	0.382878 	1.41614 	-2.48749e-20
35.488 	-0.342977 	0.382878 	1.41614 	-2.48749e-20
35.5581 	-0.342977 	0.382878 	1.41614 	-2.48749e-20
35.6283 	-0.320665 	0.292733 	1.40463 	-7.68121e-21
35.6984 	-0.320665 	0.292733 	1.40463 	-7.68121e-21
35.7685 	-0.320665 	0.292733 	1.40463 	-7.68121e-21
35.8387 	-0.320665 	0.292733 	1.40463 	-7.68121e-21
35.9088 	-0.320665 	0.292733 	1.40463 	-7.68121e-21
35.9789 	-0.320665 	0.292733 	1.40463 	-7.68121e-21
36.0491 	-0.320665 	0.292733 	1.40463 	-7.68121e-21
36.1192 	-0.320665 	0.292733 	1.40463 	-7.68121e-21
36.1893 	-0.320665 	0.292733 	1.40463 	-7.68121e-21
36.2595 	-0.320665 	0.292733 	1.40463 	-7.68121e-21
36.3296 	-0.320665 	0.292733 	1.40463 	-7.68121e-21
36.3997 	-0.320665 	0.292733 	1.40463 	-7.68121e-21
36.4699 	-0.320665 	0.292733 	1.40463 	-7.68121e-21
36.54 	-0.320665 	0.292733 	1.40463 	-7.68121e-21
36.6102 	-0.320665 	0.292733 	1.40463 	-7.68121e-21
36.6803 	-0.320665 	0.292733 	1.40463 	-7.68121e-21
36.7504 	-0.320665 	0.292733 	1.40463 	-7.68121e-21
36.8206 	-0.320665 	0.292733 	1.40463 	-7.68121e-21
36.8907 	-0.320665 	0.292733 	1.40463 	-7.68121e-21
36.9608 	-0.320665 	0.292733 	1.40463 	-7.68121e-21
37.031 	-0.320665 	0.292733 	1.40463 	-7.68121e-21
37.1011 	-0.326136 	0.219867 	1.41302 	0
37.1712 	-0.326136 	0.219867 	1.41302 	0
37.2414 	-0.326136 	0.219867 	1.41302 	0
37.3115 	-0.326136 	0.219867 	1.41302 	0
37.3816 	-0.326136 	0.219867 	1.41302 	0
37.4518 	-0.326136 	0.219867 	1.41302 	0
37.5219 	-0.326136 	0.219867 	1.41302 	0
37.592 	-0.326136 	0.219867 	1.41302 	0
37.6622 	-0.326136 	0.219867 	1.41302 	0
37.7323 	-0.326136 	0.219867 	1.41302 	0
37.8024 	-0.326136 	0.219867 	1.41302 	0
37.8726 	-0.326136 	0.219867 	1.41302 	0
37.9427 	-0.326136 	0.219867 	1.41302 	0
38.0128 	-0.326136 	0.219867 	1.41302 	0
38.083 	-0.326136 	0.219867 	1.41302 	0
38.1531 	-0.326136 	0.219867 	1.41302 	0
38.2232 	-0.326136 	0.219867 	1.41302 	0
38.2934 	-0.338681 	0.164387 	1.42582 	0
38.3635 	-0.338681 	0.164387 	1.42582 	0
38.4336 	-0.338681 	0.164387 	1.42582 	0
38.5038 	-0.338681 	0.164387 	1.42582 	0
38.5739 	-0.338681 	0.164387 	1.42582 	0
38.644 	-0.338681 	0.164387 	1.42582 	0
38.7142 	-0.338681 	0.164387 	1.42582 	0
38.7843 	-0.338681 	0.164387 	1.42582 	0
38.8545 	-0.338681 	0.164387 	1.42582 	0
38.9246 	-0.338681 	0.164387 	1.42582 	0
38.9947 	-0.338681 	0.164387 	1.42582 	0
39.0649 	-0.338681 	0.164387 	1.42582 	0
39.135 	-0.338681 	0.164387 	1.42582 	0
39.2051 	-0.338681 	0.164387 	1.42582 	0
39.2753 	-0.338681 	0.164387 	1.42582 	0
39.3454 	-0.338681 	0.164387 	1.42582 	0
39.4155 	-0.338681 	0.164387 	1.42582 	0
39.4857 	-0.338681 	0.164387 	1.42582 	0
39.5558 	-0.347363 	0.110008 	1.4383 	0
39.6259 	-0.347363 	0.110008 	1.4383 	0
39.6961 	-0.347363 	0.110008 	1.4383 	0
39.7662 	-0.347363 	0.110008 	1.4383 	0
39.8363 	-0.347363 	0.110008 	1.4383 	0
39.9065 	-0.347363 	0.110008 	1.4383 	0
39.9766 	-0.347363 	0.110008 	1.4383 	0
40.0467 	-0.347363 	0.110008 	1.4383 	0
40.1169 	-0.347363 	0.110008 	1.4383 	0
40.187 	-0.347363 	0.110008 	1.4383 	0
40.2571 	-0.347363 	0.110008 	1.4383 	0
40.3273 	-0.347363 	0.110008 	1.4383 	0
40.3974 	-0.347363 	0.110008 	1.4383 	0
40.4675 	-0.347363 	0.110008 	1.4383 	0
40.5377 	-0.347363 	0.110008 	1.4383 	0
40.6078 	-0.347363 	0.110008 	1.4383 	0
40.6779 	-0.347363 	0.110008 	1.4383 	0
40.7481 	-0.350402 	0.0612174 	1.44865 	0
40.8182 	-0.350402 	0.0612174 	1.44865 	0
40.8883 	-0.350402 	0.0612174 	1.44865 	0
40.9585 	-0.350402 	0.0612174 	1.44865 	0
41.0286 	-0.350402 	0.0612174 	1.44865 	0
41.0988 	-0.350402 	0.0612174 	1.44865 	0
41.1689 	-0.350402 	0.0612174 	1.44865 	0
41.239 	-0.350402 	0.0612174 	1.44865 	0
41.3092 	-0.350402 	0.0612174 	1.44865 	0
41.3793 	-0.350402 	0.0612174 	1.44865 	0
41.4494 	-0.350402 	0.0612174 	1.44865 	0
41.5196 	-0.350402 	0.0612174 	1.44865 	0
41.5897 	-0.350402 	0.0612174 	1.44865 	0
41.6598 	-0.350402 	0.0612174 	1.44865 	0
41.73 	-0.350402 	0.0612174 	1.44865 	0
41.8001 	-0.350402 	0.0612174 	1.44865 	0
41.8702 	-0.350402 	0.0612174 	1.44865 	0
41.9404 	-0.350402 	0.0612174 	1.44865 	0
42.0105 	-0.349737 	0.0316574 	1.45684 	0
42.0806 	-0.349737 	0.0316574 	1.45684 	0
42.1508 	-0.349737 	0.0316574 	1.45684 	0
42.2209 	-0.349737 	0.0316574 	1.45684 	0
42.291 	-0.349737 	0.0316574 	1.45684 	0
42.3612 	-0.349737 	0.0316574 	1.45684 	0
42.4313 	-0.349737 	0.0316574 	1.45684 	0
42.5014 	-0.349737 	0.0316574 	1.45684 	0
42.5716 	-0.349737 	0.0316574 	1.45684 	0
42.6417 	-0.349737 	0.0316574 	1.45684 	0
42.7118 	-0.349737 	0.0316574 	1.45684 	0
42.782 	-0.349737 	0.0316574 	1.45684 	0
42.8521 	-0.349737 	0.0316574 	1.45684 	0
42.9222 	-0.349737 	0.0316574 	1.45684 	0
42.9924 	-0.349737 	0.0316574 	1.45684 	0
43.0625 	-0.349737 	0.0316574 	1.45684 	0
43.1327 	-0.349737 	0.0316574 	1.45684 	0
43.2028 	-0.345899 	0.0202224 	1.46562 	0
43.2729 	-0.345899 	0.0202224 	1.46562 	0
43.3431 	-0.345899 	0.0202224 	1.46562 	0
43.4132 	-0.345899 	0.0202224 	1.46562 	0
43.4833 	-0.345899 	0.0202224 	1.46562 	0
43.5535 	-0.345899 	0.0202224 	1.46562 	0
43.6236 	-0.345899 	0.0202224 	1.46562 	0
43.6937 	-0.345899 	0.0202224 	1.46562 	0
43.7639 	-0.345899 	0.0202224 	1.46562 	0
43.834 	-0.345899 	0.0202224 	1.46562 	0
43.9041 	-0.345899 	0.0202224 	1.46562 	0
43.9743 	-0.345899 	0.0202224 	1.46562 	0
44.0444 	-0.345899 	0.0202224 	1.46562 	0
44.1145 	-0.345899 	0.0202224 	1.46562 	0
44.1847 	-0.345899 	0.0202224 	1.46562 	0
44.2548 	-0.345899 	0.0202224 	1.46562 	0
44.3249 	-0.345899 	0.0202224 	1.46562 	0
44.3951 	-0.345899 	0.0202224 	1.46562 	0
44.4652 	-0.340024 	0.019727 	1.47866 	0
44.5353 	-0.340024 	0.019727 	1.47866 	0
44.6055 	-0.340024 	0.019727 	1.47866 	0
44.6756 	-0.340024 	0.019727 	1.47866 	0
44.7457 	-0.340024 	0.019727 	1.47866 	0
44.8159 	-0.340024 	0.019727 	1.47866 	0
44.886 	-0.340024 	0.019727 	1.47866 	0
44.9561 	-0.340024 	0.019727 	1.47866 	0
45.0263 	-0.340024 	0.019727 	1.47866 	0
45.0964 	-0.340024 	0.019727 	1.47866 	0
45.1665 	-0.340024 	0.019727 	1.47866 	0
45.2367 	-0.340024 	0.019727 	1.47866 	0
45.3068 	-0.340024 	0.019727 	1.47866 	0
45.377 	-0.340024 	0.019727 	1.47866 	0
45.4471 	-0.340024 	0.019727 	1.47866 	0
45.5172 	-0.340024 	0.019727 	1.47866 	0
45.5874 	-0.340024 	0.019727 	1.47866 	0
45.6575 	-0.333304 	0.0319529 	1.4937 	0
45.7276 	-0.333304 	0.0319529 	1.4937 	0
45.7978 	-0.333304 	0.0319529 	1.4937 	0
45.8679 	-0.333304 	0.0319529 	1.4937 	0
45.938 	-0.333304 	0.0319529 	1.4937 	0
46.0082 	-0.333304 	0.0319529 	1.4937 	0
46.0783 	-0.333304 	0.0319529 	1.4937 	0
46.1484 	-0.333304 	0.0319529 	1.4937 	0
46.2186 	-0.333304 	0.0319529 	1.4937 	0
46.2887 	-0.333304 	0.0319529 	1.4937 	0
46.3588 	-0.333304 	0.0319529 	1.4937 	0
46.429 	-0.333304 	0.0319529 	1.4937 	0
46.4991 	-0.333304 	0.0319529 	1.4937 	0
46.5692 	-0.333304 	0.0319529 	1.4937 	0
46.6394 	-0.333304 	0.0319529 	1.4937 	0
46.7095 	-0.333304 	0.0319529 	1.4937 	0
46.7796 	-0.296301 	-0.000185804 	1.52338 	0
46.8498 	-0.296301 	-0.000185804 	1.52338 	0
46.9199 	-0.294655 	0.0461803 	1.56024 	0
46.99 	-0.294655 	0.0461803 	1.56024 	0
47.0602 	-0.294655 	0.0461803 	1.56024 	0
47.1303 	-0.294655 	0.0461803 	1.56024 	0
47.2004 	-0.294655 	0.0461803 	1.56024 	0
47.2706 	-0.294655 	0.0461803 	1.56024 	0
47.3407 	-0.294655 	0.0461803 	1.56024 	0
47.4108 	-0.294655 	0.0461803 	1.56024 	0
47.481 	-0.294655 	0.0461803 	1.56024 	0
47.5511 	-0.294655 	0.0461803 	1.56024 	0
47.6213 	-0.294655 	0.0461803 	1.56024 	0
47.6914 	-0.294655 	0.0461803 	1.56024 	0
47.7615 	-0.294655 	0.0461803 	1.56024 	0
47.8317 	-0.294655 	0.0461803 	1.56024 	0
47.9018 	-0.294655 	0.0461803 	1.56024 	0
47.9719 	-0.294655 	0.0461803 	1.56024 	0
48.0421 	-0.294655 	0.0461803 	1.56024 	0
48.1122 	-0.294655 	0.0461803 	1.56024 	0
48.1823 	-0.296392 	0.123125 	1.60752 	0
48.2525 	-0.296392 	0.123125 	1.60752 	0
48.3226 	-0.296392 	0.123125 	1.60752 	0
48.3927 	-0.296392 	0.123125 	1.60752 	0
48.4629 	-0.296392 	0.123125 	1.60752 	0
48.533 	-0.296392 	0.123125 	1.60752 	0
48.6031 	-0.296392 	0.123125 	1.60752 	0
48.6733 	-0.296392 	0.123125 	1.60752 	0
48.7434 	-0.296392 	0.123125 	1.60752 	0
48.8135 	-0.296392 	0.123125 	1.60752 	0
48.8837 	-0.296392 	0.123125 	1.60752 	0
48.9538 	-0.296392 	0.123125 	1.60752 	0
49.0239 	-0.296392 	0.123125 	1.60752 	0
49.0941 	-0.296392 	0.123125 	1.60752 	0
49.1642 	-0.296392 	0.123125 	1.60752 	0
49.2343 	-0.296392 	0.123125 	1.60752 	0
49.3045 	-0.296392 	0.123125 	1.60752 	0
49.3746 	-0.318607 	0.21008 	1.66803 	0
49.4447 	-0.318607 	0.21008 	1.66803 	0
49.5149 	-0.318607 	0.21008 	1.66803 	0
49.585 	-0.318607 	0.21008 	1.66803 	0
49.6551 	-0.318607 	0.21008 	1.66803 	0
49.7253 	-0.318607 	0.21008 	1.66803 	0
49.7954 	-0.318607 	0.21008 	1.66803 	0
49.8656 	-0.318607 	0.21008 	1.66803 	0
49.9357 	-0.318607 	0.21008 	1.66803 	0
50.0058 	-0.318607 	0.21008 	1.66803 	0
50.076 	-0.318607 	0.21008 	1.66803 	0
50.1461 	-0.318607 	0.21008 	1.66803 	0
50.2162 	-0.318607 	0.21008 	1.66803 	0
50.2864 	-0.318607 	0.21008 	1.66803 	0
50.3565 	-0.318607 	0.21008 	1.66803 	0
50.4266 	-0.318607 	0.21008 	1.66803 	0
50.4968 	-0.318607 	0.21008 	1.66803 	0
50.5669 	-0.318607 	0.21008 	1.66803 	0
50.637 	-0.377724 	0.283917 	1.74787 	0
50.7072 	-0.377724 	0.283917 	1.74787 	0
50.7773 	-0.377724 	0.283917 	1.74787 	0
50.8474 	-0.377724 	0.283917 	1.74787 	0
50.9176 	-0.377724 	0.283917 	1.74787 	0
50.9877 	-0.377724 	0.283917 	1.74787 	0
51.0578 	-0.377724 	0.283917 	1.74787 	0
51.128 	-0.377724 	0.283917 	1.74787 	0
51.1981 	-0.377724 	0.283917 	1.74787 	0
51.2682 	-0.377724 	0.283917 	1.74787 	0
51.3384 	-0.377724 	0.283917 	1.74787 	0
51.4085 	-0.377724 	0.283917 	1.74787 	0
51.4786 	-0.377724 	0.283917 	1.74787 	0
51.5488 	-0.377724 	0.283917 	1.74787 	0
51.6189 	-0.377724 	0.283917 	1.74787 	0
51.689 	-0.377724 	0.283917 	1.74787 	0
51.7592 	-0.377724 	0.283917 	1.74787 	0
51.8293 	-0.474898 	0.329006 	1.8469 	0
51.8994 	-0.474898 	0.329006 	1.8469 	0
51.9696 	-0.474898 	0.329006 	1.8469 	0
52.0397 	-0.474898 	0.329006 	1.8469 	0
52.1099 	-0.474898 	0.329006 	1.8469 	0
52.18 	-0.474898 	0.329006 	1.8469 	0
52.2501 	-0.474898 	0.329006 	1.8469 	0
52.3203 	-0.474898 	0.329006 	1.8469 	0
52.3904 	-0.474898 	0.329006 	1.8469 	0
52.4605 	-0.474898 	0.329006 	1.8469 	0
52.5307 	-0.474898 	0.329006 	1.8469 	0
52.6008 	-0.474898 	0.329006 	1.8469 	0
52.6709 	-0.474898 	0.329006 	1.8469 	0
52.7411 	-0.474898 	0.329006 	1.8469 	0
52.8112 	-0.474898 	0.329006 	1.8469 	0
52.8813 	-0.474898 	0.329006 	1.8469 	0
52.9515 	-0.474898 	0.329006 	1.8469 	0
53.0216 	-0.474898 	0.329006 	1.8469 	0
53.0917 	-0.618773 	0.346854 	1.9533 	0
53.1619 	-0.618773 	0.346854 	1.9533 	0
53.232 	-0.618773 	0.346854 	1.9533 	0
53.3021 	-0.618773 	0.346854 	1.9533 	0
53.3723 	-0.618773 	0.346854 	1.9533 	0
53.4424 	-0.618773 	0.346854 	1.9533 	0
53.5125 	-0.618773 	0.346854 	1.9533 	0
53.5827 	-0.618773 	0.346854 	1.9533 	0
53.6528 	-0.618773 	0.346854 	1.9533 	0
53.7229 	-0.618773 	0.346854 	1.9533 	0
53.7931 	-0.618773 	0.346854 	1.9533 	0
53.8632 	-0.618773 	0.346854 	1.9533 	0
53.9333 	-0.618773 	0.346854 	1.9533 	0
54.0035 	-0.618773 	0.346854 	1.9533 	0
54.0736 	-0.618773 	0.346854 	1.9533 	0
54.1437 	-0.618773 	0.346854 	1.9533 	0
54.2139 	-0.618773 	0.346854 	1.9533 	0
54.284 	-0.815008 	0.326997 	2.0554 	0
54.3542 	-0.815008 	0.326997 	2.0554 	0
54.4243 	-0.815008 	0.326997 	2.0554 	0
54.4944 	-0.815008 	0.326997 	2.0554 	0
54.5646 	-0.815008 	0.326997 	2.0554 	0
54.6347 	-0.815008 	0.326997 	2.0554 	0
54.7048 	-0.815008 	0.326997 	2.0554 	0
54.775 	-0.815008 	0.326997 	2.0554 	0
54.8451 	-0.815008 	0.326997 	2.0554 	0
54.9152 	-0.815008 	0.326997 	2.0554 	0
54.9854 	-0.815008 	0.326997 	2.0554 	0
55.0555 	-0.815008 	0.326997 	2.0554 	0
55.1256 	-0.815008 	0.326997 	2.0554 	0
55.1958 	-0.815008 	0.326997 	2.0554 	0
55.2659 	-0.815008 	0.326997 	2.0554 	0
55.336 	-0.815008 	0.326997 	2.0554 	0
55.4062 	-0.815008 	0.326997 	2.0554 	0
55.4763 	-0.815008 	0.326997 	2.0554 	0
55.5464 	-1.03435 	0.222449 	2.13527 	0
55.6166 	-1.03435 	0.222449 	2.13527 	0
55.6867 	-1.03435 	0.222449 	2.13527 	0
55.7568 	-1.03435 	0.222449 	2.13527 	0
55.827 	-1.03435 	0.222449 	2.13527 	0
55.8971 	-1.03435 	0.222449 	2.13527 	0
55.9672 	-1.03435 	0.222449 	2.13527 	0
56.0374 	-1.03435 	0.222449 	2.13527 	0
56.1075 	-1.03435 	0.222449 	2.13527 	0
56.1776 	-1.03435 	0.222449 	2.13527 	0
56.2478 	-1.03435 	0.222449 	2.13527 	0
56.3179 	-1.03435 	0.222449 	2.13527 	0
56.3881 	-1.03435 	0.222449 	2.13527 	0
56.4582 	-1.03435 	0.222449 	2.13527 	0
56.5283 	-1.03435 	0.222449 	2.13527 	0
56.5985 	-1.03435 	0.222449 	2.13527 	0
56.6686 	-1.03435 	0.222449 	2.13527 	0
56.7387 	-1.03435 	0.222449 	2.13527 	0
56.8089 	-1.24566 	-0.00645989 	2.19153 	0
56.879 	-1.24566 	-0.00645989 	2.19153 	0
56.9491 	-1.24566 	-0.00645989 	2.19153 	0
57.0193 	-1.24566 	-0.00645989 	2.19153 	0
57.0894 	-1.24566 	-0.00645989 	2.19153 	0
57.1595 	-1.24566 	-0.00645989 	2.19153 	0
57.2297 	-1.24566 	-0.00645989 	2.19153 	0
57.2998 	-1.24566 	-0.00645989 	2.19153 	0
57.3699 	-1.24566 	-0.00645989 	2.19153 	0
57.4401 	-1.24566 	-0.00645989 	2.19153 	0
57.5102 	-1.24566 	-0.00645989 	2.19153 	0
57.5803 	-1.24566 	-0.00645989 	2.19153 	0
57.6505 	-1.24566 	-0.00645989 	2.19153 	0
57.7206 	-1.24566 	-0.00645989 	2.19153 	0
57.7907 	-1.24566 	-0.00645989 	2.19153 	0
57.8609 	-1.24566 	-0.00645989 	2.19153 	0
57.931 	-1.24566 	-0.00645989 	2.19153 	0
58.0011 	-1.23241 	-0.303866 	2.24791 	0
58.0713 	-1.23241 	-0.303866 	2.24791 	0
58.1414 	-1.23241 	-0.303866 	2.24791 	0
58.2115 	-1.23241 	-0.303866 	2.24791 	0
58.2817 	-1.23241 	-0.303866 	2.24791 	0
58.3518 	-1.23241 	-0.303866 	2.24791 	0
58.4219 	-1.23241 	-0.303866 	2.24791 	0
58.4921 	-1.23241 	-0.303866 	2.24791 	0
58.5622 	-1.23241 	-0.303866 	2.24791 	0
58.6324 	-1.23241 	-0.303866 	2.24791 	0
58.7025 	-1.23241 	-0.303866 	2.24791 	0
58.7726 	-1.23241 	-0.303866 	2.24791 	0
58.8428 	-1.23241 	-0.303866 	2.24791 	0
58.9129 	-1.23241 	-0.303866 	2.24791 	0
58.983 	-1.23241 	-0.303866 	2.24791 	0
59.0532 	-1.23241 	-0.303866 	2.24791 	0
59.1233 	-1.23241 	-0.303866 	2.24791 	0
59.1934 	-1.23241 	-0.303866 	2.24791 	0
59.2636 	-1.07294 	-0.568208 	2.31642 	0
59.3337 	-1.07294 	-0.568208 	2.31642 	0
59.4038 	-1.07294 	-0.568208 	2.31642 	0
59.474 	-1.07294 	-0.568208 	2.31642 	0
59.5441 	-1.07294 	-0.568208 	2.31642 	0
59.6142 	-1.07294 	-0.568208 	2.31642 	0
59.6844 	-1.07294 	-0.568208 	2.31642 	0
59.7545 	-1.07294 	-0.568208 	2.31642 	0
59.8246 	-1.07294 	-0.568208 	2.31642 	0
59.8948 	-1.07294 	-0.568208 	2.31642 	0
59.9649 	-1.07294 	-0.568208 	2.31642 	0
60.035 	-1.07294 	-0.568208 	2.31642 	0
60.1052 	-1.07294 	-0.568208 	2.31642 	0
60.1753 	-1.07294 	-0.568208 	2.31642 	0
60.2454 	-1.07294 	-0.568208 	2.31642 	0
60.3156 	-1.07294 	-0.568208 	2.31642 	0
60.3857 	-1.07294 	-0.568208 	2.31642 	0
60.4558 	-0.818365 	-0.716588 	2.37284 	0
60.526 	-0.818365 	-0.716588 	2.37284 	0
60.5961 	-0.818365 	-0.716588 	2.37284 	0
60.6662 	-0.818365 	-0.716588 	2.37284 	0
60.7364 	-0.818365 	-0.716588 	2.37284 	0
60.8065 	-0.818365 	-0.716588 	2.37284 	0
60.8767 	-0.818365 	-0.716588 	2.37284 	0
60.9468 	-0.818365 	-0.716588 	2.37284 	0
61.0169 	-0.818365 	-0.716588 	2.37284 	0
61.0871 	-0.818365 	-0.716588 	2.37284 	0
61.1572 	-0.818365 	-0.716588 	2.37284 	0
61.2273 	-0.818365 	-0.716588 	2.37284 	0
61.2975 	-0.818365 	-0.716588 	2.37284 	0
61.3676 	-0.818365 	-0.716588 	2.37284 	0
61.4377 	-0.818365 	-0.716588 	2.37284 	0
61.5079 	-0.818365 	-0.716588 	2.37284 	0
61.578 	-0.818365 	-0.716588 	2.37284 	0
61.6481 	-0.818365 	-0.716588 	2.37284 	0
61.7183 	-0.548681 	-0.747129 	2.40147 	0
61.7884 	-0.548681 	-0.747129 	2.40147 	0
61.8585 	-0.548681 	-0.747129 	2.40147 	0
61.9287 	-0.548681 	-0.747129 	2.40147 	0
61.9988 	-0.548681 	-0.747129 	2.40147 	0
62.0689 	-0.548681 	-0.747129 	2.40147 	0
62.1391 	-0.548681 	-0.747129 	2.40147 	0
62.2092 	-0.548681 	-0.747129 	2.40147 	0
62.2793 	-0.548681 	-0.747129 	2.40147 	0
62.3495 	-0.548681 	-0.747129 	2.40147 	0
62.4196 	-0.548681 	-0.747129 	2.40147 	0
62.4897 	-0.548681 	-0.747129 	2.40147 	0
62.5599 	-0.548681 	-0.747129 	2.40147 	0
62.63 	-0.548681 	-0.747129 	2.40147 	0
62.7001 	-0.548681 	-0.747129 	2.40147 	0
62.7703 	-0.548681 	-0.747129 	2.40147 	0
62.8404 	-0.548681 	-0.747129 	2.40147 	0
62.9105 	-0.303135 	-0.731823 	2.40246 	0
62.9807 	-0.303135 	-0.731823 	2.40246 	0
63.0508 	-0.303135 	-0.731823 	2.40246 	0
63.121 	-0.303135 	-0.731823 	2.40246 	0
63.1911 	-0.303135 	-0.731823 	2.40246 	0
63.2612 	-0.303135 	-0.731823 	2.40246 	0
63.3314 	-0.303135 	-0.731823 	2.40246 	0
63.4015 	-0.303135 	-0.731823 	2.40246 	0
63.4716 	-0.303135 	-0.731823 	2.40246 	0
63.5418 	-0.303135 	-0.731823 	2.40246 	0
63.6119 	-0.303135 	-0.731823 	2.40246 	0
63.682 	-0.303135 	-0.731823 	2.40246 	0
63.7522 	-0.303135 	-0.731823 	2.40246 	0
63.8223 	-0.303135 	-0.731823 	2.40246 	0
63.8924 	-0.303135 	-0.731823 	2.40246 	0
63.9626 	-0.303135 	-0.731823 	2.40246 	0
64.0327 	-0.303135 	-0.731823 	2.40246 	0
64.1028 	-0.303135 	-0.731823 	2.40246 	0
64.173 	-0.131627 	-0.654241 	2.36956 	0
64.2431 	-0.131627 	-0.654241 	2.36956 	0
64.3132 	-0.131627 	-0.654241 	2.36956 	0
64.3834 	-0.131627 	-0.654241 	2.36956 	0
64.4535 	-0.131627 	-0.654241 	2.36956 	0
64.5236 	-0.131627 	-0.654241 	2.36956 	0
64.5938 	-0.131627 	-0.654241 	2.36956 	0
64.6639 	-0.131627 	-0.654241 	2.36956 	0
64.734 	-0.131627 	-0.654241 	2.36956 	0
64.8042 	-0.131627 	-0.654241 	2.36956 	0
64.8743 	-0.131627 	-0.654241 	2.36956 	0
64.9444 	-0.131627 	-0.654241 	2.36956 	0
65.0146 	-0.131627 	-0.654241 	2.36956 	0
65.0847 	-0.131627 	-0.654241 	2.36956 	0
65.1548 	-0.131627 	-0.654241 	2.36956 	0
65.225 	-0.131627 	-0.654241 	2.36956 	0
65.2951 	-0.131627 	-0.654241 	2.36956 	0
65.3653 	-0.131627 	-0.654241 	2.36956 	0
65.4354 	-0.0359345 	-0.456788 	2.2626 	0
65.5055 	-0.0359345 	-0.456788 	2.2626 	0
65.5757 	-0.0359345 	-0.456788 	2.2626 	0
65.6458 	-0.0359345 	-0.456788 	2.2626 	0
65.7159 	-0.0359345 	-0.456788 	2.2626 	0
65.7861 	-0.0359345 	-0.456788 	2.2626 	0
65.8562 	-0.0359345 	-0.456788 	2.2626 	0
65.9263 	-0.0359345 	-0.456788 	2.2626 	0
65.9965 	-0.0359345 	-0.456788 	2.2626 	0
66.0666 	-0.0359345 	-0.456788 	2.2626 	0
66.1367 	-0.0359345 	-0.456788 	2.2626 	0
66.2069 	-0.0359345 	-0.456788 	2.2626 	0
66.277 	-0.0359345 	-0.456788 	2.2626 	0
66.3471 	-0.0359345 	-0.456788 	2.2626 	0
66.4173 	-0.0359345 	-0.456788 	2.2626 	0
66.4874 	-0.0359345 	-0.456788 	2.2626 	0
66.5575 	-0.0359345 	-0.456788 	2.2626 	0
66.6277 	0.00214888 	-0.332008 	2.21335 	0
66.6978 	0.00214888 	-0.332008 	2.21335 	0
66.7679 	0.00214888 	-0.332008 	2.21335 	0
66.8381 	0.00214888 	-0.332008 	2.21335 	0
66.9082 	0.00214888 	-0.332008 	2.21335 	0
66.9783 	0.00214888 	-0.332008 	2.21335 	0
67.0485 	0.00214888 	-0.332008 	2.21335 	0
67.1186 	0.00214888 	-0.332008 	2.21335 	0
67.1887 	0.00214888 	-0.332008 	2.21335 	0
67.2589 	0.00214888 	-0.332008 	2.21335 	0
67.329 	0.00214888 	-0.332008 	2.21335 	0
67.3991 	0.00214888 	-0.332008 	2.21335 	0
67.4693 	0.00214888 	-0.332008 	2.21335 	0
67.5394 	0.00214888 	-0.332008 	2.21335 	0
67.6096 	0.00214888 	-0.332008 	2.21335 	0
67.6797 	0.00214888 	-0.332008 	2.21335 	0
67.7498 	0.00214888 	-0.332008 	2.21335 	0
67.82 	0.00214888 	-0.332008 	2.21335 	0
67.8901 	0.00479266 	-0.197228 	2.08296 	0
67.9602 	0.00479266 	-0.197228 	2.08296 	0
68.0304 	0.00479266 	-0.197228 	2.08296 	0
68.1005 	0.00479266 	-0.197228 	2.08296 	0
68.1706 	0.00479266 	-0.197228 	2.08296 	0
68.2408 	0.00479266 	-0.197228 	2.08296 	0
68.3109 	0.00479266 	-0.197228 	2.08296 	0
68.381 	0.00479266 	-0.197228 	2.08296 	0
68.4512 	0.00479266 	-0.197228 	2.08296 	0
68.5213 	0.00479266 	-0.197228 	2.08296 	0
68.5914 	0.00479266 	-0.197228 	2.08296 	0
68.6616 	0.00479266 	-0.197228 	2.08296 	0
68.7317 	0.00479266 	-0.197228 	2.08296 	0
68.8018 	0.00479266 	-0.197228 	2.08296 	0
68.872 	0.00479266 	-0.197228 	2.08296 	0
68.9421 	0.00479266 	-0.197228 	2.08296 	0
69.0122 	0.00479266 	-0.197228 	2.08296 	0
