0.490941 	0.864359 	0.00614448 	3.00286 	0
0.561075 	0.864359 	0.00614448 	3.00286 	0
0.63121 	0.864359 	0.00614448 	3.00286 	0
0.701344 	0.864359 	0.00614448 	3.00286 	0
0.771478 	0.864359 	0.00614448 	3.00286 	0
0.841613 	0.864359 	0.00614448 	3.00286 	0
0.911747 	0.864359 	0.00614448 	3.00286 	0
0.981881 	0.864359 	0.00614448 	3.00286 	0
1.05202 	0.864359 	0.00614448 	3.00286 	0
1.12215 	0.864359 	0.00614448 	3.00286 	0
1.19228 	0.864359 	0.00614448 	3.00286 	0
1.26242 	0.838221 	0.0115416 	3.00786 	0
1.33255 	0.838221 	0.0115416 	3.00786 	0
1.40269 	0.838221 	0.0115416 	3.00786 	0
1.47282 	0.838221 	0.0115416 	3.00786 	0
1.54296 	0.838221 	0.0115416 	3.00786 	0
1.61309 	0.838221 	0.0115416 	3.00786 	0
1.68323 	0.838221 	0.0115416 	3.00786 	0
1.75336 	0.838221 	0.0115416 	3.00786 	0
1.82349 	0.788476 	0.0147656 	3.02411 	3.01013e-19
1.89363 	0.788476 	0.0147656 	3.02411 	3.01013e-19
1.96376 	0.788476 	0.0147656 	3.02411 	3.01013e-19
2.0339 	0.788476 	0.0147656 	3.02411 	3.01013e-19
2.10403 	0.788476 	0.0147656 	3.02411 	3.01013e-19
2.17417 	0.788476 	0.0147656 	3.02411 	3.01013e-19
2.2443 	0.788476 	0.0147656 	3.02411 	3.01013e-19
2.31443 	0.788476 	0.0147656 	3.02411 	3.01013e-19
2.38457 	0.788476 	0.0147656 	3.02411 	3.01013e-19
2.4547 	0.788476 	0.0147656 	3.02411 	3.01013e-19
2.52484 	0.788476 	0.0147656 	3.02411 	3.01013e-19
2.59497 	0.75382 	0.00725207 	3.03675 	-4.71126e-19
2.66511 	0.75382 	0.00725207 	3.03675 	-4.71126e-19
2.73524 	0.75382 	0.00725207 	3.03675 	-4.71126e-19
2.80538 	0.75382 	0.00725207 	3.03675 	-4.71126e-19
2.87551 	0.75382 	0.00725207 	3.03675 	-4.71126e-19
2.94564 	0.75382 	0.00725207 	3.03675 	-4.71126e-19
3.01578 	0.75382 	0.00725207 	3.03675 	-4.71126e-19
3.08591 	0.75382 	0.00725207 	3.03675 	-4.71126e-19
3.15605 	0.75382 	0.00725207 	3.03675 	-4.71126e-19
3.22618 	0.75382 	0.00725207 	3.03675 	-4.71126e-19
3.29632 	0.721331 	0.0198605 	3.04358 	4.7661e-19
3.36645 	0.721331 	0.0198605 	3.04358 	4.7661e-19
3.43659 	0.721331 	0.0198605 	3.04358 	4.7661e-19
3.50672 	0.721331 	0.0198605 	3.04358 	4.7661e-19
3.57685 	0.721331 	0.0198605 	3.04358 	4.7661e-19
3.64699 	0.721331 	0.0198605 	3.04358 	4.7661e-19
3.71712 	0.721331 	0.0198605 	3.04358 	4.7661e-19
3.78726 	0.721331 	0.0198605 	3.04358 	4.7661e-19
3.85739 	0.721331 	0.0198605 	3.04358 	4.7661e-19
3.92753 	0.721331 	0.0198605 	3.04358 	4.7661e-19
3.99766 	0.721331 	0.0198605 	3.04358 	4.7661e-19
4.06779 	0.702923 	0.00395538 	3.05016 	-1.3247e-20
4.13793 	0.702923 	0.00395538 	3.05016 	-1.3247e-20
4.20806 	0.702923 	0.00395538 	3.05016 	-1.3247e-20
4.2782 	0.702923 	0.00395538 	3.05016 	-1.3247e-20
4.34833 	0.702923 	0.00395538 	3.05016 	-1.3247e-20
4.41847 	0.702923 	0.00395538 	3.05016 	-1.3247e-20
4.4886 	0.677964 	0.0161945 	3.05816 	0
4.55874 	0.677964 	0.0161945 	3.05816 	0
4.62887 	0.677964 	0.0161945 	3.05816 	0
4.699 	0.677964 	0.0161945 	3.05816 	0
4.76914 	0.677964 	0.0161945 	3.05816 	0
4.83927 	0.677964 	0.0161945 	3.05816 	0
4.90941 	0.677964 	0.0161945 	3.05816 	0
4.97954 	0.677964 	0.0161945 	3.05816 	0
5.04968 	0.677964 	0.0161945 	3.05816 	0
5.11981 	0.677964 	0.0161945 	3.05816 	0
5.18994 	0.655623 	0.0060611 	3.06456 	-6.13879e-21
5.26008 	0.655623 	0.0060611 	3.06456 	-6.13879e-21
5.33021 	0.655623 	0.0060611 	3.06456 	-6.13879e-21
5.40035 	0.655623 	0.0060611 	3.06456 	-6.13879e-21
5.47048 	0.655623 	0.0060611 	3.06456 	-6.13879e-21
5.54062 	0.655623 	0.0060611 	3.06456 	-6.13879e-21
5.61075 	0.655623 	0.0060611 	3.06456 	-6.13879e-21
5.68089 	0.626801 	0.0109418 	3.07503 	0
5.75102 	0.626801 	0.0109418 	3.07503 	0
5.82115 	0.626801 	0.0109418 	3.07503 	0
5.89129 	0.626801 	0.0109418 	3.07503 	0
5.96142 	0.626801 	0.0109418 	3.07503 	0
6.03156 	0.626801 	0.0109418 	3.07503 	0
6.10169 	0.626801 	0.0109418 	3.07503 	0
6.17183 	0.626801 	0.0109418 	3.07503 	0
6.24196 	0.626801 	0.0109418 	3.07503 	0
6.3121 	0.59838 	0.00730992 	3.08184 	0
6.38223 	0.59838 	0.00730992 	3.08184 	0
6.45236 	0.59838 	0.00730992 	3.08184 	0
6.5225 	0.59838 	0.00730992 	3.08184 	0
6.59263 	0.59838 	0.00730992 	3.08184 	0
6.66277 	0.59838 	0.00730992 	3.08184 	0
6.7329 	0.59838 	0.00730992 	3.08184 	0
6.80304 	0.59838 	0.00730992 	3.08184 	0
6.87317 	0.571882 	0.00592598 	3.0919 	1.94746e-19
6.9433 	0.571882 	0.00592598 	3.0919 	1.94746e-19
7.01344 	0.571882 	0.00592598 	3.0919 	1.94746e-19
7.08357 	0.571882 	0.00592598 	3.0919 	1.94746e-19
7.15371 	0.571882 	0.00592598 	3.0919 	1.94746e-19
7.22384 	0.571882 	0.00592598 	3.0919 	1.94746e-19
7.29398 	0.571882 	0.00592598 	3.0919 	1.94746e-19
7.36411 	0.571882 	0.00592598 	3.0919 	1.94746e-19
7.43425 	0.571882 	0.00592598 	3.0919 	1.94746e-19
7.50438 	0.541398 	0.00861092 	3.09955 	-1.42748e-18
7.57451 	0.541398 	0.00861092 	3.09955 	-1.42748e-18
7.64465 	0.541398 	0.00861092 	3.09955 	-1.42748e-18
7.71478 	0.541398 	0.00861092 	3.09955 	-1.42748e-18
7.78492 	0.541398 	0.00861092 	3.09955 	-1.42748e-18
7.85505 	0.541398 	0.00861092 	3.09955 	-1.42748e-18
7.92519 	0.541398 	0.00861092 	3.09955 	-1.42748e-18
7.99532 	0.541398 	0.00861092 	3.09955 	-1.42748e-18
8.06545 	0.521221 	0.00204827 	3.10492 	1.42877e-18
8.13559 	0.521221 	0.00204827 	3.10492 	1.42877e-18
8.20572 	0.521221 	0.00204827 	3.10492 	1.42877e-18
8.27586 	0.521221 	0.00204827 	3.10492 	1.42877e-18
8.34599 	0.521221 	0.00204827 	3.10492 	1.42877e-18
8.41613 	0.521221 	0.00204827 	3.10492 	1.42877e-18
8.48626 	0.521221 	0.00204827 	3.10492 	1.42877e-18
8.5564 	0.521221 	0.00204827 	3.10492 	1.42877e-18
8.62653 	0.521221 	0.00204827 	3.10492 	1.42877e-18
8.69666 	0.488995 	0.0117252 	3.11909 	1.11909e-18
8.7668 	0.488995 	0.0117252 	3.11909 	1.11909e-18
8.83693 	0.488995 	0.0117252 	3.11909 	1.11909e-18
8.90707 	0.488995 	0.0117252 	3.11909 	1.11909e-18
8.9772 	0.488995 	0.0117252 	3.11909 	1.11909e-18
9.04734 	0.488995 	0.0117252 	3.11909 	1.11909e-18
9.11747 	0.488995 	0.0117252 	3.11909 	1.11909e-18
9.18761 	0.488995 	0.0117252 	3.11909 	1.11909e-18
9.25774 	0.457003 	0.00549392 	3.11863 	-1.0269e-18
9.32787 	0.457003 	0.00549392 	3.11863 	-1.0269e-18
9.39801 	0.457003 	0.00549392 	3.11863 	-1.0269e-18
9.46814 	0.457003 	0.00549392 	3.11863 	-1.0269e-18
9.53828 	0.457003 	0.00549392 	3.11863 	-1.0269e-18
9.60841 	0.457003 	0.00549392 	3.11863 	-1.0269e-18
9.67855 	0.457003 	0.00549392 	3.11863 	-1.0269e-18
9.74868 	0.457003 	0.00549392 	3.11863 	-1.0269e-18
9.81881 	0.442514 	0.0195005 	3.1294 	-3.4703e-19
9.88895 	0.442514 	0.0195005 	3.1294 	-3.4703e-19
9.95908 	0.442514 	0.0195005 	3.1294 	-3.4703e-19
10.0292 	0.442514 	0.0195005 	3.1294 	-3.4703e-19
10.0994 	0.442514 	0.0195005 	3.1294 	-3.4703e-19
10.1695 	0.442514 	0.0195005 	3.1294 	-3.4703e-19
10.2396 	0.442514 	0.0195005 	3.1294 	-3.4703e-19
10.3098 	0.442514 	0.0195005 	3.1294 	-3.4703e-19
10.3799 	0.442514 	0.0195005 	3.1294 	-3.4703e-19
10.45 	0.442514 	0.0195005 	3.1294 	-3.4703e-19
10.5202 	0.442514 	0.0195005 	3.1294 	-3.4703e-19
10.5903 	0.442514 	0.0195005 	3.1294 	-3.4703e-19
10.6604 	0.465103 	0.0172199 	3.12527 	5.10799e-19
10.7306 	0.411147 	0.0390672 	3.13983 	0
10.8007 	0.411147 	0.0390672 	3.13983 	0
10.8708 	0.411147 	0.0390672 	3.13983 	0
10.941 	0.411147 	0.0390672 	3.13983 	0
11.0111 	0.411147 	0.0390672 	3.13983 	0
11.0812 	0.411147 	0.0390672 	3.13983 	0
11.1514 	0.411147 	0.0390672 	3.13983 	0
11.2215 	0.411147 	0.0390672 	3.13983 	0
11.2916 	0.411147 	0.0390672 	3.13983 	0
11.3618 	0.411147 	0.0390672 	3.13983 	0
11.4319 	0.411147 	0.0390672 	3.13983 	0
11.502 	0.411147 	0.0390672 	3.13983 	0
11.5722 	0.411147 	0.0390672 	3.13983 	0
11.6423 	0.411147 	0.0390672 	3.13983 	0
11.7124 	0.419958 	0.0263663 	3.12819 	0
11.7826 	0.354491 	0.082179 	3.16304 	5.21974e-19
11.8527 	0.354491 	0.082179 	3.16304 	5.21974e-19
11.9228 	0.354491 	0.082179 	3.16304 	5.21974e-19
11.993 	0.354491 	0.082179 	3.16304 	5.21974e-19
12.0631 	0.354491 	0.082179 	3.16304 	5.21974e-19
12.1332 	0.354491 	0.082179 	3.16304 	5.21974e-19
12.2034 	0.249651 	0.0746594 	3.19113 	-2.25464e-19
12.2735 	0.249651 	0.0746594 	3.19113 	-2.25464e-19
12.3437 	0.249651 	0.0746594 	3.19113 	-2.25464e-19
12.4138 	0.249651 	0.0746594 	3.19113 	-2.25464e-19
12.4839 	0.249651 	0.0746594 	3.19113 	-2.25464e-19
12.5541 	0.249651 	0.0746594 	3.19113 	-2.25464e-19
12.6242 	0.249651 	0.0746594 	3.19113 	-2.25464e-19
12.6943 	0.249651 	0.0746594 	3.19113 	-2.25464e-19
12.7645 	0.249651 	0.0746594 	3.19113 	-2.25464e-19
12.8346 	0.129514 	0.0407242 	3.18626 	1.20524e-19
12.9047 	0.110475 	0.142418 	3.22834 	-7.40373e-21
12.9749 	0.110475 	0.142418 	3.22834 	-7.40373e-21
13.045 	0.110475 	0.142418 	3.22834 	-7.40373e-21
13.1151 	0.110475 	0.142418 	3.22834 	-7.40373e-21
13.1853 	0.110475 	0.142418 	3.22834 	-7.40373e-21
13.2554 	0.110475 	0.142418 	3.22834 	-7.40373e-21
13.3255 	0.110475 	0.142418 	3.22834 	-7.40373e-21
13.3957 	0.337686 	0.149481 	3.19949 	8.17169e-19
13.4658 	0.337686 	0.149481 	3.19949 	8.17169e-19
13.5359 	0.337686 	0.149481 	3.19949 	8.17169e-19
13.6061 	0.337686 	0.149481 	3.19949 	8.17169e-19
13.6762 	0.337686 	0.149481 	3.19949 	8.17169e-19
13.7463 	0.337686 	0.149481 	3.19949 	8.17169e-19
13.8165 	0.406399 	0.12948 	2.87663 	-6.76363e-19
13.8866 	0.590134 	0.153138 	2.97022 	1.25684e-19
13.9567 	0.590134 	0.153138 	2.97022 	1.25684e-19
14.0269 	0.0161285 	0.262042 	3.04306 	-7.32782e-19
14.097 	0.0161285 	0.262042 	3.04306 	-7.32782e-19
14.1671 	0.0161285 	0.262042 	3.04306 	-7.32782e-19
14.2373 	0.0161285 	0.262042 	3.04306 	-7.32782e-19
14.3074 	0.0161285 	0.262042 	3.04306 	-7.32782e-19
14.3776 	0.0161285 	0.262042 	3.04306 	-7.32782e-19
14.4477 	0.0161285 	0.262042 	3.04306 	-7.32782e-19
14.5178 	0.0161285 	0.262042 	3.04306 	-7.32782e-19
14.588 	0.0161285 	0.262042 	3.04306 	-7.32782e-19
14.6581 	0.0161285 	0.262042 	3.04306 	-7.32782e-19
14.7282 	0.0161285 	0.262042 	3.04306 	-7.32782e-19
14.7984 	0.0161285 	0.262042 	3.04306 	-7.32782e-19
14.8685 	0.0161285 	0.262042 	3.04306 	-7.32782e-19
14.9386 	-0.163737 	0.354194 	3.20387 	0
15.0088 	-0.163737 	0.354194 	3.20387 	0
15.0789 	-0.163737 	0.354194 	3.20387 	0
15.149 	-0.163737 	0.354194 	3.20387 	0
15.2192 	-0.163737 	0.354194 	3.20387 	0
15.2893 	-0.669897 	0.346619 	3.43717 	-4.41674e-19
15.3594 	-0.669897 	0.346619 	3.43717 	-4.41674e-19
15.4296 	-0.669897 	0.346619 	3.43717 	-4.41674e-19
15.4997 	-0.669897 	0.346619 	3.43717 	-4.41674e-19
15.5698 	-0.669897 	0.346619 	3.43717 	-4.41674e-19
15.64 	-0.669897 	0.346619 	3.43717 	-4.41674e-19
15.7101 	-1.16777 	0.401831 	3.50794 	0
15.7802 	-1.16777 	0.401831 	3.50794 	0
15.8504 	-1.07084 	0.653386 	3.56876 	1.65709e-18
15.9205 	-1.07084 	0.653386 	3.56876 	1.65709e-18
15.9906 	-1.07084 	0.653386 	3.56876 	1.65709e-18
16.0608 	-1.07084 	0.653386 	3.56876 	1.65709e-18
16.1309 	-1.07084 	0.653386 	3.56876 	1.65709e-18
16.201 	-1.07084 	0.653386 	3.56876 	1.65709e-18
16.2712 	-1.07084 	0.653386 	3.56876 	1.65709e-18
16.3413 	-1.07084 	0.653386 	3.56876 	1.65709e-18
16.4114 	-1.07084 	0.653386 	3.56876 	1.65709e-18
16.4816 	-1.07084 	0.653386 	3.56876 	1.65709e-18
16.5517 	-1.07084 	0.653386 	3.56876 	1.65709e-18
16.6219 	-1.07084 	0.653386 	3.56876 	1.65709e-18
16.692 	-1.07084 	0.653386 	3.56876 	1.65709e-18
16.7621 	-1.07084 	0.653386 	3.56876 	1.65709e-18
16.8323 	-0.654387 	0.885882 	3.13676 	4.06266e-19
16.9024 	-0.654387 	0.885882 	3.13676 	4.06266e-19
16.9725 	-0.654387 	0.885882 	3.13676 	4.06266e-19
17.0427 	-0.654387 	0.885882 	3.13676 	4.06266e-19
17.1128 	-0.654387 	0.885882 	3.13676 	4.06266e-19
17.1829 	-0.654387 	0.885882 	3.13676 	4.06266e-19
17.2531 	-0.654387 	0.885882 	3.13676 	4.06266e-19
17.3232 	-0.654387 	0.885882 	3.13676 	4.06266e-19
17.3933 	-0.654387 	0.885882 	3.13676 	4.06266e-19
17.4635 	-0.654387 	0.885882 	3.13676 	4.06266e-19
17.5336 	-0.566869 	0.906026 	3.05649 	-4.6909e-19
17.6037 	-0.566869 	0.906026 	3.05649 	-4.6909e-19
17.6739 	-0.566869 	0.906026 	3.05649 	-4.6909e-19
17.744 	-0.645208 	1.02711 	3.18811 	4.9435e-19
17.8141 	-0.645208 	1.02711 	3.18811 	4.9435e-19
17.8843 	-0.645208 	1.02711 	3.18811 	4.9435e-19
17.9544 	-0.645208 	1.02711 	3.18811 	4.9435e-19
18.0245 	-0.645208 	1.02711 	3.18811 	4.9435e-19
18.0947 	-0.645208 	1.02711 	3.18811 	4.9435e-19
18.1648 	-0.645208 	1.02711 	3.18811 	4.9435e-19
18.2349 	-0.645208 	1.02711 	3.18811 	4.9435e-19
18.3051 	-0.645208 	1.02711 	3.18811 	4.9435e-19
18.3752 	-0.357077 	0.987591 	2.80074 	-3.75504e-19
18.4453 	-0.357077 	0.987591 	2.80074 	-3.75504e-19
18.5155 	-0.357077 	0.987591 	2.80074 	-3.75504e-19
18.5856 	-0.357077 	0.987591 	2.80074 	-3.75504e-19
18.6557 	-0.357077 	0.987591 	2.80074 	-3.75504e-19
18.7259 	-0.357077 	0.987591 	2.80074 	-3.75504e-19
18.796 	-0.357077 	0.987591 	2.80074 	-3.75504e-19
18.8662 	-0.276474 	1.00834 	2.8583 	3.07456e-19
18.9363 	-0.276474 	1.00834 	2.8583 	3.07456e-19
19.0064 	-0.276474 	1.00834 	2.8583 	3.07456e-19
19.0766 	-0.276474 	1.00834 	2.8583 	3.07456e-19
19.1467 	-0.276474 	1.00834 	2.8583 	3.07456e-19
19.2168 	-0.276474 	1.00834 	2.8583 	3.07456e-19
19.287 	-0.276474 	1.00834 	2.8583 	3.07456e-19
19.3571 	-0.276474 	1.00834 	2.8583 	3.07456e-19
19.4272 	-0.276474 	1.00834 	2.8583 	3.07456e-19
19.4974 	-0.276474 	1.00834 	2.8583 	3.07456e-19
19.5675 	-0.276474 	1.00834 	2.8583 	3.07456e-19
19.6376 	-0.276474 	1.00834 	2.8583 	3.07456e-19
19.7078 	-0.276474 	1.00834 	2.8583 	3.07456e-19
19.7779 	-0.146907 	0.968138 	2.50562 	-4.65707e-20
19.848 	-0.146907 	0.968138 	2.50562 	-4.65707e-20
19.9182 	-0.146907 	0.968138 	2.50562 	-4.65707e-20
19.9883 	-0.146907 	0.968138 	2.50562 	-4.65707e-20
20.0584 	-0.146907 	0.968138 	2.50562 	-4.65707e-20
20.1286 	-0.146907 	0.968138 	2.50562 	-4.65707e-20
20.1987 	-0.146907 	0.968138 	2.50562 	-4.65707e-20
20.2688 	-0.160484 	0.970926 	2.52438 	-1.87954e-19
20.339 	-0.160484 	0.970926 	2.52438 	-1.87954e-19
20.4091 	-0.160484 	0.970926 	2.52438 	-1.87954e-19
20.4792 	-0.160484 	0.970926 	2.52438 	-1.87954e-19
20.5494 	-0.160484 	0.970926 	2.52438 	-1.87954e-19
20.6195 	-0.160484 	0.970926 	2.52438 	-1.87954e-19
20.6896 	-0.160484 	0.970926 	2.52438 	-1.87954e-19
20.7598 	-0.160484 	0.970926 	2.52438 	-1.87954e-19
20.8299 	-0.160484 	0.970926 	2.52438 	-1.87954e-19
20.9 	-0.160484 	0.970926 	2.52438 	-1.87954e-19
20.9702 	-0.160484 	0.970926 	2.52438 	-1.87954e-19
21.0403 	-0.160484 	0.970926 	2.52438 	-1.87954e-19
21.1105 	-0.160484 	0.970926 	2.52438 	-1.87954e-19
21.1806 	-0.160484 	0.970926 	2.52438 	-1.87954e-19
21.2507 	-0.160484 	0.970926 	2.52438 	-1.87954e-19
21.3209 	-0.160484 	0.970926 	2.52438 	-1.87954e-19
21.391 	-0.160484 	0.970926 	2.52438 	-1.87954e-19
21.4611 	-0.149155 	0.687511 	1.98009 	1.63907e-19
21.5313 	-0.149155 	0.687511 	1.98009 	1.63907e-19
21.6014 	-0.149155 	0.687511 	1.98009 	1.63907e-19
21.6715 	-0.185472 	0.557572 	1.56724 	1.44545e-19
21.7417 	-0.185472 	0.557572 	1.56724 	1.44545e-19
21.8118 	-0.185472 	0.557572 	1.56724 	1.44545e-19
21.8819 	-0.185472 	0.557572 	1.56724 	1.44545e-19
21.9521 	-0.185472 	0.557572 	1.56724 	1.44545e-19
22.0222 	-0.237439 	0.868005 	2.38608 	-2.02566e-19
22.0923 	-0.237439 	0.868005 	2.38608 	-2.02566e-19
22.1625 	-0.237439 	0.868005 	2.38608 	-2.02566e-19
22.2326 	-0.237439 	0.868005 	2.38608 	-2.02566e-19
22.3027 	-0.237439 	0.868005 	2.38608 	-2.02566e-19
22.3729 	-0.237439 	0.868005 	2.38608 	-2.02566e-19
22.443 	-0.237439 	0.868005 	2.38608 	-2.02566e-19
22.5131 	-0.237439 	0.868005 	2.38608 	-2.02566e-19
22.5833 	-0.237439 	0.868005 	2.38608 	-2.02566e-19
22.6534 	-0.237439 	0.868005 	2.38608 	-2.02566e-19
22.7235 	-0.237439 	0.868005 	2.38608 	-2.02566e-19
22.7937 	-0.237439 	0.868005 	2.38608 	-2.02566e-19
22.8638 	-0.237439 	0.868005 	2.38608 	-2.02566e-19
22.9339 	-0.237439 	0.868005 	2.38608 	-2.02566e-19
23.0041 	-0.237439 	0.868005 	2.38608 	-2.02566e-19
23.0742 	-0.237439 	0.868005 	2.38608 	-2.02566e-19
23.1443 	-0.237439 	0.868005 	2.38608 	-2.02566e-19
23.2145 	-0.237439 	0.868005 	2.38608 	-2.02566e-19
23.2846 	-0.237439 	0.868005 	2.38608 	-2.02566e-19
23.3548 	-0.237439 	0.868005 	2.38608 	-2.02566e-19
23.4249 	-0.237439 	0.868005 	2.38608 	-2.02566e-19
23.495 	-0.019799 	0.82958 	2.36557 	9.89235e-21
23.5652 	-0.019799 	0.82958 	2.36557 	9.89235e-21
23.6353 	-0.019799 	0.82958 	2.36557 	9.89235e-21
23.7054 	-0.019799 	0.82958 	2.36557 	9.89235e-21
23.7756 	-0.019799 	0.82958 	2.36557 	9.89235e-21
23.8457 	-0.019799 	0.82958 	2.36557 	9.89235e-21
23.9158 	-0.019799 	0.82958 	2.36557 	9.89235e-21
23.986 	0.135615 	0.818411 	2.16701 	7.18555e-22
24.0561 	0.135615 	0.818411 	2.16701 	7.18555e-22
24.1262 	0.135615 	0.818411 	2.16701 	7.18555e-22
24.1964 	0.135615 	0.818411 	2.16701 	7.18555e-22
24.2665 	0.135615 	0.818411 	2.16701 	7.18555e-22
24.3366 	0.135615 	0.818411 	2.16701 	7.18555e-22
24.4068 	0.135615 	0.818411 	2.16701 	7.18555e-22
24.4769 	0.135615 	0.818411 	2.16701 	7.18555e-22
24.547 	0.135615 	0.818411 	2.16701 	7.18555e-22
24.6172 	0.135615 	0.818411 	2.16701 	7.18555e-22
24.6873 	0.135615 	0.818411 	2.16701 	7.18555e-22
24.7574 	0.135615 	0.818411 	2.16701 	7.18555e-22
24.8276 	0.135615 	0.818411 	2.16701 	7.18555e-22
24.8977 	0.135615 	0.818411 	2.16701 	7.18555e-22
24.9678 	0.135615 	0.818411 	2.16701 	7.18555e-22
25.038 	0.135615 	0.818411 	2.16701 	7.18555e-22
25.1081 	0.135615 	0.818411 	2.16701 	7.18555e-22
25.1782 	0.0313352 	0.588567 	1.4476 	0
25.2484 	0.0313352 	0.588567 	1.4476 	0
25.3185 	0.0313352 	0.588567 	1.4476 	0
25.3886 	0.0313352 	0.588567 	1.4476 	0
25.4588 	0.0313352 	0.588567 	1.4476 	0
25.5289 	0.0313352 	0.588567 	1.4476 	0
25.5991 	0.0313352 	0.588567 	1.4476 	0
25.6692 	0.0313352 	0.588567 	1.4476 	0
25.7393 	0.0313352 	0.588567 	1.4476 	0
25.8095 	0.0313352 	0.588567 	1.4476 	0
25.8796 	0.0313352 	0.588567 	1.4476 	0
25.9497 	0.0313352 	0.588567 	1.4476 	0
26.0199 	0.0313352 	0.588567 	1.4476 	0
26.09 	0.0313352 	0.588567 	1.4476 	0
26.1601 	0.0313352 	0.588567 	1.4476 	0
26.2303 	-0.177932 	0.711528 	1.42645 	5.22025e-19
26.3004 	-0.177932 	0.711528 	1.42645 	5.22025e-19
26.3705 	-0.177932 	0.711528 	1.42645 	5.22025e-19
26.4407 	-0.177932 	0.711528 	1.42645 	5.22025e-19
26.5108 	-0.177932 	0.711528 	1.42645 	5.22025e-19
26.5809 	-0.177932 	0.711528 	1.42645 	5.22025e-19
26.6511 	-0.177932 	0.711528 	1.42645 	5.22025e-19
26.7212 	-0.177932 	0.711528 	1.42645 	5.22025e-19
26.7913 	-0.177932 	0.711528 	1.42645 	5.22025e-19
26.8615 	-0.177932 	0.711528 	1.42645 	5.22025e-19
26.9316 	-0.177932 	0.711528 	1.42645 	5.22025e-19
27.0017 	-0.177932 	0.711528 	1.42645 	5.22025e-19
27.0719 	-0.177932 	0.711528 	1.42645 	5.22025e-19
27.142 	-0.177932 	0.711528 	1.42645 	5.22025e-19
27.2121 	-0.177932 	0.711528 	1.42645 	5.22025e-19
27.2823 	-0.177932 	0.711528 	1.42645 	5.22025e-19
27.3524 	-0.340672 	0.758147 	1.5362 	-5.55028e-19
27.4225 	-0.340672 	0.758147 	1.5362 	-5.55028e-19
27.4927 	-0.340672 	0.758147 	1.5362 	-5.55028e-19
27.5628 	-0.340672 	0.758147 	1.5362 	-5.55028e-19
27.6329 	-0.340672 	0.758147 	1.5362 	-5.55028e-19
27.7031 	-0.340672 	0.758147 	1.5362 	-5.55028e-19
27.7732 	-0.340672 	0.758147 	1.5362 	-5.55028e-19
27.8434 	-0.340672 	0.758147 	1.5362 	-5.55028e-19
27.9135 	-0.340672 	0.758147 	1.5362 	-5.55028e-19
27.9836 	-0.340672 	0.758147 	1.5362 	-5.55028e-19
28.0538 	-0.340672 	0.758147 	1.5362 	-5.55028e-19
28.1239 	-0.340672 	0.758147 	1.5362 	-5.55028e-19
28.194 	-0.340672 	0.758147 	1.5362 	-5.55028e-19
28.2642 	-0.340672 	0.758147 	1.5362 	-5.55028e-19
28.3343 	-0.340672 	0.758147 	1.5362 	-5.55028e-19
28.4044 	-0.340672 	0.758147 	1.5362 	-5.55028e-19
28.4746 	-0.340672 	0.758147 	1.5362 	-5.55028e-19
28.5447 	-0.340672 	0.758147 	1.5362 	-5.55028e-19
28.6148 	-0.340672 	0.758147 	1.5362 	-5.55028e-19
28.685 	-0.340672 	0.758147 	1.5362 	-5.55028e-19
28.7551 	-0.340672 	0.758147 	1.5362 	-5.55028e-19
28.8252 	-0.340672 	0.758147 	1.5362 	-5.55028e-19
28.8954 	-0.340672 	0.758147 	1.5362 	-5.55028e-19
28.9655 	-0.476156 	0.81796 	1.42109 	-4.14984e-20
29.0356 	-0.476156 	0.81796 	1.42109 	-4.14984e-20
29.1058 	-0.476156 	0.81796 	1.42109 	-4.14984e-20
29.1759 	-0.476156 	0.81796 	1.42109 	-4.14984e-20
29.246 	-0.476156 	0.81796 	1.42109 	-4.14984e-20
29.3162 	-0.476156 	0.81796 	1.42109 	-4.14984e-20
29.3863 	-0.476156 	0.81796 	1.42109 	-4.14984e-20
29.4564 	-0.476156 	0.81796 	1.42109 	-4.14984e-20
29.5266 	-0.476156 	0.81796 	1.42109 	-4.14984e-20
29.5967 	-0.476156 	0.81796 	1.42109 	-4.14984e-20
29.6668 	-0.476156 	0.81796 	1.42109 	-4.14984e-20
29.737 	-0.476156 	0.81796 	1.42109 	-4.14984e-20
29.8071 	-0.476156 	0.81796 	1.42109 	-4.14984e-20
29.8773 	-0.476156 	0.81796 	1.42109 	-4.14984e-20
29.9474 	-0.476156 	0.81796 	1.42109 	-4.14984e-20
30.0175 	-0.476156 	0.81796 	1.42109 	-4.14984e-20
30.0877 	-0.476156 	0.81796 	1.42109 	-4.14984e-20
30.1578 	-0.476156 	0.81796 	1.42109 	-4.14984e-20
30.2279 	-0.476156 	0.81796 	1.42109 	-4.14984e-20
30.2981 	-0.476156 	0.81796 	1.42109 	-4.14984e-20
30.3682 	-0.476156 	0.81796 	1.42109 	-4.14984e-20
30.4383 	-0.476156 	0.81796 	1.42109 	-4.14984e-20
30.5085 	-0.476156 	0.81796 	1.42109 	-4.14984e-20
30.5786 	-0.476156 	0.81796 	1.42109 	-4.14984e-20
30.6487 	-0.476156 	0.81796 	1.42109 	-4.14984e-20
30.7189 	-0.476156 	0.81796 	1.42109 	-4.14984e-20
30.789 	-0.575606 	0.275586 	1.51405 	1.2e-18
30.8591 	-0.575606 	0.275586 	1.51405 	1.2e-18
30.9293 	-0.575606 	0.275586 	1.51405 	1.2e-18
30.9994 	-0.575606 	0.275586 	1.51405 	1.2e-18
31.0695 	-0.575606 	0.275586 	1.51405 	1.2e-18
31.1397 	-0.575606 	0.275586 	1.51405 	1.2e-18
31.2098 	-0.575606 	0.275586 	1.51405 	1.2e-18
31.2799 	-0.575606 	0.275586 	1.51405 	1.2e-18
31.3501 	-0.575606 	0.275586 	1.51405 	1.2e-18
31.4202 	-0.575606 	0.275586 	1.51405 	1.2e-18
31.4903 	-0.575606 	0.275586 	1.51405 	1.2e-18
31.5605 	-0.575606 	0.275586 	1.51405 	1.2e-18
31.6306 	-0.575606 	0.275586 	1.51405 	1.2e-18
31.7007 	-0.575606 	0.275586 	1.51405 	1.2e-18
31.7709 	-0.575606 	0.275586 	1.51405 	1.2e-18
31.841 	-0.575606 	0.275586 	1.51405 	1.2e-18
31.9111 	-0.575606 	0.275586 	1.51405 	1.2e-18
31.9813 	-0.575606 	0.275586 	1.51405 	1.2e-18
32.0514 	-0.575606 	0.275586 	1.51405 	1.2e-18
32.1216 	-0.575606 	0.275586 	1.51405 	1.2e-18
32.1917 	-0.575606 	0.275586 	1.51405 	1.2e-18
32.2618 	-0.575606 	0.275586 	1.51405 	1.2e-18
32.332 	-0.575606 	0.275586 	1.51405 	1.2e-18
32.4021 	-0.575606 	0.275586 	1.51405 	1.2e-18
32.4722 	-0.575606 	0.275586 	1.51405 	1.2e-18
32.5424 	-0.575606 	0.275586 	1.51405 	1.2e-18
32.6125 	-0.575606 	0.275586 	1.51405 	1.2e-18
32.6826 	-0.575606 	0.275586 	1.51405 	1.2e-18
32.7528 	-0.575606 	0.275586 	1.51405 	1.2e-18
32.8229 	-0.575606 	0.275586 	1.51405 	1.2e-18
32.893 	-0.575606 	0.275586 	1.51405 	1.2e-18
32.9632 	-0.575606 	0.275586 	1.51405 	1.2e-18
33.0333 	-0.575606 	0.275586 	1.51405 	1.2e-18
33.1034 	-0.575606 	0.275586 	1.51405 	1.2e-18
33.1736 	-0.575606 	0.275586 	1.51405 	1.2e-18
33.2437 	-0.575606 	0.275586 	1.51405 	1.2e-18
33.3138 	-0.575606 	0.275586 	1.51405 	1.2e-18
33.384 	-0.575606 	0.275586 	1.51405 	1.2e-18
33.4541 	-0.575606 	0.275586 	1.51405 	1.2e-18
33.5242 	-0.575606 	0.275586 	1.51405 	1.2e-18
33.5944 	-0.575606 	0.275586 	1.51405 	1.2e-18
33.6645 	-0.575606 	0.275586 	1.51405 	1.2e-18
33.7346 	-0.571862 	0.18184 	1.44108 	-7.35568e-19
33.8048 	-0.571862 	0.18184 	1.44108 	-7.35568e-19
33.8749 	-0.571862 	0.18184 	1.44108 	-7.35568e-19
33.945 	-0.571862 	0.18184 	1.44108 	-7.35568e-19
34.0152 	-0.571862 	0.18184 	1.44108 	-7.35568e-19
34.0853 	-0.571862 	0.18184 	1.44108 	-7.35568e-19
34.1554 	-0.490831 	-0.112168 	1.34314 	5.58109e-19
34.2256 	-0.490831 	-0.112168 	1.34314 	5.58109e-19
34.2957 	-0.490831 	-0.112168 	1.34314 	5.58109e-19
34.3659 	-0.490831 	-0.112168 	1.34314 	5.58109e-19
34.436 	-0.490831 	-0.112168 	1.34314 	5.58109e-19
34.5061 	-0.490831 	-0.112168 	1.34314 	5.58109e-19
34.5763 	-0.490831 	-0.112168 	1.34314 	5.58109e-19
34.6464 	-0.490831 	-0.112168 	1.34314 	5.58109e-19
34.7165 	-0.287043 	-0.214995 	2.05826 	-3.54872e-19
34.7867 	-0.287043 	-0.214995 	2.05826 	-3.54872e-19
34.8568 	-0.287043 	-0.214995 	2.05826 	-3.54872e-19
34.9269 	-0.287043 	-0.214995 	2.05826 	-3.54872e-19
34.9971 	-0.287043 	-0.214995 	2.05826 	-3.54872e-19
35.0672 	-0.287043 	-0.214995 	2.05826 	-3.54872e-19
35.1373 	-0.287043 	-0.214995 	2.05826 	-3.54872e-19
35.2075 	-0.287043 	-0.214995 	2.05826 	-3.54872e-19
35.2776 	-0.287043 	-0.214995 	2.05826 	-3.54872e-19
35.3477 	-0.287043 	-0.214995 	2.05826 	-3.54872e-19
35.4179 	-0.287043 	-0.214995 	2.05826 	-3.54872e-19
35.488 	-0.287043 	-0.214995 	2.05826 	-3.54872e-19
35.5581 	-0.287043 	-0.214995 	2.05826 	-3.54872e-19
35.6283 	-0.287043 	-0.214995 	2.05826 	-3.54872e-19
35.6984 	-0.287043 	-0.214995 	2.05826 	-3.54872e-19
35.7685 	-0.287043 	-0.214995 	2.05826 	-3.54872e-19
35.8387 	-0.287043 	-0.214995 	2.05826 	-3.54872e-19
35.9088 	-0.287043 	-0.214995 	2.05826 	-3.54872e-19
35.9789 	-0.287043 	-0.214995 	2.05826 	-3.54872e-19
36.0491 	-0.166397 	-0.25583 	2.0252 	0
36.1192 	-0.166397 	-0.25583 	2.0252 	0
36.1893 	-0.166397 	-0.25583 	2.0252 	0
36.2595 	-0.166397 	-0.25583 	2.0252 	0
36.3296 	-0.166397 	-0.25583 	2.0252 	0
36.3997 	-0.166397 	-0.25583 	2.0252 	0
36.4699 	-0.166397 	-0.25583 	2.0252 	0
36.54 	-0.166397 	-0.25583 	2.0252 	0
36.6102 	-0.166397 	-0.25583 	2.0252 	0
36.6803 	-0.166397 	-0.25583 	2.0252 	0
36.7504 	-0.166397 	-0.25583 	2.0252 	0
36.8206 	-0.166397 	-0.25583 	2.0252 	0
36.8907 	-0.118092 	-0.308649 	1.95379 	-4.28724e-20
36.9608 	-0.118092 	-0.308649 	1.95379 	-4.28724e-20
37.031 	-0.118092 	-0.308649 	1.95379 	-4.28724e-20
37.1011 	-0.118092 	-0.308649 	1.95379 	-4.28724e-20
37.1712 	-0.118092 	-0.308649 	1.95379 	-4.28724e-20
37.2414 	-0.118092 	-0.308649 	1.95379 	-4.28724e-20
37.3115 	-0.118092 	-0.308649 	1.95379 	-4.28724e-20
37.3816 	-0.118092 	-0.308649 	1.95379 	-4.28724e-20
37.4518 	-0.118092 	-0.308649 	1.95379 	-4.28724e-20
37.5219 	-0.118092 	-0.308649 	1.95379 	-4.28724e-20
37.592 	-0.118092 	-0.308649 	1.95379 	-4.28724e-20
37.6622 	-0.118092 	-0.308649 	1.95379 	-4.28724e-20
37.7323 	-0.118092 	-0.308649 	1.95379 	-4.28724e-20
37.8024 	-0.118092 	-0.308649 	1.95379 	-4.28724e-20
37.8726 	-0.118092 	-0.308649 	1.95379 	-4.28724e-20
37.9427 	-0.118092 	-0.308649 	1.95379 	-4.28724e-20
38.0128 	-0.118092 	-0.308649 	1.95379 	-4.28724e-20
38.083 	-0.118092 	-0.308649 	1.95379 	-4.28724e-20
38.1531 	-0.118092 	-0.308649 	1.95379 	-4.28724e-20
38.2232 	0.0169126 	-0.273525 	1.94652 	4.82503e-20
38.2934 	0.0169126 	-0.273525 	1.94652 	4.82503e-20
38.3635 	0.0169126 	-0.273525 	1.94652 	4.82503e-20
38.4336 	0.0169126 	-0.273525 	1.94652 	4.82503e-20
38.5038 	0.0169126 	-0.273525 	1.94652 	4.82503e-20
38.5739 	0.0169126 	-0.273525 	1.94652 	4.82503e-20
38.644 	0.0169126 	-0.273525 	1.94652 	4.82503e-20
38.7142 	0.0169126 	-0.273525 	1.94652 	4.82503e-20
38.7843 	0.0169126 	-0.273525 	1.94652 	4.82503e-20
38.8545 	0.0169126 	-0.273525 	1.94652 	4.82503e-20
38.9246 	0.0169126 	-0.273525 	1.94652 	4.82503e-20
38.9947 	0.0169126 	-0.273525 	1.94652 	4.82503e-20
39.0649 	0.0169126 	-0.273525 	1.94652 	4.82503e-20
39.135 	0.0169126 	-0.273525 	1.94652 	4.82503e-20
39.2051 	0.0436141 	-0.247669 	1.93947 	0
39.2753 	0.0436141 	-0.247669 	1.93947 	0
39.3454 	0.0436141 	-0.247669 	1.93947 	0
39.4155 	0.0436141 	-0.247669 	1.93947 	0
39.4857 	0.0436141 	-0.247669 	1.93947 	0
39.5558 	0.0436141 	-0.247669 	1.93947 	0
39.6259 	0.0436141 	-0.247669 	1.93947 	0
39.6961 	0.0436141 	-0.247669 	1.93947 	0
39.7662 	0.0436141 	-0.247669 	1.93947 	0
39.8363 	0.0436141 	-0.247669 	1.93947 	0
39.9065 	0.0436141 	-0.247669 	1.93947 	0
39.9766 	0.0436141 	-0.247669 	1.93947 	0
40.0467 	0.0436141 	-0.247669 	1.93947 	0
40.1169 	0.0436141 	-0.247669 	1.93947 	0
40.187 	0.0436141 	-0.247669 	1.93947 	0
40.2571 	0.0436141 	-0.247669 	1.93947 	0
40.3273 	0.0436141 	-0.247669 	1.93947 	0
40.3974 	0.0436141 	-0.247669 	1.93947 	0
40.4675 	0.0436141 	-0.247669 	1.93947 	0
40.5377 	0.0436141 	-0.247669 	1.93947 	0
40.6078 	0.0436141 	-0.247669 	1.93947 	0
40.6779 	-0.00309013 	-0.212469 	1.90647 	-1.5054e-20
40.7481 	-0.00309013 	-0.212469 	1.90647 	-1.5054e-20
40.8182 	-0.00309013 	-0.212469 	1.90647 	-1.5054e-20
40.8883 	-0.00309013 	-0.212469 	1.90647 	-1.5054e-20
40.9585 	-0.00309013 	-0.212469 	1.90647 	-1.5054e-20
41.0286 	-0.00309013 	-0.212469 	1.90647 	-1.5054e-20
41.0988 	-0.00309013 	-0.212469 	1.90647 	-1.5054e-20
41.1689 	-0.00309013 	-0.212469 	1.90647 	-1.5054e-20
41.239 	0.0428738 	-0.189674 	1.88756 	2.72612e-20
41.3092 	0.0428738 	-0.189674 	1.88756 	2.72612e-20
41.3793 	0.0428738 	-0.189674 	1.88756 	2.72612e-20
41.4494 	0.0428738 	-0.189674 	1.88756 	2.72612e-20
41.5196 	0.0428738 	-0.189674 	1.88756 	2.72612e-20
41.5897 	0.0428738 	-0.189674 	1.88756 	2.72612e-20
41.6598 	0.0428738 	-0.189674 	1.88756 	2.72612e-20
41.73 	0.0428738 	-0.189674 	1.88756 	2.72612e-20
41.8001 	0.0428738 	-0.189674 	1.88756 	2.72612e-20
41.8702 	0.0428738 	-0.189674 	1.88756 	2.72612e-20
41.9404 	0.0428738 	-0.189674 	1.88756 	2.72612e-20
42.0105 	0.0428738 	-0.189674 	1.88756 	2.72612e-20
42.0806 	0.0428738 	-0.189674 	1.88756 	2.72612e-20
42.1508 	0.0428738 	-0.189674 	1.88756 	2.72612e-20
42.2209 	0.0428738 	-0.189674 	1.88756 	2.72612e-20
42.291 	0.0428738 	-0.189674 	1.88756 	2.72612e-20
42.3612 	0.0428738 	-0.189674 	1.88756 	2.72612e-20
42.4313 	0.0428738 	-0.189674 	1.88756 	2.72612e-20
42.5014 	0.0428738 	-0.189674 	1.88756 	2.72612e-20
42.5716 	0.0428738 	-0.189674 	1.88756 	2.72612e-20
42.6417 	0.0428738 	-0.189674 	1.88756 	2.72612e-20
42.7118 	0.0529457 	-0.155892 	1.87159 	0
42.782 	0.0529457 	-0.155892 	1.87159 	0
42.8521 	0.0529457 	-0.155892 	1.87159 	0
42.9222 	0.0529457 	-0.155892 	1.87159 	0
42.9924 	0.0642587 	-0.0989891 	1.84052 	0
43.0625 	0.0642587 	-0.0989891 	1.84052 	0
43.1327 	0.0642587 	-0.0989891 	1.84052 	0
43.2028 	0.0642587 	-0.0989891 	1.84052 	0
43.2729 	0.0642587 	-0.0989891 	1.84052 	0
43.3431 	0.0642587 	-0.0989891 	1.84052 	0
43.4132 	0.0642587 	-0.0989891 	1.84052 	0
43.4833 	0.0642587 	-0.0989891 	1.84052 	0
43.5535 	0.0642587 	-0.0989891 	1.84052 	0
43.6236 	0.0642587 	-0.0989891 	1.84052 	0
43.6937 	0.0642587 	-0.0989891 	1.84052 	0
43.7639 	0.0642587 	-0.0989891 	1.84052 	0
43.834 	0.0642587 	-0.0989891 	1.84052 	0
43.9041 	0.0642587 	-0.0989891 	1.84052 	0
43.9743 	0.0642587 	-0.0989891 	1.84052 	0
44.0444 	0.0642587 	-0.0989891 	1.84052 	0
44.1145 	0.0642587 	-0.0989891 	1.84052 	0
44.1847 	0.0642587 	-0.0989891 	1.84052 	0
44.2548 	0.0642587 	-0.0989891 	1.84052 	0
44.3249 	0.0642587 	-0.0989891 	1.84052 	0
44.3951 	0.0642587 	-0.0989891 	1.84052 	0
44.4652 	0.0642587 	-0.0989891 	1.84052 	0
44.5353 	0.0642587 	-0.0989891 	1.84052 	0
44.6055 	0.0642587 	-0.0989891 	1.84052 	0
44.6756 	0.0642587 	-0.0989891 	1.84052 	0
44.7457 	0.0642587 	-0.0989891 	1.84052 	0
44.8159 	0.0619794 	-0.0876979 	1.83762 	0
44.886 	0.0619794 	-0.0876979 	1.83762 	0
44.9561 	0.0619794 	-0.0876979 	1.83762 	0
45.0263 	0.0619794 	-0.0876979 	1.83762 	0
45.0964 	0.0619794 	-0.0876979 	1.83762 	0
45.1665 	0.0619794 	-0.0876979 	1.83762 	0
45.2367 	0.0619794 	-0.0876979 	1.83762 	0
45.3068 	0.0619794 	-0.0876979 	1.83762 	0
45.377 	0.0619794 	-0.0876979 	1.83762 	0
45.4471 	0.0619794 	-0.0876979 	1.83762 	0
45.5172 	0.0619794 	-0.0876979 	1.83762 	0
45.5874 	0.0619794 	-0.0876979 	1.83762 	0
45.6575 	0.0619794 	-0.0876979 	1.83762 	0
45.7276 	0.0619794 	-0.0876979 	1.83762 	0
45.7978 	0.0619794 	-0.0876979 	1.83762 	0
45.8679 	0.0619794 	-0.0876979 	1.83762 	0
45.938 	0.0619794 	-0.0876979 	1.83762 	0
46.0082 	0.0619794 	-0.0876979 	1.83762 	0
46.0783 	0.0619794 	-0.0876979 	1.83762 	0
46.1484 	0.0619794 	-0.0876979 	1.83762 	0
46.2186 	0.0619794 	-0.0876979 	1.83762 	0
46.2887 	0.0619794 	-0.0876979 	1.83762 	0
46.3588 	0.0619794 	-0.0876979 	1.83762 	0
46.429 	0.0619794 	-0.0876979 	1.83762 	0
46.4991 	0.0619794 	-0.0876979 	1.83762 	0
46.5692 	0.0619794 	-0.0876979 	1.83762 	0
46.6394 	0.0633724 	-0.0641692 	1.82414 	9.04236e-20
46.7095 	0.0633724 	-0.0641692 	1.82414 	9.04236e-20
46.7796 	0.0633724 	-0.0641692 	1.82414 	9.04236e-20
46.8498 	0.0633724 	-0.0641692 	1.82414 	9.04236e-20
46.9199 	0.0633724 	-0.0641692 	1.82414 	9.04236e-20
46.99 	0.0633724 	-0.0641692 	1.82414 	9.04236e-20
47.0602 	0.0633724 	-0.0641692 	1.82414 	9.04236e-20
47.1303 	0.0633724 	-0.0641692 	1.82414 	9.04236e-20
47.2004 	0.0633724 	-0.0641692 	1.82414 	9.04236e-20
47.2706 	0.0633724 	-0.0641692 	1.82414 	9.04236e-20
47.3407 	0.0633724 	-0.0641692 	1.82414 	9.04236e-20
47.4108 	0.0633724 	-0.0641692 	1.82414 	9.04236e-20
47.481 	0.0503029 	-0.0533226 	1.80062 	-8.68839e-20
47.5511 	0.0503029 	-0.0533226 	1.80062 	-8.68839e-20
47.6213 	0.0503029 	-0.0533226 	1.80062 	-8.68839e-20
47.6914 	0.0503029 	-0.0533226 	1.80062 	-8.68839e-20
47.7615 	0.0503029 	-0.0533226 	1.80062 	-8.68839e-20
47.8317 	0.0503029 	-0.0533226 	1.80062 	-8.68839e-20
47.9018 	0.0503029 	-0.0533226 	1.80062 	-8.68839e-20
47.9719 	0.0503029 	-0.0533226 	1.80062 	-8.68839e-20
48.0421 	0.0503029 	-0.0533226 	1.80062 	-8.68839e-20
48.1122 	0.0503029 	-0.0533226 	1.80062 	-8.68839e-20
48.1823 	0.0503029 	-0.0533226 	1.80062 	-8.68839e-20
48.2525 	0.0503029 	-0.0533226 	1.80062 	-8.68839e-20
48.3226 	0.0503029 	-0.0533226 	1.80062 	-8.68839e-20
48.3927 	0.0503029 	-0.0533226 	1.80062 	-8.68839e-20
48.4629 	0.0503029 	-0.0533226 	1.80062 	-8.68839e-20
48.533 	0.0503029 	-0.0533226 	1.80062 	-8.68839e-20
48.6031 	0.0503029 	-0.0533226 	1.80062 	-8.68839e-20
48.6733 	0.0503029 	-0.0533226 	1.80062 	-8.68839e-20
48.7434 	0.0460066 	-0.0316599 	1.80318 	0
48.8135 	0.0460066 	-0.0316599 	1.80318 	0
48.8837 	0.0460066 	-0.0316599 	1.80318 	0
48.9538 	0.0460066 	-0.0316599 	1.80318 	0
49.0239 	0.0460066 	-0.0316599 	1.80318 	0
49.0941 	0.0460066 	-0.0316599 	1.80318 	0
49.1642 	0.0460066 	-0.0316599 	1.80318 	0
49.2343 	0.0460066 	-0.0316599 	1.80318 	0
49.3045 	0.0460066 	-0.0316599 	1.80318 	0
49.3746 	0.0460066 	-0.0316599 	1.80318 	0
49.4447 	0.0460066 	-0.0316599 	1.80318 	0
49.5149 	0.0460066 	-0.0316599 	1.80318 	0
49.585 	0.0460066 	-0.0316599 	1.80318 	0
49.6551 	0.0460066 	-0.0316599 	1.80318 	0
49.7253 	0.0460066 	-0.0316599 	1.80318 	0
49.7954 	0.0460066 	-0.0316599 	1.80318 	0
49.8656 	0.0460066 	-0.0316599 	1.80318 	0
49.9357 	0.0460066 	-0.0316599 	1.80318 	0
50.0058 	0.0460066 	-0.0316599 	1.80318 	0
50.076 	0.0460066 	-0.0316599 	1.80318 	0
50.1461 	0.0460066 	-0.0316599 	1.80318 	0
50.2162 	0.0460066 	-0.0316599 	1.80318 	0
50.2864 	0.0460066 	-0.0316599 	1.80318 	0
50.3565 	0.0460066 	-0.0316599 	1.80318 	0
50.4266 	0.0460066 	-0.0316599 	1.80318 	0
50.4968 	0.0525306 	-0.0338483 	1.82066 	-4.34946e-20
50.5669 	0.0525306 	-0.0338483 	1.82066 	-4.34946e-20
50.637 	0.0525306 	-0.0338483 	1.82066 	-4.34946e-20
50.7072 	0.0525306 	-0.0338483 	1.82066 	-4.34946e-20
50.7773 	0.0525306 	-0.0338483 	1.82066 	-4.34946e-20
50.8474 	0.0525306 	-0.0338483 	1.82066 	-4.34946e-20
50.9176 	0.0525306 	-0.0338483 	1.82066 	-4.34946e-20
50.9877 	0.0512174 	-0.0261408 	1.817 	3.39715e-20
51.0578 	0.0512174 	-0.0261408 	1.817 	3.39715e-20
51.128 	0.0489718 	-0.0210464 	1.80415 	1.88304e-20
51.1981 	0.0489718 	-0.0210464 	1.80415 	1.88304e-20
51.2682 	0.0489718 	-0.0210464 	1.80415 	1.88304e-20
51.3384 	0.0489718 	-0.0210464 	1.80415 	1.88304e-20
51.4085 	0.0489718 	-0.0210464 	1.80415 	1.88304e-20
51.4786 	0.0489718 	-0.0210464 	1.80415 	1.88304e-20
51.5488 	0.0489718 	-0.0210464 	1.80415 	1.88304e-20
51.6189 	0.0489718 	-0.0210464 	1.80415 	1.88304e-20
51.689 	0.0489718 	-0.0210464 	1.80415 	1.88304e-20
51.7592 	0.0489718 	-0.0210464 	1.80415 	1.88304e-20
51.8293 	0.0489718 	-0.0210464 	1.80415 	1.88304e-20
51.8994 	0.0489718 	-0.0210464 	1.80415 	1.88304e-20
51.9696 	0.0489718 	-0.0210464 	1.80415 	1.88304e-20
52.0397 	0.0489718 	-0.0210464 	1.80415 	1.88304e-20
52.1099 	0.0489718 	-0.0210464 	1.80415 	1.88304e-20
52.18 	0.0489718 	-0.0210464 	1.80415 	1.88304e-20
52.2501 	0.0489718 	-0.0210464 	1.80415 	1.88304e-20
52.3203 	0.0489718 	-0.0210464 	1.80415 	1.88304e-20
52.3904 	0.0489718 	-0.0210464 	1.80415 	1.88304e-20
52.4605 	0.0489718 	-0.0210464 	1.80415 	1.88304e-20
52.5307 	0.0489718 	-0.0210464 	1.80415 	1.88304e-20
52.6008 	0.0489718 	-0.0210464 	1.80415 	1.88304e-20
52.6709 	0.0489718 	-0.0210464 	1.80415 	1.88304e-20
52.7411 	0.0489718 	-0.0210464 	1.80415 	1.88304e-20
52.8112 	0.0489718 	-0.0210464 	1.80415 	1.88304e-20
52.8813 	0.0489718 	-0.0210464 	1.80415 	1.88304e-20
52.9515 	0.0489718 	-0.0210464 	1.80415 	1.88304e-20
53.0216 	0.0489718 	-0.0210464 	1.80415 	1.88304e-20
53.0917 	0.0489718 	-0.0210464 	1.80415 	1.88304e-20
53.1619 	0.0489718 	-0.0210464 	1.80415 	1.88304e-20
53.232 	0.0489718 	-0.0210464 	1.80415 	1.88304e-20
53.3021 	0.0489718 	-0.0210464 	1.80415 	1.88304e-20
53.3723 	0.0489718 	-0.0210464 	1.80415 	1.88304e-20
53.4424 	0.0467557 	-0.0179642 	1.80526 	3.1578e-20
53.5125 	0.0467557 	-0.0179642 	1.80526 	3.1578e-20
53.5827 	0.0467557 	-0.0179642 	1.80526 	3.1578e-20
53.6528 	0.0467557 	-0.0179642 	1.80526 	3.1578e-20
53.7229 	0.0467557 	-0.0179642 	1.80526 	3.1578e-20
53.7931 	0.0467557 	-0.0179642 	1.80526 	3.1578e-20
53.8632 	0.0467557 	-0.0179642 	1.80526 	3.1578e-20
53.9333 	0.0467557 	-0.0179642 	1.80526 	3.1578e-20
54.0035 	0.0467557 	-0.0179642 	1.80526 	3.1578e-20
54.0736 	0.0467557 	-0.0179642 	1.80526 	3.1578e-20
54.1437 	0.0467557 	-0.0179642 	1.80526 	3.1578e-20
54.2139 	0.0467557 	-0.0179642 	1.80526 	3.1578e-20
54.284 	0.0467557 	-0.0179642 	1.80526 	3.1578e-20
54.3542 	0.0377687 	-0.0159991 	1.80592 	-3.83934e-20
54.4243 	0.0377687 	-0.0159991 	1.80592 	-3.83934e-20
54.4944 	0.0377687 	-0.0159991 	1.80592 	-3.83934e-20
54.5646 	0.0377687 	-0.0159991 	1.80592 	-3.83934e-20
54.6347 	0.0377687 	-0.0159991 	1.80592 	-3.83934e-20
54.7048 	0.0377687 	-0.0159991 	1.80592 	-3.83934e-20
54.775 	0.0377687 	-0.0159991 	1.80592 	-3.83934e-20
54.8451 	0.0377687 	-0.0159991 	1.80592 	-3.83934e-20
54.9152 	0.0377687 	-0.0159991 	1.80592 	-3.83934e-20
54.9854 	0.0377687 	-0.0159991 	1.80592 	-3.83934e-20
55.0555 	0.0377687 	-0.0159991 	1.80592 	-3.83934e-20
55.1256 	0.0321088 	-0.0170278 	1.80269 	0
55.1958 	0.0321088 	-0.0170278 	1.80269 	0
55.2659 	0.0321088 	-0.0170278 	1.80269 	0
55.336 	0.0321088 	-0.0170278 	1.80269 	0
55.4062 	0.0321088 	-0.0170278 	1.80269 	0
55.4763 	0.0321088 	-0.0170278 	1.80269 	0
55.5464 	0.0321088 	-0.0170278 	1.80269 	0
55.6166 	0.0321088 	-0.0170278 	1.80269 	0
55.6867 	0.0321088 	-0.0170278 	1.80269 	0
55.7568 	0.0321088 	-0.0170278 	1.80269 	0
55.827 	0.0321088 	-0.0170278 	1.80269 	0
55.8971 	0.0321088 	-0.0170278 	1.80269 	0
55.9672 	0.0321088 	-0.0170278 	1.80269 	0
56.0374 	0.0321088 	-0.0170278 	1.80269 	0
56.1075 	0.0321088 	-0.0170278 	1.80269 	0
56.1776 	0.0321088 	-0.0170278 	1.80269 	0
56.2478 	0.0321088 	-0.0170278 	1.80269 	0
56.3179 	0.0321088 	-0.0170278 	1.80269 	0
56.3881 	0.0337376 	-0.0161993 	1.80198 	1.0461e-20
56.4582 	0.0337376 	-0.0161993 	1.80198 	1.0461e-20
56.5283 	0.0337376 	-0.0161993 	1.80198 	1.0461e-20
56.5985 	0.0337376 	-0.0161993 	1.80198 	1.0461e-20
56.6686 	0.0337376 	-0.0161993 	1.80198 	1.0461e-20
56.7387 	0.0337376 	-0.0161993 	1.80198 	1.0461e-20
56.8089 	0.0337376 	-0.0161993 	1.80198 	1.0461e-20
56.879 	0.0337376 	-0.0161993 	1.80198 	1.0461e-20
56.9491 	0.0298596 	-0.0171407 	1.79939 	-1.64237e-20
57.0193 	0.0298596 	-0.0171407 	1.79939 	-1.64237e-20
57.0894 	0.0298596 	-0.0171407 	1.79939 	-1.64237e-20
57.1595 	0.0298596 	-0.0171407 	1.79939 	-1.64237e-20
57.2297 	0.0298596 	-0.0171407 	1.79939 	-1.64237e-20
57.2998 	0.0298596 	-0.0171407 	1.79939 	-1.64237e-20
57.3699 	0.0298596 	-0.0171407 	1.79939 	-1.64237e-20
57.4401 	0.0298596 	-0.0171407 	1.79939 	-1.64237e-20
57.5102 	0.0298596 	-0.0171407 	1.79939 	-1.64237e-20
57.5803 	0.0298596 	-0.0171407 	1.79939 	-1.64237e-20
57.6505 	0.0298596 	-0.0171407 	1.79939 	-1.64237e-20
57.7206 	0.0298596 	-0.0171407 	1.79939 	-1.64237e-20
57.7907 	0.0298596 	-0.0171407 	1.79939 	-1.64237e-20
57.8609 	0.0298596 	-0.0171407 	1.79939 	-1.64237e-20
57.931 	0.0298596 	-0.0171407 	1.79939 	-1.64237e-20
58.0011 	0.0298596 	-0.0171407 	1.79939 	-1.64237e-20
58.0713 	0.0298596 	-0.0171407 	1.79939 	-1.64237e-20
58.1414 	0.0298596 	-0.0171407 	1.79939 	-1.64237e-20
58.2115 	0.0298596 	-0.0171407 	1.79939 	-1.64237e-20
58.2817 	0.0298596 	-0.0171407 	1.79939 	-1.64237e-20
58.3518 	0.0298596 	-0.0171407 	1.79939 	-1.64237e-20
58.4219 	0.0298596 	-0.0171407 	1.79939 	-1.64237e-20
58.4921 	0.0298596 	-0.0171407 	1.79939 	-1.64237e-20
58.5622 	0.0277995 	-0.0138046 	1.80031 	0
58.6324 	0.0277995 	-0.0138046 	1.80031 	0
58.7025 	0.0277995 	-0.0138046 	1.80031 	0
58.7726 	0.0277995 	-0.0138046 	1.80031 	0
58.8428 	0.0277995 	-0.0138046 	1.80031 	0
58.9129 	0.023535 	-0.0160958 	1.79192 	1.2254e-20
58.983 	0.023535 	-0.0160958 	1.79192 	1.2254e-20
59.0532 	0.023535 	-0.0160958 	1.79192 	1.2254e-20
59.1233 	0.023535 	-0.0160958 	1.79192 	1.2254e-20
59.1934 	0.023535 	-0.0160958 	1.79192 	1.2254e-20
59.2636 	0.023535 	-0.0160958 	1.79192 	1.2254e-20
59.3337 	0.023535 	-0.0160958 	1.79192 	1.2254e-20
59.4038 	0.023535 	-0.0160958 	1.79192 	1.2254e-20
59.474 	0.023535 	-0.0160958 	1.79192 	1.2254e-20
59.5441 	0.023535 	-0.0160958 	1.79192 	1.2254e-20
59.6142 	0.023535 	-0.0160958 	1.79192 	1.2254e-20
59.6844 	0.023535 	-0.0160958 	1.79192 	1.2254e-20
59.7545 	0.023535 	-0.0160958 	1.79192 	1.2254e-20
59.8246 	0.023535 	-0.0160958 	1.79192 	1.2254e-20
59.8948 	0.023535 	-0.0160958 	1.79192 	1.2254e-20
59.9649 	0.023535 	-0.0160958 	1.79192 	1.2254e-20
60.035 	0.023535 	-0.0160958 	1.79192 	1.2254e-20
60.1052 	0.023535 	-0.0160958 	1.79192 	1.2254e-20
60.1753 	0.023535 	-0.0160958 	1.79192 	1.2254e-20
60.2454 	0.023535 	-0.0160958 	1.79192 	1.2254e-20
60.3156 	0.023535 	-0.0160958 	1.79192 	1.2254e-20
60.3857 	0.023535 	-0.0160958 	1.79192 	1.2254e-20
60.4558 	0.023535 	-0.0160958 	1.79192 	1.2254e-20
60.526 	0.023535 	-0.0160958 	1.79192 	1.2254e-20
60.5961 	0.023535 	-0.0160958 	1.79192 	1.2254e-20
60.6662 	0.0215532 	-0.0160349 	1.78597 	1.90729e-21
60.7364 	0.0215532 	-0.0160349 	1.78597 	1.90729e-21
60.8065 	0.0215532 	-0.0160349 	1.78597 	1.90729e-21
60.8767 	0.0215532 	-0.0160349 	1.78597 	1.90729e-21
60.9468 	0.0215532 	-0.0160349 	1.78597 	1.90729e-21
61.0169 	0.0215532 	-0.0160349 	1.78597 	1.90729e-21
61.0871 	0.0215532 	-0.0160349 	1.78597 	1.90729e-21
61.1572 	0.0215532 	-0.0160349 	1.78597 	1.90729e-21
61.2273 	0.0215532 	-0.0160349 	1.78597 	1.90729e-21
61.2975 	0.0215532 	-0.0160349 	1.78597 	1.90729e-21
61.3676 	0.0215532 	-0.0160349 	1.78597 	1.90729e-21
61.4377 	0.0215532 	-0.0160349 	1.78597 	1.90729e-21
61.5079 	0.0215532 	-0.0160349 	1.78597 	1.90729e-21
61.578 	0.0215532 	-0.0160349 	1.78597 	1.90729e-21
61.6481 	0.0179818 	-0.0159874 	1.7858 	2.37506e-20
61.7183 	0.0179818 	-0.0159874 	1.7858 	2.37506e-20
61.7884 	0.0150869 	-0.014507 	1.78438 	1.59408e-20
61.8585 	0.0150869 	-0.014507 	1.78438 	1.59408e-20
61.9287 	0.0150869 	-0.014507 	1.78438 	1.59408e-20
61.9988 	0.0150869 	-0.014507 	1.78438 	1.59408e-20
62.0689 	0.0150869 	-0.014507 	1.78438 	1.59408e-20
62.1391 	0.0150869 	-0.014507 	1.78438 	1.59408e-20
62.2092 	0.0151648 	-0.0132779 	1.7896 	0
62.2793 	0.0151648 	-0.0132779 	1.7896 	0
62.3495 	0.0151648 	-0.0132779 	1.7896 	0
62.4196 	0.0151648 	-0.0132779 	1.7896 	0
62.4897 	0.0151648 	-0.0132779 	1.7896 	0
62.5599 	0.0151648 	-0.0132779 	1.7896 	0
62.63 	0.0151648 	-0.0132779 	1.7896 	0
62.7001 	0.0151648 	-0.0132779 	1.7896 	0
62.7703 	0.0151648 	-0.0132779 	1.7896 	0
62.8404 	0.0151648 	-0.0132779 	1.7896 	0
62.9105 	0.0151648 	-0.0132779 	1.7896 	0
62.9807 	0.0151648 	-0.0132779 	1.7896 	0
63.0508 	0.0151648 	-0.0132779 	1.7896 	0
63.121 	0.0151648 	-0.0132779 	1.7896 	0
63.1911 	0.0151648 	-0.0132779 	1.7896 	0
63.2612 	0.0151648 	-0.0132779 	1.7896 	0
63.3314 	0.0151648 	-0.0132779 	1.7896 	0
63.4015 	0.0151648 	-0.0132779 	1.7896 	0
63.4716 	0.0151648 	-0.0132779 	1.7896 	0
63.5418 	0.0151648 	-0.0132779 	1.7896 	0
63.6119 	0.0151648 	-0.0132779 	1.7896 	0
63.682 	0.0151648 	-0.0132779 	1.7896 	0
63.7522 	0.0151648 	-0.0132779 	1.7896 	0
63.8223 	0.0151648 	-0.0132779 	1.7896 	0
63.8924 	0.0151648 	-0.0132779 	1.7896 	0
63.9626 	0.0151648 	-0.0132779 	1.7896 	0
64.0327 	0.0151648 	-0.0132779 	1.7896 	0
64.1028 	0.0151648 	-0.0132779 	1.7896 	0
64.173 	0.0115009 	-0.012002 	1.79098 	-1.82621e-21
64.2431 	0.0115009 	-0.012002 	1.79098 	-1.82621e-21
64.3132 	0.0115009 	-0.012002 	1.79098 	-1.82621e-21
64.3834 	0.0115009 	-0.012002 	1.79098 	-1.82621e-21
64.4535 	0.0115009 	-0.012002 	1.79098 	-1.82621e-21
64.5236 	0.0115009 	-0.012002 	1.79098 	-1.82621e-21
64.5938 	0.0115009 	-0.012002 	1.79098 	-1.82621e-21
64.6639 	0.0115009 	-0.012002 	1.79098 	-1.82621e-21
64.734 	0.0115009 	-0.012002 	1.79098 	-1.82621e-21
64.8042 	0.0115009 	-0.012002 	1.79098 	-1.82621e-21
64.8743 	0.00954685 	-0.0105952 	1.78577 	0
64.9444 	0.00954685 	-0.0105952 	1.78577 	0
65.0146 	0.00954685 	-0.0105952 	1.78577 	0
65.0847 	0.00954685 	-0.0105952 	1.78577 	0
65.1548 	0.00954685 	-0.0105952 	1.78577 	0
65.225 	0.00954685 	-0.0105952 	1.78577 	0
65.2951 	0.00954685 	-0.0105952 	1.78577 	0
65.3653 	0.00954685 	-0.0105952 	1.78577 	0
65.4354 	0.00954685 	-0.0105952 	1.78577 	0
65.5055 	0.00954685 	-0.0105952 	1.78577 	0
65.5757 	0.00954685 	-0.0105952 	1.78577 	0
65.6458 	0.00954685 	-0.0105952 	1.78577 	0
65.7159 	0.00954685 	-0.0105952 	1.78577 	0
65.7861 	0.00954685 	-0.0105952 	1.78577 	0
65.8562 	0.00954685 	-0.0105952 	1.78577 	0
65.9263 	0.00954685 	-0.0105952 	1.78577 	0
65.9965 	0.00954685 	-0.0105952 	1.78577 	0
66.0666 	0.00954685 	-0.0105952 	1.78577 	0
66.1367 	0.00954685 	-0.0105952 	1.78577 	0
66.2069 	0.00954685 	-0.0105952 	1.78577 	0
66.277 	0.00954685 	-0.0105952 	1.78577 	0
66.3471 	0.00954685 	-0.0105952 	1.78577 	0
66.4173 	0.00954685 	-0.0105952 	1.78577 	0
66.4874 	0.00954685 	-0.0105952 	1.78577 	0
66.5575 	0.00954685 	-0.0105952 	1.78577 	0
66.6277 	0.00954685 	-0.0105952 	1.78577 	0
66.6978 	0.00954685 	-0.0105952 	1.78577 	0
66.7679 	0.00954685 	-0.0105952 	1.78577 	0
66.8381 	0.00954685 	-0.0105952 	1.78577 	0
66.9082 	0.00954685 	-0.0105952 	1.78577 	0
66.9783 	0.00721788 	-0.0106771 	1.78638 	0
67.0485 	0.00721788 	-0.0106771 	1.78638 	0
67.1186 	0.00721788 	-0.0106771 	1.78638 	0
67.1887 	0.00721788 	-0.0106771 	1.78638 	0
67.2589 	0.00721788 	-0.0106771 	1.78638 	0
67.329 	0.00721788 	-0.0106771 	1.78638 	0
67.3991 	0.00292834 	-0.00931919 	1.78578 	0
67.4693 	0.00292834 	-0.00931919 	1.78578 	0
67.5394 	0.00152669 	-0.00428249 	1.78292 	0
67.6096 	0.00152669 	-0.00428249 	1.78292 	0
67.6797 	0.00152669 	-0.00428249 	1.78292 	0
67.7498 	0.00152669 	-0.00428249 	1.78292 	0
67.82 	0.00152669 	-0.00428249 	1.78292 	0
67.8901 	0.00152669 	-0.00428249 	1.78292 	0
67.9602 	0.00152669 	-0.00428249 	1.78292 	0
68.0304 	0.00152669 	-0.00428249 	1.78292 	0
68.1005 	0.00152669 	-0.00428249 	1.78292 	0
68.1706 	0.00152669 	-0.00428249 	1.78292 	0
68.2408 	0.00152669 	-0.00428249 	1.78292 	0
68.3109 	0.00152669 	-0.00428249 	1.78292 	0
68.381 	0.00152669 	-0.00428249 	1.78292 	0
68.4512 	0.00152669 	-0.00428249 	1.78292 	0
68.5213 	0.00152669 	-0.00428249 	1.78292 	0
68.5914 	0.00152669 	-0.00428249 	1.78292 	0
68.6616 	0.00152669 	-0.00428249 	1.78292 	0
68.7317 	0.00152669 	-0.00428249 	1.78292 	0
68.8018 	0.00152669 	-0.00428249 	1.78292 	0
68.872 	0.00152669 	-0.00428249 	1.78292 	0
68.9421 	0.00152669 	-0.00428249 	1.78292 	0
69.0122 	0.00152669 	-0.00428249 	1.78292 	0
