0.490941 	1.70622 	0.00533306 	3.00067 	-5.27344e-20
0.561075 	1.70622 	0.00533306 	3.00067 	-5.27344e-20
0.63121 	1.70622 	0.00533306 	3.00067 	-5.27344e-20
0.701344 	1.70622 	0.00533306 	3.00067 	-5.27344e-20
0.771478 	1.70622 	0.00533306 	3.00067 	-5.27344e-20
0.841613 	1.70622 	0.00533306 	3.00067 	-5.27344e-20
0.911747 	1.70622 	0.00533306 	3.00067 	-5.27344e-20
0.981881 	1.70622 	0.00533306 	3.00067 	-5.27344e-20
1.05202 	1.70622 	0.00533306 	3.00067 	-5.27344e-20
1.12215 	1.70622 	0.00533306 	3.00067 	-5.27344e-20
1.19228 	1.70622 	0.00533306 	3.00067 	-5.27344e-20
1.26242 	1.70622 	0.00533306 	3.00067 	-5.27344e-20
1.33255 	1.66675 	0.0146109 	3.01412 	-5.39472e-20
1.40269 	1.66675 	0.0146109 	3.01412 	-5.39472e-20
1.47282 	1.66675 	0.0146109 	3.01412 	-5.39472e-20
1.54296 	1.66675 	0.0146109 	3.01412 	-5.39472e-20
1.61309 	1.66675 	0.0146109 	3.01412 	-5.39472e-20
1.68323 	1.66675 	0.0146109 	3.01412 	-5.39472e-20
1.75336 	1.66675 	0.0146109 	3.01412 	-5.39472e-20
1.82349 	1.66675 	0.0146109 	3.01412 	-5.39472e-20
1.89363 	1.66675 	0.0146109 	3.01412 	-5.39472e-20
1.96376 	1.66675 	0.0146109 	3.01412 	-5.39472e-20
2.0339 	1.66675 	0.0146109 	3.01412 	-5.39472e-20
2.10403 	1.66675 	0.0146109 	3.01412 	-5.39472e-20
2.17417 	1.60605 	0.01369 	3.03222 	1.12388e-19
2.2443 	1.60605 	0.01369 	3.03222 	1.12388e-19
2.31443 	1.60605 	0.01369 	3.03222 	1.12388e-19
2.38457 	1.60605 	0.01369 	3.03222 	1.12388e-19
2.4547 	1.60605 	0.01369 	3.03222 	1.12388e-19
2.52484 	1.60605 	0.01369 	3.03222 	1.12388e-19
2.59497 	1.60605 	0.01369 	3.03222 	1.12388e-19
2.66511 	1.60605 	0.01369 	3.03222 	1.12388e-19
2.73524 	1.60605 	0.01369 	3.03222 	1.12388e-19
2.80538 	1.60605 	0.01369 	3.03222 	1.12388e-19
2.87551 	1.60605 	0.01369 	3.03222 	1.12388e-19
2.94564 	1.60605 	0.01369 	3.03222 	1.12388e-19
3.01578 	1.53211 	0.0169394 	3.05854 	-1.30461e-20
3.08591 	1.53211 	0.0169394 	3.05854 	-1.30461e-20
3.15605 	1.53211 	0.0169394 	3.05854 	-1.30461e-20
3.22618 	1.53211 	0.0169394 	3.05854 	-1.30461e-20
3.29632 	1.53211 	0.0169394 	3.05854 	-1.30461e-20
3.36645 	1.53211 	0.0169394 	3.05854 	-1.30461e-20
3.43659 	1.53211 	0.0169394 	3.05854 	-1.30461e-20
3.50672 	1.53211 	0.0169394 	3.05854 	-1.30461e-20
3.57685 	1.53211 	0.0169394 	3.05854 	-1.30461e-20
3.64699 	1.53211 	0.0169394 	3.05854 	-1.30461e-20
3.71712 	1.53211 	0.0169394 	3.05854 	-1.30461e-20
3.78726 	1.52493 	0.00707083 	3.05572 	2.55588e-20
3.85739 	1.44593 	-0.000737188 	3.08393 	-1.88106e-19
3.92753 	1.44593 	-0.000737188 	3.08393 	-1.88106e-19
3.99766 	1.44593 	-0.000737188 	3.08393 	-1.88106e-19
4.06779 	1.44593 	-0.000737188 	3.08393 	-1.88106e-19
4.13793 	1.44593 	-0.000737188 	3.08393 	-1.88106e-19
4.20806 	1.44593 	-0.000737188 	3.08393 	-1.88106e-19
4.2782 	1.44593 	-0.000737188 	3.08393 	-1.88106e-19
4.34833 	1.44593 	-0.000737188 	3.08393 	-1.88106e-19
4.41847 	1.44593 	-0.000737188 	3.08393 	-1.88106e-19
4.4886 	1.44593 	-0.000737188 	3.08393 	-1.88106e-19
4.55874 	1.44593 	-0.000737188 	3.08393 	-1.88106e-19
4.62887 	1.44593 	-0.000737188 	3.08393 	-1.88106e-19
4.699 	1.44593 	-0.000737188 	3.08393 	-1.88106e-19
4.76914 	1.36723 	0.00550252 	3.10686 	3.65856e-19
4.83927 	1.36723 	0.00550252 	3.10686 	3.65856e-19
4.90941 	1.36723 	0.00550252 	3.10686 	3.65856e-19
4.97954 	1.36723 	0.00550252 	3.10686 	3.65856e-19
5.04968 	1.36723 	0.00550252 	3.10686 	3.65856e-19
5.11981 	1.36723 	0.00550252 	3.10686 	3.65856e-19
5.18994 	1.36723 	0.00550252 	3.10686 	3.65856e-19
5.26008 	1.36723 	0.00550252 	3.10686 	3.65856e-19
5.33021 	1.36723 	0.00550252 	3.10686 	3.65856e-19
5.40035 	1.36723 	0.00550252 	3.10686 	3.65856e-19
5.47048 	1.36723 	0.00550252 	3.10686 	3.65856e-19
5.54062 	1.36723 	0.00550252 	3.10686 	3.65856e-19
5.61075 	1.2926 	-0.0020564 	3.13333 	-1.77524e-19
5.68089 	1.2926 	-0.0020564 	3.13333 	-1.77524e-19
5.75102 	1.2926 	-0.0020564 	3.13333 	-1.77524e-19
5.82115 	1.2926 	-0.0020564 	3.13333 	-1.77524e-19
5.89129 	1.2926 	-0.0020564 	3.13333 	-1.77524e-19
5.96142 	1.2926 	-0.0020564 	3.13333 	-1.77524e-19
6.03156 	1.2926 	-0.0020564 	3.13333 	-1.77524e-19
6.10169 	1.2926 	-0.0020564 	3.13333 	-1.77524e-19
6.17183 	1.2926 	-0.0020564 	3.13333 	-1.77524e-19
6.24196 	1.2926 	-0.0020564 	3.13333 	-1.77524e-19
6.3121 	1.2926 	-0.0020564 	3.13333 	-1.77524e-19
6.38223 	1.2926 	-0.0020564 	3.13333 	-1.77524e-19
6.45236 	1.22137 	0.00516616 	3.15353 	0
6.5225 	1.22137 	0.00516616 	3.15353 	0
6.59263 	1.22137 	0.00516616 	3.15353 	0
6.66277 	1.22137 	0.00516616 	3.15353 	0
6.7329 	1.22137 	0.00516616 	3.15353 	0
6.80304 	1.22137 	0.00516616 	3.15353 	0
6.87317 	1.22137 	0.00516616 	3.15353 	0
6.9433 	1.22137 	0.00516616 	3.15353 	0
7.01344 	1.22137 	0.00516616 	3.15353 	0
7.08357 	1.22137 	0.00516616 	3.15353 	0
7.15371 	1.22137 	0.00516616 	3.15353 	0
7.22384 	1.22137 	0.00516616 	3.15353 	0
7.29398 	1.15336 	-0.00136851 	3.17759 	0
7.36411 	1.15336 	-0.00136851 	3.17759 	0
7.43425 	1.15336 	-0.00136851 	3.17759 	0
7.50438 	1.15336 	-0.00136851 	3.17759 	0
7.57451 	1.15336 	-0.00136851 	3.17759 	0
7.64465 	1.15336 	-0.00136851 	3.17759 	0
7.71478 	1.15336 	-0.00136851 	3.17759 	0
7.78492 	1.15336 	-0.00136851 	3.17759 	0
7.85505 	1.15336 	-0.00136851 	3.17759 	0
7.92519 	1.15336 	-0.00136851 	3.17759 	0
7.99532 	1.15336 	-0.00136851 	3.17759 	0
8.06545 	1.15336 	-0.00136851 	3.17759 	0
8.13559 	1.15336 	-0.00136851 	3.17759 	0
8.20572 	1.08618 	0.00721777 	3.19624 	3.62102e-22
8.27586 	1.08618 	0.00721777 	3.19624 	3.62102e-22
8.34599 	1.08618 	0.00721777 	3.19624 	3.62102e-22
8.41613 	1.08618 	0.00721777 	3.19624 	3.62102e-22
8.48626 	1.08618 	0.00721777 	3.19624 	3.62102e-22
8.5564 	1.08618 	0.00721777 	3.19624 	3.62102e-22
8.62653 	1.08618 	0.00721777 	3.19624 	3.62102e-22
8.69666 	1.08618 	0.00721777 	3.19624 	3.62102e-22
8.7668 	1.08618 	0.00721777 	3.19624 	3.62102e-22
8.83693 	1.08618 	0.00721777 	3.19624 	3.62102e-22
8.90707 	1.08618 	0.00721777 	3.19624 	3.62102e-22
8.9772 	1.08618 	0.00721777 	3.19624 	3.62102e-22
9.04734 	1.0197 	0.00289846 	3.21952 	2.63252e-19
9.11747 	1.0197 	0.00289846 	3.21952 	2.63252e-19
9.18761 	1.0197 	0.00289846 	3.21952 	2.63252e-19
9.25774 	1.0197 	0.00289846 	3.21952 	2.63252e-19
9.32787 	1.0197 	0.00289846 	3.21952 	2.63252e-19
9.39801 	1.0197 	0.00289846 	3.21952 	2.63252e-19
9.46814 	1.0197 	0.00289846 	3.21952 	2.63252e-19
9.53828 	1.0197 	0.00289846 	3.21952 	2.63252e-19
9.60841 	1.0197 	0.00289846 	3.21952 	2.63252e-19
9.67855 	1.0197 	0.00289846 	3.21952 	2.63252e-19
9.74868 	1.0197 	0.00289846 	3.21952 	2.63252e-19
9.81881 	1.0197 	0.00289846 	3.21952 	2.63252e-19
9.88895 	1.0197 	0.00289846 	3.21952 	2.63252e-19
9.95908 	0.95243 	0.0158621 	3.23801 	-2.45567e-21
10.0292 	0.95243 	0.0158621 	3.23801 	-2.45567e-21
10.0994 	0.95243 	0.0158621 	3.23801 	-2.45567e-21
10.1695 	0.95243 	0.0158621 	3.23801 	-2.45567e-21
10.2396 	0.95243 	0.0158621 	3.23801 	-2.45567e-21
10.3098 	0.95243 	0.0158621 	3.23801 	-2.45567e-21
10.3799 	0.95243 	0.0158621 	3.23801 	-2.45567e-21
10.45 	0.95243 	0.0158621 	3.23801 	-2.45567e-21
10.5202 	0.95243 	0.0158621 	3.23801 	-2.45567e-21
10.5903 	0.95243 	0.0158621 	3.23801 	-2.45567e-21
10.6604 	0.95243 	0.0158621 	3.23801 	-2.45567e-21
10.7306 	0.95243 	0.0158621 	3.23801 	-2.45567e-21
10.8007 	0.884747 	0.0206274 	3.26123 	-2.58667e-19
10.8708 	0.884747 	0.0206274 	3.26123 	-2.58667e-19
10.941 	0.884747 	0.0206274 	3.26123 	-2.58667e-19
11.0111 	0.884747 	0.0206274 	3.26123 	-2.58667e-19
11.0812 	0.884747 	0.0206274 	3.26123 	-2.58667e-19
11.1514 	0.884747 	0.0206274 	3.26123 	-2.58667e-19
11.2215 	0.884747 	0.0206274 	3.26123 	-2.58667e-19
11.2916 	0.884747 	0.0206274 	3.26123 	-2.58667e-19
11.3618 	0.884747 	0.0206274 	3.26123 	-2.58667e-19
11.4319 	0.884747 	0.0206274 	3.26123 	-2.58667e-19
11.502 	0.884747 	0.0206274 	3.26123 	-2.58667e-19
11.5722 	0.884747 	0.0206274 	3.26123 	-2.58667e-19
11.6423 	0.884747 	0.0206274 	3.26123 	-2.58667e-19
11.7124 	0.812743 	0.0496522 	3.28148 	-3.98344e-19
11.7826 	0.812743 	0.0496522 	3.28148 	-3.98344e-19
11.8527 	0.812743 	0.0496522 	3.28148 	-3.98344e-19
11.9228 	0.812743 	0.0496522 	3.28148 	-3.98344e-19
11.993 	0.812743 	0.0496522 	3.28148 	-3.98344e-19
12.0631 	0.812743 	0.0496522 	3.28148 	-3.98344e-19
12.1332 	0.812743 	0.0496522 	3.28148 	-3.98344e-19
12.2034 	0.812743 	0.0496522 	3.28148 	-3.98344e-19
12.2735 	0.812743 	0.0496522 	3.28148 	-3.98344e-19
12.3437 	0.812743 	0.0496522 	3.28148 	-3.98344e-19
12.4138 	0.812743 	0.0496522 	3.28148 	-3.98344e-19
12.4839 	0.812743 	0.0496522 	3.28148 	-3.98344e-19
12.5541 	0.812743 	0.0496522 	3.28148 	-3.98344e-19
12.6242 	0.7332 	0.0741993 	3.30632 	7.65884e-19
12.6943 	0.7332 	0.0741993 	3.30632 	7.65884e-19
12.7645 	0.7332 	0.0741993 	3.30632 	7.65884e-19
12.8346 	0.7332 	0.0741993 	3.30632 	7.65884e-19
12.9047 	0.7332 	0.0741993 	3.30632 	7.65884e-19
12.9749 	0.7332 	0.0741993 	3.30632 	7.65884e-19
13.045 	0.7332 	0.0741993 	3.30632 	7.65884e-19
13.1151 	0.7332 	0.0741993 	3.30632 	7.65884e-19
13.1853 	0.7332 	0.0741993 	3.30632 	7.65884e-19
13.2554 	0.7332 	0.0741993 	3.30632 	7.65884e-19
13.3255 	0.7332 	0.0741993 	3.30632 	7.65884e-19
13.3957 	0.7332 	0.0741993 	3.30632 	7.65884e-19
13.4658 	0.7332 	0.0741993 	3.30632 	7.65884e-19
13.5359 	0.634349 	0.146144 	3.33984 	-3.69452e-19
13.6061 	0.634349 	0.146144 	3.33984 	-3.69452e-19
13.6762 	0.634349 	0.146144 	3.33984 	-3.69452e-19
13.7463 	0.634349 	0.146144 	3.33984 	-3.69452e-19
13.8165 	0.634349 	0.146144 	3.33984 	-3.69452e-19
13.8866 	0.634349 	0.146144 	3.33984 	-3.69452e-19
13.9567 	0.634349 	0.146144 	3.33984 	-3.69452e-19
14.0269 	0.634349 	0.146144 	3.33984 	-3.69452e-19
14.097 	0.634349 	0.146144 	3.33984 	-3.69452e-19
14.1671 	0.634349 	0.146144 	3.33984 	-3.69452e-19
14.2373 	0.634349 	0.146144 	3.33984 	-3.69452e-19
14.3074 	0.634349 	0.146144 	3.33984 	-3.69452e-19
14.3776 	0.543344 	0.169679 	3.35666 	0
14.4477 	0.345496 	0.169658 	3.41408 	3.47588e-19
14.5178 	0.345496 	0.169658 	3.41408 	3.47588e-19
14.588 	0.345496 	0.169658 	3.41408 	3.47588e-19
14.6581 	0.345496 	0.169658 	3.41408 	3.47588e-19
14.7282 	0.345496 	0.169658 	3.41408 	3.47588e-19
14.7984 	0.345496 	0.169658 	3.41408 	3.47588e-19
14.8685 	0.37491 	0.193981 	3.40381 	-7.05289e-19
14.9386 	0.37491 	0.193981 	3.40381 	-7.05289e-19
15.0088 	0.37491 	0.193981 	3.40381 	-7.05289e-19
15.0789 	0.37491 	0.193981 	3.40381 	-7.05289e-19
15.149 	0.37491 	0.193981 	3.40381 	-7.05289e-19
15.2192 	0.139458 	0.259285 	3.46989 	3.3808e-19
15.2893 	0.139458 	0.259285 	3.46989 	3.3808e-19
15.3594 	0.139458 	0.259285 	3.46989 	3.3808e-19
15.4296 	0.271303 	0.327361 	3.42416 	5.13094e-20
15.4997 	0.271303 	0.327361 	3.42416 	5.13094e-20
15.5698 	0.271303 	0.327361 	3.42416 	5.13094e-20
15.64 	0.271303 	0.327361 	3.42416 	5.13094e-20
15.7101 	0.271303 	0.327361 	3.42416 	5.13094e-20
15.7802 	0.271303 	0.327361 	3.42416 	5.13094e-20
15.8504 	0.271303 	0.327361 	3.42416 	5.13094e-20
15.9205 	0.0191164 	0.332596 	3.52304 	9.10918e-20
15.9906 	0.0191164 	0.332596 	3.52304 	9.10918e-20
16.0608 	0.0191164 	0.332596 	3.52304 	9.10918e-20
16.1309 	0.233814 	0.418453 	3.43378 	2.07705e-19
16.201 	0.233814 	0.418453 	3.43378 	2.07705e-19
16.2712 	0.233814 	0.418453 	3.43378 	2.07705e-19
16.3413 	0.233814 	0.418453 	3.43378 	2.07705e-19
16.4114 	0.233814 	0.418453 	3.43378 	2.07705e-19
16.4816 	0.233814 	0.418453 	3.43378 	2.07705e-19
16.5517 	0.233814 	0.418453 	3.43378 	2.07705e-19
16.6219 	0.0509479 	0.517875 	3.50954 	0
16.692 	0.0509479 	0.517875 	3.50954 	0
16.7621 	0.0509479 	0.517875 	3.50954 	0
16.8323 	0.0509479 	0.517875 	3.50954 	0
16.9024 	0.0509479 	0.517875 	3.50954 	0
16.9725 	0.283313 	0.526904 	3.41411 	1.96954e-19
17.0427 	0.283313 	0.526904 	3.41411 	1.96954e-19
17.1128 	0.283313 	0.526904 	3.41411 	1.96954e-19
17.1829 	0.283313 	0.526904 	3.41411 	1.96954e-19
17.2531 	0.1321 	0.610799 	3.46488 	1.45702e-19
17.3232 	0.1321 	0.610799 	3.46488 	1.45702e-19
17.3933 	0.1321 	0.610799 	3.46488 	1.45702e-19
17.4635 	0.1321 	0.610799 	3.46488 	1.45702e-19
17.5336 	0.1321 	0.610799 	3.46488 	1.45702e-19
17.6037 	0.1321 	0.610799 	3.46488 	1.45702e-19
17.6739 	0.1321 	0.610799 	3.46488 	1.45702e-19
17.744 	0.1321 	0.610799 	3.46488 	1.45702e-19
17.8141 	0.1321 	0.610799 	3.46488 	1.45702e-19
17.8843 	0.1321 	0.610799 	3.46488 	1.45702e-19
17.9544 	0.208976 	0.626678 	3.38704 	0
18.0245 	0.208976 	0.626678 	3.38704 	0
18.0947 	0.208976 	0.626678 	3.38704 	0
18.1648 	0.208976 	0.626678 	3.38704 	0
18.2349 	0.208976 	0.626678 	3.38704 	0
18.3051 	0.208976 	0.626678 	3.38704 	0
18.3752 	0.208976 	0.626678 	3.38704 	0
18.4453 	0.208976 	0.626678 	3.38704 	0
18.5155 	0.208976 	0.626678 	3.38704 	0
18.5856 	0.115387 	0.717327 	3.4279 	0
18.6557 	0.115387 	0.717327 	3.4279 	0
18.7259 	0.115387 	0.717327 	3.4279 	0
18.796 	0.115387 	0.717327 	3.4279 	0
18.8662 	0.115387 	0.717327 	3.4279 	0
18.9363 	0.115387 	0.717327 	3.4279 	0
19.0064 	0.115387 	0.717327 	3.4279 	0
19.0766 	0.115387 	0.717327 	3.4279 	0
19.1467 	0.115387 	0.717327 	3.4279 	0
19.2168 	0.0656598 	0.763494 	3.40891 	2.75642e-20
19.287 	0.292788 	0.689129 	3.21255 	-5.72401e-20
19.3571 	0.292788 	0.689129 	3.21255 	-5.72401e-20
19.4272 	0.292788 	0.689129 	3.21255 	-5.72401e-20
19.4974 	0.292788 	0.689129 	3.21255 	-5.72401e-20
19.5675 	0.292788 	0.689129 	3.21255 	-5.72401e-20
19.6376 	0.292788 	0.689129 	3.21255 	-5.72401e-20
19.7078 	0.292788 	0.689129 	3.21255 	-5.72401e-20
19.7779 	0.292788 	0.689129 	3.21255 	-5.72401e-20
19.848 	0.292788 	0.689129 	3.21255 	-5.72401e-20
19.9182 	0.238089 	0.750454 	3.28338 	-2.16126e-19
19.9883 	0.238089 	0.750454 	3.28338 	-2.16126e-19
20.0584 	0.238089 	0.750454 	3.28338 	-2.16126e-19
20.1286 	0.238089 	0.750454 	3.28338 	-2.16126e-19
20.1987 	0.238089 	0.750454 	3.28338 	-2.16126e-19
20.2688 	0.238089 	0.750454 	3.28338 	-2.16126e-19
20.339 	0.238089 	0.750454 	3.28338 	-2.16126e-19
20.4091 	0.238089 	0.750454 	3.28338 	-2.16126e-19
20.4792 	0.238089 	0.750454 	3.28338 	-2.16126e-19
20.5494 	0.238089 	0.750454 	3.28338 	-2.16126e-19
20.6195 	0.176362 	0.801649 	3.3144 	1.36436e-20
20.6896 	0.176362 	0.801649 	3.3144 	1.36436e-20
20.7598 	0.176362 	0.801649 	3.3144 	1.36436e-20
20.8299 	0.176362 	0.801649 	3.3144 	1.36436e-20
20.9 	0.257916 	0.69797 	2.76673 	-2.97494e-19
20.9702 	0.257916 	0.69797 	2.76673 	-2.97494e-19
21.0403 	0.257916 	0.69797 	2.76673 	-2.97494e-19
21.1105 	0.257916 	0.69797 	2.76673 	-2.97494e-19
21.1806 	0.257916 	0.69797 	2.76673 	-2.97494e-19
21.2507 	0.257916 	0.69797 	2.76673 	-2.97494e-19
21.3209 	0.216507 	0.748374 	2.94738 	0
21.391 	0.216507 	0.748374 	2.94738 	0
21.4611 	0.216507 	0.748374 	2.94738 	0
21.5313 	0.216507 	0.748374 	2.94738 	0
21.6014 	0.216507 	0.748374 	2.94738 	0
21.6715 	0.216507 	0.748374 	2.94738 	0
21.7417 	0.216507 	0.748374 	2.94738 	0
21.8118 	0.216507 	0.748374 	2.94738 	0
21.8819 	0.216507 	0.748374 	2.94738 	0
21.9521 	0.216507 	0.748374 	2.94738 	0
22.0222 	0.216507 	0.748374 	2.94738 	0
22.0923 	0.173218 	0.797483 	3.07171 	-1.11396e-19
22.1625 	0.173218 	0.797483 	3.07171 	-1.11396e-19
22.2326 	0.173218 	0.797483 	3.07171 	-1.11396e-19
22.3027 	0.173218 	0.797483 	3.07171 	-1.11396e-19
22.3729 	0.173218 	0.797483 	3.07171 	-1.11396e-19
22.443 	0.173218 	0.797483 	3.07171 	-1.11396e-19
22.5131 	0.173218 	0.797483 	3.07171 	-1.11396e-19
22.5833 	0.173218 	0.797483 	3.07171 	-1.11396e-19
22.6534 	0.173218 	0.797483 	3.07171 	-1.11396e-19
22.7235 	0.173218 	0.797483 	3.07171 	-1.11396e-19
22.7937 	0.173218 	0.797483 	3.07171 	-1.11396e-19
22.8638 	0.121085 	0.836739 	3.13868 	1.76037e-19
22.9339 	0.121085 	0.836739 	3.13868 	1.76037e-19
23.0041 	0.121085 	0.836739 	3.13868 	1.76037e-19
23.0742 	0.129186 	0.684299 	2.26559 	7.06907e-20
23.1443 	0.129186 	0.684299 	2.26559 	7.06907e-20
23.2145 	0.129186 	0.684299 	2.26559 	7.06907e-20
23.2846 	0.129186 	0.684299 	2.26559 	7.06907e-20
23.3548 	0.129186 	0.684299 	2.26559 	7.06907e-20
23.4249 	0.129186 	0.684299 	2.26559 	7.06907e-20
23.495 	0.129186 	0.684299 	2.26559 	7.06907e-20
23.5652 	0.129186 	0.684299 	2.26559 	7.06907e-20
23.6353 	0.129186 	0.684299 	2.26559 	7.06907e-20
23.7054 	0.081054 	0.724321 	2.44561 	-2.5956e-21
23.7756 	0.081054 	0.724321 	2.44561 	-2.5956e-21
23.8457 	0.081054 	0.724321 	2.44561 	-2.5956e-21
23.9158 	0.081054 	0.724321 	2.44561 	-2.5956e-21
23.986 	0.081054 	0.724321 	2.44561 	-2.5956e-21
24.0561 	0.081054 	0.724321 	2.44561 	-2.5956e-21
24.1262 	0.081054 	0.724321 	2.44561 	-2.5956e-21
24.1964 	0.081054 	0.724321 	2.44561 	-2.5956e-21
24.2665 	0.081054 	0.724321 	2.44561 	-2.5956e-21
24.3366 	0.081054 	0.724321 	2.44561 	-2.5956e-21
24.4068 	0.081054 	0.724321 	2.44561 	-2.5956e-21
24.4769 	0.081054 	0.724321 	2.44561 	-2.5956e-21
24.547 	0.081054 	0.724321 	2.44561 	-2.5956e-21
24.6172 	0.0374102 	0.765974 	2.60098 	4.62552e-20
24.6873 	0.0374102 	0.765974 	2.60098 	4.62552e-20
24.7574 	0.0374102 	0.765974 	2.60098 	4.62552e-20
24.8276 	0.0374102 	0.765974 	2.60098 	4.62552e-20
24.8977 	0.0374102 	0.765974 	2.60098 	4.62552e-20
24.9678 	0.0374102 	0.765974 	2.60098 	4.62552e-20
25.038 	0.0374102 	0.765974 	2.60098 	4.62552e-20
25.1081 	0.0374102 	0.765974 	2.60098 	4.62552e-20
25.1782 	0.0374102 	0.765974 	2.60098 	4.62552e-20
25.2484 	0.0374102 	0.765974 	2.60098 	4.62552e-20
25.3185 	0.0374102 	0.765974 	2.60098 	4.62552e-20
25.3886 	0.0374102 	0.765974 	2.60098 	4.62552e-20
25.4588 	-0.00289264 	0.799266 	2.72099 	-3.11336e-21
25.5289 	-0.00289264 	0.799266 	2.72099 	-3.11336e-21
25.5991 	-0.00289264 	0.799266 	2.72099 	-3.11336e-21
25.6692 	-0.00289264 	0.799266 	2.72099 	-3.11336e-21
25.7393 	-0.00289264 	0.799266 	2.72099 	-3.11336e-21
25.8095 	-0.00289264 	0.799266 	2.72099 	-3.11336e-21
25.8796 	-0.00289264 	0.799266 	2.72099 	-3.11336e-21
25.9497 	-0.00289264 	0.799266 	2.72099 	-3.11336e-21
26.0199 	-0.00289264 	0.799266 	2.72099 	-3.11336e-21
26.09 	-0.00654106 	0.608036 	1.77123 	-1.05168e-20
26.1601 	-0.00654106 	0.608036 	1.77123 	-1.05168e-20
26.2303 	-0.00654106 	0.608036 	1.77123 	-1.05168e-20
26.3004 	-0.00654106 	0.608036 	1.77123 	-1.05168e-20
26.3705 	-0.00654106 	0.608036 	1.77123 	-1.05168e-20
26.4407 	-0.0517716 	0.622342 	1.85535 	-2.14298e-20
26.5108 	-0.0517716 	0.622342 	1.85535 	-2.14298e-20
26.5809 	-0.0517716 	0.622342 	1.85535 	-2.14298e-20
26.6511 	-0.0517716 	0.622342 	1.85535 	-2.14298e-20
26.7212 	-0.0517716 	0.622342 	1.85535 	-2.14298e-20
26.7913 	-0.0517716 	0.622342 	1.85535 	-2.14298e-20
26.8615 	-0.0517716 	0.622342 	1.85535 	-2.14298e-20
26.9316 	-0.0517716 	0.622342 	1.85535 	-2.14298e-20
27.0017 	-0.0517716 	0.622342 	1.85535 	-2.14298e-20
27.0719 	-0.0517716 	0.622342 	1.85535 	-2.14298e-20
27.142 	-0.0517716 	0.622342 	1.85535 	-2.14298e-20
27.2121 	-0.0517716 	0.622342 	1.85535 	-2.14298e-20
27.2823 	-0.0517716 	0.622342 	1.85535 	-2.14298e-20
27.3524 	-0.0961066 	0.629315 	1.92962 	0
27.4225 	-0.0961066 	0.629315 	1.92962 	0
27.4927 	-0.0961066 	0.629315 	1.92962 	0
27.5628 	-0.0961066 	0.629315 	1.92962 	0
27.6329 	-0.0961066 	0.629315 	1.92962 	0
27.7031 	-0.0961066 	0.629315 	1.92962 	0
27.7732 	-0.0961066 	0.629315 	1.92962 	0
27.8434 	-0.0961066 	0.629315 	1.92962 	0
27.9135 	-0.0961066 	0.629315 	1.92962 	0
27.9836 	-0.0961066 	0.629315 	1.92962 	0
28.0538 	-0.0961066 	0.629315 	1.92962 	0
28.1239 	-0.0961066 	0.629315 	1.92962 	0
28.194 	-0.0961066 	0.629315 	1.92962 	0
28.2642 	-0.0961066 	0.629315 	1.92962 	0
28.3343 	-0.0961066 	0.629315 	1.92962 	0
28.4044 	-0.136807 	0.635386 	1.99277 	0
28.4746 	-0.136807 	0.635386 	1.99277 	0
28.5447 	-0.136807 	0.635386 	1.99277 	0
28.6148 	-0.136807 	0.635386 	1.99277 	0
28.685 	-0.136807 	0.635386 	1.99277 	0
28.7551 	-0.136807 	0.635386 	1.99277 	0
28.8252 	-0.136807 	0.635386 	1.99277 	0
28.8954 	-0.136807 	0.635386 	1.99277 	0
28.9655 	-0.136807 	0.635386 	1.99277 	0
29.0356 	-0.136807 	0.635386 	1.99277 	0
29.1058 	-0.136807 	0.635386 	1.99277 	0
29.1759 	-0.136807 	0.635386 	1.99277 	0
29.246 	-0.136807 	0.635386 	1.99277 	0
29.3162 	-0.136807 	0.635386 	1.99277 	0
29.3863 	-0.136807 	0.635386 	1.99277 	0
29.4564 	-0.173077 	0.627884 	2.02564 	-7.94891e-20
29.5266 	-0.173077 	0.627884 	2.02564 	-7.94891e-20
29.5967 	-0.173077 	0.627884 	2.02564 	-7.94891e-20
29.6668 	-0.173077 	0.627884 	2.02564 	-7.94891e-20
29.737 	-0.173077 	0.627884 	2.02564 	-7.94891e-20
29.8071 	-0.173077 	0.627884 	2.02564 	-7.94891e-20
29.8773 	-0.173077 	0.627884 	2.02564 	-7.94891e-20
29.9474 	-0.173077 	0.627884 	2.02564 	-7.94891e-20
30.0175 	-0.173077 	0.627884 	2.02564 	-7.94891e-20
30.0877 	-0.173077 	0.627884 	2.02564 	-7.94891e-20
30.1578 	-0.173077 	0.627884 	2.02564 	-7.94891e-20
30.2279 	-0.173077 	0.627884 	2.02564 	-7.94891e-20
30.2981 	-0.173077 	0.627884 	2.02564 	-7.94891e-20
30.3682 	-0.173077 	0.627884 	2.02564 	-7.94891e-20
30.4383 	-0.173077 	0.627884 	2.02564 	-7.94891e-20
30.5085 	-0.173077 	0.627884 	2.02564 	-7.94891e-20
30.5786 	-0.203602 	0.616379 	2.03369 	-1.55456e-21
30.6487 	-0.203602 	0.616379 	2.03369 	-1.55456e-21
30.7189 	-0.203602 	0.616379 	2.03369 	-1.55456e-21
30.789 	-0.203602 	0.616379 	2.03369 	-1.55456e-21
30.8591 	-0.203602 	0.616379 	2.03369 	-1.55456e-21
30.9293 	-0.203602 	0.616379 	2.03369 	-1.55456e-21
30.9994 	-0.203602 	0.616379 	2.03369 	-1.55456e-21
31.0695 	-0.203602 	0.616379 	2.03369 	-1.55456e-21
31.1397 	-0.203602 	0.616379 	2.03369 	-1.55456e-21
31.2098 	-0.203602 	0.616379 	2.03369 	-1.55456e-21
31.2799 	-0.203602 	0.616379 	2.03369 	-1.55456e-21
31.3501 	-0.203602 	0.616379 	2.03369 	-1.55456e-21
31.4202 	-0.203602 	0.616379 	2.03369 	-1.55456e-21
31.4903 	-0.203602 	0.616379 	2.03369 	-1.55456e-21
31.5605 	-0.258187 	0.513597 	1.66288 	-1.61345e-19
31.6306 	-0.258187 	0.513597 	1.66288 	-1.61345e-19
31.7007 	-0.277819 	0.494415 	1.6749 	9.93552e-20
31.7709 	-0.277819 	0.494415 	1.6749 	9.93552e-20
31.841 	-0.277819 	0.494415 	1.6749 	9.93552e-20
31.9111 	-0.277819 	0.494415 	1.6749 	9.93552e-20
31.9813 	-0.277819 	0.494415 	1.6749 	9.93552e-20
32.0514 	-0.277819 	0.494415 	1.6749 	9.93552e-20
32.1216 	-0.277819 	0.494415 	1.6749 	9.93552e-20
32.1917 	-0.277819 	0.494415 	1.6749 	9.93552e-20
32.2618 	-0.277819 	0.494415 	1.6749 	9.93552e-20
32.332 	-0.277819 	0.494415 	1.6749 	9.93552e-20
32.4021 	-0.277819 	0.494415 	1.6749 	9.93552e-20
32.4722 	-0.277819 	0.494415 	1.6749 	9.93552e-20
32.5424 	-0.277819 	0.494415 	1.6749 	9.93552e-20
32.6125 	-0.277819 	0.494415 	1.6749 	9.93552e-20
32.6826 	-0.277819 	0.494415 	1.6749 	9.93552e-20
32.7528 	-0.277819 	0.494415 	1.6749 	9.93552e-20
32.8229 	-0.277819 	0.494415 	1.6749 	9.93552e-20
32.893 	-0.277819 	0.494415 	1.6749 	9.93552e-20
32.9632 	-0.286241 	0.47569 	1.6778 	2.76736e-20
33.0333 	-0.286241 	0.47569 	1.6778 	2.76736e-20
33.1034 	-0.286241 	0.47569 	1.6778 	2.76736e-20
33.1736 	-0.286241 	0.47569 	1.6778 	2.76736e-20
33.2437 	-0.286241 	0.47569 	1.6778 	2.76736e-20
33.3138 	-0.286241 	0.47569 	1.6778 	2.76736e-20
33.384 	-0.286241 	0.47569 	1.6778 	2.76736e-20
33.4541 	-0.286241 	0.47569 	1.6778 	2.76736e-20
33.5242 	-0.286241 	0.47569 	1.6778 	2.76736e-20
33.5944 	-0.286241 	0.47569 	1.6778 	2.76736e-20
33.6645 	-0.286241 	0.47569 	1.6778 	2.76736e-20
33.7346 	-0.286241 	0.47569 	1.6778 	2.76736e-20
33.8048 	-0.286241 	0.47569 	1.6778 	2.76736e-20
33.8749 	-0.286241 	0.47569 	1.6778 	2.76736e-20
33.945 	-0.286241 	0.47569 	1.6778 	2.76736e-20
34.0152 	-0.286241 	0.47569 	1.6778 	2.76736e-20
34.0853 	-0.286241 	0.47569 	1.6778 	2.76736e-20
34.1554 	-0.286241 	0.47569 	1.6778 	2.76736e-20
34.2256 	-0.281147 	0.450667 	1.67131 	-2.19554e-20
34.2957 	-0.281147 	0.450667 	1.67131 	-2.19554e-20
34.3659 	-0.281147 	0.450667 	1.67131 	-2.19554e-20
34.436 	-0.281147 	0.450667 	1.67131 	-2.19554e-20
34.5061 	-0.281147 	0.450667 	1.67131 	-2.19554e-20
34.5763 	-0.281147 	0.450667 	1.67131 	-2.19554e-20
34.6464 	-0.281147 	0.450667 	1.67131 	-2.19554e-20
34.7165 	-0.281147 	0.450667 	1.67131 	-2.19554e-20
34.7867 	-0.281147 	0.450667 	1.67131 	-2.19554e-20
34.8568 	-0.281147 	0.450667 	1.67131 	-2.19554e-20
34.9269 	-0.281147 	0.450667 	1.67131 	-2.19554e-20
34.9971 	-0.281147 	0.450667 	1.67131 	-2.19554e-20
35.0672 	-0.281147 	0.450667 	1.67131 	-2.19554e-20
35.1373 	-0.281147 	0.450667 	1.67131 	-2.19554e-20
35.2075 	-0.281147 	0.450667 	1.67131 	-2.19554e-20
35.2776 	-0.281147 	0.450667 	1.67131 	-2.19554e-20
35.3477 	-0.281147 	0.450667 	1.67131 	-2.19554e-20
35.4179 	-0.281147 	0.450667 	1.67131 	-2.19554e-20
35.488 	-0.281147 	0.450667 	1.67131 	-2.19554e-20
35.5581 	-0.281147 	0.450667 	1.67131 	-2.19554e-20
35.6283 	-0.259453 	0.423486 	1.65662 	-5.85383e-21
35.6984 	-0.259453 	0.423486 	1.65662 	-5.85383e-21
35.7685 	-0.259453 	0.423486 	1.65662 	-5.85383e-21
35.8387 	-0.259453 	0.423486 	1.65662 	-5.85383e-21
35.9088 	-0.259453 	0.423486 	1.65662 	-5.85383e-21
35.9789 	-0.259453 	0.423486 	1.65662 	-5.85383e-21
36.0491 	-0.259453 	0.423486 	1.65662 	-5.85383e-21
36.1192 	-0.259453 	0.423486 	1.65662 	-5.85383e-21
36.1893 	-0.259453 	0.423486 	1.65662 	-5.85383e-21
36.2595 	-0.259453 	0.423486 	1.65662 	-5.85383e-21
36.3296 	-0.259453 	0.423486 	1.65662 	-5.85383e-21
36.3997 	-0.259453 	0.423486 	1.65662 	-5.85383e-21
36.4699 	-0.259453 	0.423486 	1.65662 	-5.85383e-21
36.54 	-0.259453 	0.423486 	1.65662 	-5.85383e-21
36.6102 	-0.259453 	0.423486 	1.65662 	-5.85383e-21
36.6803 	-0.259453 	0.423486 	1.65662 	-5.85383e-21
36.7504 	-0.259453 	0.423486 	1.65662 	-5.85383e-21
36.8206 	-0.259453 	0.423486 	1.65662 	-5.85383e-21
36.8907 	-0.259453 	0.423486 	1.65662 	-5.85383e-21
36.9608 	-0.259453 	0.423486 	1.65662 	-5.85383e-21
37.031 	-0.259453 	0.423486 	1.65662 	-5.85383e-21
37.1011 	-0.230052 	0.386865 	1.63844 	0
37.1712 	-0.230052 	0.386865 	1.63844 	0
37.2414 	-0.230052 	0.386865 	1.63844 	0
37.3115 	-0.230052 	0.386865 	1.63844 	0
37.3816 	-0.230052 	0.386865 	1.63844 	0
37.4518 	-0.230052 	0.386865 	1.63844 	0
37.5219 	-0.230052 	0.386865 	1.63844 	0
37.592 	-0.230052 	0.386865 	1.63844 	0
37.6622 	-0.230052 	0.386865 	1.63844 	0
37.7323 	-0.230052 	0.386865 	1.63844 	0
37.8024 	-0.230052 	0.386865 	1.63844 	0
37.8726 	-0.230052 	0.386865 	1.63844 	0
37.9427 	-0.230052 	0.386865 	1.63844 	0
38.0128 	-0.230052 	0.386865 	1.63844 	0
38.083 	-0.230052 	0.386865 	1.63844 	0
38.1531 	-0.230052 	0.386865 	1.63844 	0
38.2232 	-0.230052 	0.386865 	1.63844 	0
38.2934 	-0.205783 	0.341838 	1.62496 	0
38.3635 	-0.205783 	0.341838 	1.62496 	0
38.4336 	-0.205783 	0.341838 	1.62496 	0
38.5038 	-0.205783 	0.341838 	1.62496 	0
38.5739 	-0.205783 	0.341838 	1.62496 	0
38.644 	-0.205783 	0.341838 	1.62496 	0
38.7142 	-0.205783 	0.341838 	1.62496 	0
38.7843 	-0.205783 	0.341838 	1.62496 	0
38.8545 	-0.205783 	0.341838 	1.62496 	0
38.9246 	-0.205783 	0.341838 	1.62496 	0
38.9947 	-0.205783 	0.341838 	1.62496 	0
39.0649 	-0.205783 	0.341838 	1.62496 	0
39.135 	-0.205783 	0.341838 	1.62496 	0
39.2051 	-0.205783 	0.341838 	1.62496 	0
39.2753 	-0.205783 	0.341838 	1.62496 	0
39.3454 	-0.205783 	0.341838 	1.62496 	0
39.4155 	-0.205783 	0.341838 	1.62496 	0
39.4857 	-0.205783 	0.341838 	1.62496 	0
39.5558 	-0.190464 	0.291568 	1.61703 	0
39.6259 	-0.190464 	0.291568 	1.61703 	0
39.6961 	-0.190464 	0.291568 	1.61703 	0
39.7662 	-0.190464 	0.291568 	1.61703 	0
39.8363 	-0.190464 	0.291568 	1.61703 	0
39.9065 	-0.190464 	0.291568 	1.61703 	0
39.9766 	-0.190464 	0.291568 	1.61703 	0
40.0467 	-0.190464 	0.291568 	1.61703 	0
40.1169 	-0.190464 	0.291568 	1.61703 	0
40.187 	-0.190464 	0.291568 	1.61703 	0
40.2571 	-0.190464 	0.291568 	1.61703 	0
40.3273 	-0.190464 	0.291568 	1.61703 	0
40.3974 	-0.190464 	0.291568 	1.61703 	0
40.4675 	-0.190464 	0.291568 	1.61703 	0
40.5377 	-0.190464 	0.291568 	1.61703 	0
40.6078 	-0.190464 	0.291568 	1.61703 	0
40.6779 	-0.190464 	0.291568 	1.61703 	0
40.7481 	-0.187547 	0.239581 	1.61746 	0
40.8182 	-0.187547 	0.239581 	1.61746 	0
40.8883 	-0.187547 	0.239581 	1.61746 	0
40.9585 	-0.187547 	0.239581 	1.61746 	0
41.0286 	-0.187547 	0.239581 	1.61746 	0
41.0988 	-0.187547 	0.239581 	1.61746 	0
41.1689 	-0.187547 	0.239581 	1.61746 	0
41.239 	-0.187547 	0.239581 	1.61746 	0
41.3092 	-0.187547 	0.239581 	1.61746 	0
41.3793 	-0.187547 	0.239581 	1.61746 	0
41.4494 	-0.187547 	0.239581 	1.61746 	0
41.5196 	-0.187547 	0.239581 	1.61746 	0
41.5897 	-0.187547 	0.239581 	1.61746 	0
41.6598 	-0.187547 	0.239581 	1.61746 	0
41.73 	-0.187547 	0.239581 	1.61746 	0
41.8001 	-0.187547 	0.239581 	1.61746 	0
41.8702 	-0.187547 	0.239581 	1.61746 	0
41.9404 	-0.187547 	0.239581 	1.61746 	0
42.0105 	-0.196097 	0.189403 	1.62436 	0
42.0806 	-0.196097 	0.189403 	1.62436 	0
42.1508 	-0.196097 	0.189403 	1.62436 	0
42.2209 	-0.196097 	0.189403 	1.62436 	0
42.291 	-0.196097 	0.189403 	1.62436 	0
42.3612 	-0.196097 	0.189403 	1.62436 	0
42.4313 	-0.196097 	0.189403 	1.62436 	0
42.5014 	-0.196097 	0.189403 	1.62436 	0
42.5716 	-0.196097 	0.189403 	1.62436 	0
42.6417 	-0.196097 	0.189403 	1.62436 	0
42.7118 	-0.196097 	0.189403 	1.62436 	0
42.782 	-0.196097 	0.189403 	1.62436 	0
42.8521 	-0.196097 	0.189403 	1.62436 	0
42.9222 	-0.196097 	0.189403 	1.62436 	0
42.9924 	-0.196097 	0.189403 	1.62436 	0
43.0625 	-0.196097 	0.189403 	1.62436 	0
43.1327 	-0.196097 	0.189403 	1.62436 	0
43.2028 	-0.210618 	0.142341 	1.63399 	0
43.2729 	-0.210618 	0.142341 	1.63399 	0
43.3431 	-0.210618 	0.142341 	1.63399 	0
43.4132 	-0.210618 	0.142341 	1.63399 	0
43.4833 	-0.210618 	0.142341 	1.63399 	0
43.5535 	-0.210618 	0.142341 	1.63399 	0
43.6236 	-0.210618 	0.142341 	1.63399 	0
43.6937 	-0.210618 	0.142341 	1.63399 	0
43.7639 	-0.210618 	0.142341 	1.63399 	0
43.834 	-0.210618 	0.142341 	1.63399 	0
43.9041 	-0.210618 	0.142341 	1.63399 	0
43.9743 	-0.210618 	0.142341 	1.63399 	0
44.0444 	-0.210618 	0.142341 	1.63399 	0
44.1145 	-0.210618 	0.142341 	1.63399 	0
44.1847 	-0.210618 	0.142341 	1.63399 	0
44.2548 	-0.210618 	0.142341 	1.63399 	0
44.3249 	-0.210618 	0.142341 	1.63399 	0
44.3951 	-0.210618 	0.142341 	1.63399 	0
44.4652 	-0.225833 	0.0982024 	1.64272 	0
44.5353 	-0.225833 	0.0982024 	1.64272 	0
44.6055 	-0.225833 	0.0982024 	1.64272 	0
44.6756 	-0.225833 	0.0982024 	1.64272 	0
44.7457 	-0.225833 	0.0982024 	1.64272 	0
44.8159 	-0.225833 	0.0982024 	1.64272 	0
44.886 	-0.225833 	0.0982024 	1.64272 	0
44.9561 	-0.225833 	0.0982024 	1.64272 	0
45.0263 	-0.225833 	0.0982024 	1.64272 	0
45.0964 	-0.225833 	0.0982024 	1.64272 	0
45.1665 	-0.225833 	0.0982024 	1.64272 	0
45.2367 	-0.225833 	0.0982024 	1.64272 	0
45.3068 	-0.225833 	0.0982024 	1.64272 	0
45.377 	-0.225833 	0.0982024 	1.64272 	0
45.4471 	-0.225833 	0.0982024 	1.64272 	0
45.5172 	-0.225833 	0.0982024 	1.64272 	0
45.5874 	-0.225833 	0.0982024 	1.64272 	0
45.6575 	-0.237325 	0.0584923 	1.64875 	0
45.7276 	-0.237325 	0.0584923 	1.64875 	0
45.7978 	-0.237325 	0.0584923 	1.64875 	0
45.8679 	-0.237325 	0.0584923 	1.64875 	0
45.938 	-0.237325 	0.0584923 	1.64875 	0
46.0082 	-0.237325 	0.0584923 	1.64875 	0
46.0783 	-0.237325 	0.0584923 	1.64875 	0
46.1484 	-0.237325 	0.0584923 	1.64875 	0
46.2186 	-0.237325 	0.0584923 	1.64875 	0
46.2887 	-0.237325 	0.0584923 	1.64875 	0
46.3588 	-0.237325 	0.0584923 	1.64875 	0
46.429 	-0.237325 	0.0584923 	1.64875 	0
46.4991 	-0.237325 	0.0584923 	1.64875 	0
46.5692 	-0.237325 	0.0584923 	1.64875 	0
46.6394 	-0.237325 	0.0584923 	1.64875 	0
46.7095 	-0.237325 	0.0584923 	1.64875 	0
46.7796 	-0.156063 	0.0818048 	1.66912 	0
46.8498 	-0.156063 	0.0818048 	1.66912 	0
46.9199 	-0.169483 	0.0508998 	1.67414 	0
46.99 	-0.169483 	0.0508998 	1.67414 	0
47.0602 	-0.169483 	0.0508998 	1.67414 	0
47.1303 	-0.169483 	0.0508998 	1.67414 	0
47.2004 	-0.169483 	0.0508998 	1.67414 	0
47.2706 	-0.169483 	0.0508998 	1.67414 	0
47.3407 	-0.169483 	0.0508998 	1.67414 	0
47.4108 	-0.169483 	0.0508998 	1.67414 	0
47.481 	-0.169483 	0.0508998 	1.67414 	0
47.5511 	-0.169483 	0.0508998 	1.67414 	0
47.6213 	-0.169483 	0.0508998 	1.67414 	0
47.6914 	-0.169483 	0.0508998 	1.67414 	0
47.7615 	-0.169483 	0.0508998 	1.67414 	0
47.8317 	-0.169483 	0.0508998 	1.67414 	0
47.9018 	-0.169483 	0.0508998 	1.67414 	0
47.9719 	-0.169483 	0.0508998 	1.67414 	0
48.0421 	-0.169483 	0.0508998 	1.67414 	0
48.1122 	-0.169483 	0.0508998 	1.67414 	0
48.1823 	-0.176196 	0.022557 	1.67521 	0
48.2525 	-0.176196 	0.022557 	1.67521 	0
48.3226 	-0.176196 	0.022557 	1.67521 	0
48.3927 	-0.176196 	0.022557 	1.67521 	0
48.4629 	-0.176196 	0.022557 	1.67521 	0
48.533 	-0.176196 	0.022557 	1.67521 	0
48.6031 	-0.176196 	0.022557 	1.67521 	0
48.6733 	-0.176196 	0.022557 	1.67521 	0
48.7434 	-0.176196 	0.022557 	1.67521 	0
48.8135 	-0.176196 	0.022557 	1.67521 	0
48.8837 	-0.176196 	0.022557 	1.67521 	0
48.9538 	-0.176196 	0.022557 	1.67521 	0
49.0239 	-0.176196 	0.022557 	1.67521 	0
49.0941 	-0.176196 	0.022557 	1.67521 	0
49.1642 	-0.176196 	0.022557 	1.67521 	0
49.2343 	-0.176196 	0.022557 	1.67521 	0
49.3045 	-0.176196 	0.022557 	1.67521 	0
49.3746 	-0.174709 	-0.00162776 	1.6707 	0
49.4447 	-0.174709 	-0.00162776 	1.6707 	0
49.5149 	-0.174709 	-0.00162776 	1.6707 	0
49.585 	-0.174709 	-0.00162776 	1.6707 	0
49.6551 	-0.174709 	-0.00162776 	1.6707 	0
49.7253 	-0.174709 	-0.00162776 	1.6707 	0
49.7954 	-0.174709 	-0.00162776 	1.6707 	0
49.8656 	-0.174709 	-0.00162776 	1.6707 	0
49.9357 	-0.174709 	-0.00162776 	1.6707 	0
50.0058 	-0.174709 	-0.00162776 	1.6707 	0
50.076 	-0.174709 	-0.00162776 	1.6707 	0
50.1461 	-0.174709 	-0.00162776 	1.6707 	0
50.2162 	-0.174709 	-0.00162776 	1.6707 	0
50.2864 	-0.174709 	-0.00162776 	1.6707 	0
50.3565 	-0.174709 	-0.00162776 	1.6707 	0
50.4266 	-0.174709 	-0.00162776 	1.6707 	0
50.4968 	-0.174709 	-0.00162776 	1.6707 	0
50.5669 	-0.174709 	-0.00162776 	1.6707 	0
50.637 	-0.163838 	-0.0212251 	1.66165 	0
50.7072 	-0.163838 	-0.0212251 	1.66165 	0
50.7773 	-0.163838 	-0.0212251 	1.66165 	0
50.8474 	-0.163838 	-0.0212251 	1.66165 	0
50.9176 	-0.163838 	-0.0212251 	1.66165 	0
50.9877 	-0.163838 	-0.0212251 	1.66165 	0
51.0578 	-0.163838 	-0.0212251 	1.66165 	0
51.128 	-0.163838 	-0.0212251 	1.66165 	0
51.1981 	-0.163838 	-0.0212251 	1.66165 	0
51.2682 	-0.163838 	-0.0212251 	1.66165 	0
51.3384 	-0.163838 	-0.0212251 	1.66165 	0
51.4085 	-0.163838 	-0.0212251 	1.66165 	0
51.4786 	-0.163838 	-0.0212251 	1.66165 	0
51.5488 	-0.163838 	-0.0212251 	1.66165 	0
51.6189 	-0.163838 	-0.0212251 	1.66165 	0
51.689 	-0.163838 	-0.0212251 	1.66165 	0
51.7592 	-0.163838 	-0.0212251 	1.66165 	0
51.8293 	-0.143562 	-0.0331287 	1.64649 	0
51.8994 	-0.143562 	-0.0331287 	1.64649 	0
51.9696 	-0.143562 	-0.0331287 	1.64649 	0
52.0397 	-0.143562 	-0.0331287 	1.64649 	0
52.1099 	-0.143562 	-0.0331287 	1.64649 	0
52.18 	-0.143562 	-0.0331287 	1.64649 	0
52.2501 	-0.143562 	-0.0331287 	1.64649 	0
52.3203 	-0.143562 	-0.0331287 	1.64649 	0
52.3904 	-0.143562 	-0.0331287 	1.64649 	0
52.4605 	-0.143562 	-0.0331287 	1.64649 	0
52.5307 	-0.143562 	-0.0331287 	1.64649 	0
52.6008 	-0.143562 	-0.0331287 	1.64649 	0
52.6709 	-0.143562 	-0.0331287 	1.64649 	0
52.7411 	-0.143562 	-0.0331287 	1.64649 	0
52.8112 	-0.143562 	-0.0331287 	1.64649 	0
52.8813 	-0.143562 	-0.0331287 	1.64649 	0
52.9515 	-0.143562 	-0.0331287 	1.64649 	0
53.0216 	-0.143562 	-0.0331287 	1.64649 	0
53.0917 	-0.116746 	-0.0387058 	1.62881 	0
53.1619 	-0.116746 	-0.0387058 	1.62881 	0
53.232 	-0.116746 	-0.0387058 	1.62881 	0
53.3021 	-0.116746 	-0.0387058 	1.62881 	0
53.3723 	-0.116746 	-0.0387058 	1.62881 	0
53.4424 	-0.116746 	-0.0387058 	1.62881 	0
53.5125 	-0.116746 	-0.0387058 	1.62881 	0
53.5827 	-0.116746 	-0.0387058 	1.62881 	0
53.6528 	-0.116746 	-0.0387058 	1.62881 	0
53.7229 	-0.116746 	-0.0387058 	1.62881 	0
53.7931 	-0.116746 	-0.0387058 	1.62881 	0
53.8632 	-0.116746 	-0.0387058 	1.62881 	0
53.9333 	-0.116746 	-0.0387058 	1.62881 	0
54.0035 	-0.116746 	-0.0387058 	1.62881 	0
54.0736 	-0.116746 	-0.0387058 	1.62881 	0
54.1437 	-0.116746 	-0.0387058 	1.62881 	0
54.2139 	-0.116746 	-0.0387058 	1.62881 	0
54.284 	-0.087849 	-0.038791 	1.60976 	0
54.3542 	-0.087849 	-0.038791 	1.60976 	0
54.4243 	-0.087849 	-0.038791 	1.60976 	0
54.4944 	-0.087849 	-0.038791 	1.60976 	0
54.5646 	-0.087849 	-0.038791 	1.60976 	0
54.6347 	-0.087849 	-0.038791 	1.60976 	0
54.7048 	-0.087849 	-0.038791 	1.60976 	0
54.775 	-0.087849 	-0.038791 	1.60976 	0
54.8451 	-0.087849 	-0.038791 	1.60976 	0
54.9152 	-0.087849 	-0.038791 	1.60976 	0
54.9854 	-0.087849 	-0.038791 	1.60976 	0
55.0555 	-0.087849 	-0.038791 	1.60976 	0
55.1256 	-0.087849 	-0.038791 	1.60976 	0
55.1958 	-0.087849 	-0.038791 	1.60976 	0
55.2659 	-0.087849 	-0.038791 	1.60976 	0
55.336 	-0.087849 	-0.038791 	1.60976 	0
55.4062 	-0.087849 	-0.038791 	1.60976 	0
55.4763 	-0.087849 	-0.038791 	1.60976 	0
55.5464 	-0.062018 	-0.0360724 	1.59465 	0
55.6166 	-0.062018 	-0.0360724 	1.59465 	0
55.6867 	-0.062018 	-0.0360724 	1.59465 	0
55.7568 	-0.062018 	-0.0360724 	1.59465 	0
55.827 	-0.062018 	-0.0360724 	1.59465 	0
55.8971 	-0.062018 	-0.0360724 	1.59465 	0
55.9672 	-0.062018 	-0.0360724 	1.59465 	0
56.0374 	-0.062018 	-0.0360724 	1.59465 	0
56.1075 	-0.062018 	-0.0360724 	1.59465 	0
56.1776 	-0.062018 	-0.0360724 	1.59465 	0
56.2478 	-0.062018 	-0.0360724 	1.59465 	0
56.3179 	-0.062018 	-0.0360724 	1.59465 	0
56.3881 	-0.062018 	-0.0360724 	1.59465 	0
56.4582 	-0.062018 	-0.0360724 	1.59465 	0
56.5283 	-0.062018 	-0.0360724 	1.59465 	0
56.5985 	-0.062018 	-0.0360724 	1.59465 	0
56.6686 	-0.062018 	-0.0360724 	1.59465 	0
56.7387 	-0.062018 	-0.0360724 	1.59465 	0
56.8089 	-0.0426747 	-0.0321544 	1.58345 	0
56.879 	-0.0426747 	-0.0321544 	1.58345 	0
56.9491 	-0.0426747 	-0.0321544 	1.58345 	0
57.0193 	-0.0426747 	-0.0321544 	1.58345 	0
57.0894 	-0.0426747 	-0.0321544 	1.58345 	0
57.1595 	-0.0426747 	-0.0321544 	1.58345 	0
57.2297 	-0.0426747 	-0.0321544 	1.58345 	0
57.2998 	-0.0426747 	-0.0321544 	1.58345 	0
57.3699 	-0.0426747 	-0.0321544 	1.58345 	0
57.4401 	-0.0426747 	-0.0321544 	1.58345 	0
57.5102 	-0.0426747 	-0.0321544 	1.58345 	0
57.5803 	-0.0426747 	-0.0321544 	1.58345 	0
57.6505 	-0.0426747 	-0.0321544 	1.58345 	0
57.7206 	-0.0426747 	-0.0321544 	1.58345 	0
57.7907 	-0.0426747 	-0.0321544 	1.58345 	0
57.8609 	-0.0426747 	-0.0321544 	1.58345 	0
57.931 	-0.0426747 	-0.0321544 	1.58345 	0
58.0011 	-0.029781 	-0.0281913 	1.57777 	0
58.0713 	-0.029781 	-0.0281913 	1.57777 	0
58.1414 	-0.029781 	-0.0281913 	1.57777 	0
58.2115 	-0.029781 	-0.0281913 	1.57777 	0
58.2817 	-0.029781 	-0.0281913 	1.57777 	0
58.3518 	-0.029781 	-0.0281913 	1.57777 	0
58.4219 	-0.029781 	-0.0281913 	1.57777 	0
58.4921 	-0.029781 	-0.0281913 	1.57777 	0
58.5622 	-0.029781 	-0.0281913 	1.57777 	0
58.6324 	-0.029781 	-0.0281913 	1.57777 	0
58.7025 	-0.029781 	-0.0281913 	1.57777 	0
58.7726 	-0.029781 	-0.0281913 	1.57777 	0
58.8428 	-0.029781 	-0.0281913 	1.57777 	0
58.9129 	-0.029781 	-0.0281913 	1.57777 	0
58.983 	-0.029781 	-0.0281913 	1.57777 	0
59.0532 	-0.029781 	-0.0281913 	1.57777 	0
59.1233 	-0.029781 	-0.0281913 	1.57777 	0
59.1934 	-0.029781 	-0.0281913 	1.57777 	0
59.2636 	-0.0210959 	-0.0243623 	1.57416 	0
59.3337 	-0.0210959 	-0.0243623 	1.57416 	0
59.4038 	-0.0210959 	-0.0243623 	1.57416 	0
59.474 	-0.0210959 	-0.0243623 	1.57416 	0
59.5441 	-0.0210959 	-0.0243623 	1.57416 	0
59.6142 	-0.0210959 	-0.0243623 	1.57416 	0
59.6844 	-0.0210959 	-0.0243623 	1.57416 	0
59.7545 	-0.0210959 	-0.0243623 	1.57416 	0
59.8246 	-0.0210959 	-0.0243623 	1.57416 	0
59.8948 	-0.0210959 	-0.0243623 	1.57416 	0
59.9649 	-0.0210959 	-0.0243623 	1.57416 	0
60.035 	-0.0210959 	-0.0243623 	1.57416 	0
60.1052 	-0.0210959 	-0.0243623 	1.57416 	0
60.1753 	-0.0210959 	-0.0243623 	1.57416 	0
60.2454 	-0.0210959 	-0.0243623 	1.57416 	0
60.3156 	-0.0210959 	-0.0243623 	1.57416 	0
60.3857 	-0.0210959 	-0.0243623 	1.57416 	0
60.4558 	-0.014262 	-0.021226 	1.57227 	0
60.526 	-0.014262 	-0.021226 	1.57227 	0
60.5961 	-0.014262 	-0.021226 	1.57227 	0
60.6662 	-0.014262 	-0.021226 	1.57227 	0
60.7364 	-0.014262 	-0.021226 	1.57227 	0
60.8065 	-0.014262 	-0.021226 	1.57227 	0
60.8767 	-0.014262 	-0.021226 	1.57227 	0
60.9468 	-0.014262 	-0.021226 	1.57227 	0
61.0169 	-0.014262 	-0.021226 	1.57227 	0
61.0871 	-0.014262 	-0.021226 	1.57227 	0
61.1572 	-0.014262 	-0.021226 	1.57227 	0
61.2273 	-0.014262 	-0.021226 	1.57227 	0
61.2975 	-0.014262 	-0.021226 	1.57227 	0
61.3676 	-0.014262 	-0.021226 	1.57227 	0
61.4377 	-0.014262 	-0.021226 	1.57227 	0
61.5079 	-0.014262 	-0.021226 	1.57227 	0
61.578 	-0.014262 	-0.021226 	1.57227 	0
61.6481 	-0.014262 	-0.021226 	1.57227 	0
61.7183 	-0.00835752 	-0.0173815 	1.57004 	0
61.7884 	-0.00835752 	-0.0173815 	1.57004 	0
61.8585 	-0.00835752 	-0.0173815 	1.57004 	0
61.9287 	-0.00835752 	-0.0173815 	1.57004 	0
61.9988 	-0.00835752 	-0.0173815 	1.57004 	0
62.0689 	-0.00835752 	-0.0173815 	1.57004 	0
62.1391 	-0.00835752 	-0.0173815 	1.57004 	0
62.2092 	-0.00835752 	-0.0173815 	1.57004 	0
62.2793 	-0.00835752 	-0.0173815 	1.57004 	0
62.3495 	-0.00835752 	-0.0173815 	1.57004 	0
62.4196 	-0.00835752 	-0.0173815 	1.57004 	0
62.4897 	-0.00835752 	-0.0173815 	1.57004 	0
62.5599 	-0.00835752 	-0.0173815 	1.57004 	0
62.63 	-0.00835752 	-0.0173815 	1.57004 	0
62.7001 	-0.00835752 	-0.0173815 	1.57004 	0
62.7703 	-0.00835752 	-0.0173815 	1.57004 	0
62.8404 	-0.00835752 	-0.0173815 	1.57004 	0
62.9105 	-0.00386663 	-0.0151135 	1.56918 	0
62.9807 	-0.00386663 	-0.0151135 	1.56918 	0
63.0508 	-0.00386663 	-0.0151135 	1.56918 	0
63.121 	-0.00386663 	-0.0151135 	1.56918 	0
63.1911 	-0.00386663 	-0.0151135 	1.56918 	0
63.2612 	-0.00386663 	-0.0151135 	1.56918 	0
63.3314 	-0.00386663 	-0.0151135 	1.56918 	0
63.4015 	-0.00386663 	-0.0151135 	1.56918 	0
63.4716 	-0.00386663 	-0.0151135 	1.56918 	0
63.5418 	-0.00386663 	-0.0151135 	1.56918 	0
63.6119 	-0.00386663 	-0.0151135 	1.56918 	0
63.682 	-0.00386663 	-0.0151135 	1.56918 	0
63.7522 	-0.00386663 	-0.0151135 	1.56918 	0
63.8223 	-0.00386663 	-0.0151135 	1.56918 	0
63.8924 	-0.00386663 	-0.0151135 	1.56918 	0
63.9626 	-0.00386663 	-0.0151135 	1.56918 	0
64.0327 	-0.00386663 	-0.0151135 	1.56918 	0
64.1028 	-0.00386663 	-0.0151135 	1.56918 	0
64.173 	-0.00115331 	-0.0131297 	1.56905 	0
64.2431 	-0.00115331 	-0.0131297 	1.56905 	0
64.3132 	-0.00115331 	-0.0131297 	1.56905 	0
64.3834 	-0.00115331 	-0.0131297 	1.56905 	0
64.4535 	-0.00115331 	-0.0131297 	1.56905 	0
64.5236 	-0.00115331 	-0.0131297 	1.56905 	0
64.5938 	-0.00115331 	-0.0131297 	1.56905 	0
64.6639 	-0.00115331 	-0.0131297 	1.56905 	0
64.734 	-0.00115331 	-0.0131297 	1.56905 	0
64.8042 	-0.00115331 	-0.0131297 	1.56905 	0
64.8743 	-0.00115331 	-0.0131297 	1.56905 	0
64.9444 	-0.00115331 	-0.0131297 	1.56905 	0
65.0146 	-0.00115331 	-0.0131297 	1.56905 	0
65.0847 	-0.00115331 	-0.0131297 	1.56905 	0
65.1548 	-0.00115331 	-0.0131297 	1.56905 	0
65.225 	-0.00115331 	-0.0131297 	1.56905 	0
65.2951 	-0.00115331 	-0.0131297 	1.56905 	0
65.3653 	-0.00115331 	-0.0131297 	1.56905 	0
65.4354 	3.36458e-05 	-0.0121259 	1.57075 	0
65.5055 	3.36458e-05 	-0.0121259 	1.57075 	0
65.5757 	3.36458e-05 	-0.0121259 	1.57075 	0
65.6458 	3.36458e-05 	-0.0121259 	1.57075 	0
65.7159 	3.36458e-05 	-0.0121259 	1.57075 	0
65.7861 	3.36458e-05 	-0.0121259 	1.57075 	0
65.8562 	3.36458e-05 	-0.0121259 	1.57075 	0
65.9263 	3.36458e-05 	-0.0121259 	1.57075 	0
65.9965 	3.36458e-05 	-0.0121259 	1.57075 	0
66.0666 	3.36458e-05 	-0.0121259 	1.57075 	0
66.1367 	3.36458e-05 	-0.0121259 	1.57075 	0
66.2069 	3.36458e-05 	-0.0121259 	1.57075 	0
66.277 	3.36458e-05 	-0.0121259 	1.57075 	0
66.3471 	3.36458e-05 	-0.0121259 	1.57075 	0
66.4173 	3.36458e-05 	-0.0121259 	1.57075 	0
66.4874 	3.36458e-05 	-0.0121259 	1.57075 	0
66.5575 	3.36458e-05 	-0.0121259 	1.57075 	0
66.6277 	0.000197996 	-0.0120434 	1.57205 	0
66.6978 	0.000197996 	-0.0120434 	1.57205 	0
66.7679 	0.000197996 	-0.0120434 	1.57205 	0
66.8381 	0.000197996 	-0.0120434 	1.57205 	0
66.9082 	0.000197996 	-0.0120434 	1.57205 	0
66.9783 	0.000197996 	-0.0120434 	1.57205 	0
67.0485 	0.000197996 	-0.0120434 	1.57205 	0
67.1186 	0.000197996 	-0.0120434 	1.57205 	0
67.1887 	0.000197996 	-0.0120434 	1.57205 	0
67.2589 	0.000197996 	-0.0120434 	1.57205 	0
67.329 	0.000197996 	-0.0120434 	1.57205 	0
67.3991 	0.000197996 	-0.0120434 	1.57205 	0
67.4693 	0.000197996 	-0.0120434 	1.57205 	0
67.5394 	0.000197996 	-0.0120434 	1.57205 	0
67.6096 	0.000197996 	-0.0120434 	1.57205 	0
67.6797 	0.000197996 	-0.0120434 	1.57205 	0
67.7498 	0.000197996 	-0.0120434 	1.57205 	0
67.82 	0.000197996 	-0.0120434 	1.57205 	0
67.8901 	0.000117383 	-0.0119548 	1.5752 	0
67.9602 	0.000117383 	-0.0119548 	1.5752 	0
68.0304 	0.000117383 	-0.0119548 	1.5752 	0
68.1005 	0.000117383 	-0.0119548 	1.5752 	0
68.1706 	0.000117383 	-0.0119548 	1.5752 	0
68.2408 	0.000117383 	-0.0119548 	1.5752 	0
68.3109 	0.000117383 	-0.0119548 	1.5752 	0
68.381 	0.000117383 	-0.0119548 	1.5752 	0
68.4512 	0.000117383 	-0.0119548 	1.5752 	0
68.5213 	0.000117383 	-0.0119548 	1.5752 	0
68.5914 	0.000117383 	-0.0119548 	1.5752 	0
68.6616 	0.000117383 	-0.0119548 	1.5752 	0
68.7317 	0.000117383 	-0.0119548 	1.5752 	0
68.8018 	0.000117383 	-0.0119548 	1.5752 	0
68.872 	0.000117383 	-0.0119548 	1.5752 	0
68.9421 	0.000117383 	-0.0119548 	1.5752 	0
69.0122 	0.000117383 	-0.0119548 	1.5752 	0
