0.490941 	2.18981 	0.00437086 	3.00033 	-3.10451e-20
0.561075 	2.18981 	0.00437086 	3.00033 	-3.10451e-20
0.63121 	2.18981 	0.00437086 	3.00033 	-3.10451e-20
0.701344 	2.18981 	0.00437086 	3.00033 	-3.10451e-20
0.771478 	2.18981 	0.00437086 	3.00033 	-3.10451e-20
0.841613 	2.18981 	0.00437086 	3.00033 	-3.10451e-20
0.911747 	2.16478 	0.0144632 	3.008 	-7.15966e-20
0.981881 	2.16478 	0.0144632 	3.008 	-7.15966e-20
1.05202 	2.16478 	0.0144632 	3.008 	-7.15966e-20
1.12215 	2.16478 	0.0144632 	3.008 	-7.15966e-20
1.19228 	2.16478 	0.0144632 	3.008 	-7.15966e-20
1.26242 	2.16478 	0.0144632 	3.008 	-7.15966e-20
1.33255 	2.12083 	0.0193288 	3.02331 	7.15474e-20
1.40269 	2.12083 	0.0193288 	3.02331 	7.15474e-20
1.47282 	2.12083 	0.0193288 	3.02331 	7.15474e-20
1.54296 	2.12083 	0.0193288 	3.02331 	7.15474e-20
1.61309 	2.12083 	0.0193288 	3.02331 	7.15474e-20
1.68323 	2.12083 	0.0193288 	3.02331 	7.15474e-20
1.75336 	2.06049 	0.0246875 	3.04251 	3.43234e-20
1.82349 	2.06049 	0.0246875 	3.04251 	3.43234e-20
1.89363 	2.06049 	0.0246875 	3.04251 	3.43234e-20
1.96376 	2.06049 	0.0246875 	3.04251 	3.43234e-20
2.0339 	2.06049 	0.0246875 	3.04251 	3.43234e-20
2.10403 	2.06049 	0.0246875 	3.04251 	3.43234e-20
2.17417 	1.98921 	0.0242424 	3.06668 	0
2.2443 	1.98921 	0.0242424 	3.06668 	0
2.31443 	1.98921 	0.0242424 	3.06668 	0
2.38457 	1.98921 	0.0242424 	3.06668 	0
2.4547 	1.98921 	0.0242424 	3.06668 	0
2.52484 	1.98921 	0.0242424 	3.06668 	0
2.59497 	1.91286 	0.0255925 	3.09073 	-1.56825e-19
2.66511 	1.91286 	0.0255925 	3.09073 	-1.56825e-19
2.73524 	1.91286 	0.0255925 	3.09073 	-1.56825e-19
2.80538 	1.91286 	0.0255925 	3.09073 	-1.56825e-19
2.87551 	1.91286 	0.0255925 	3.09073 	-1.56825e-19
2.94564 	1.91286 	0.0255925 	3.09073 	-1.56825e-19
3.01578 	1.83651 	0.0233285 	3.11626 	1.24856e-19
3.08591 	1.83651 	0.0233285 	3.11626 	1.24856e-19
3.15605 	1.83651 	0.0233285 	3.11626 	1.24856e-19
3.22618 	1.83651 	0.0233285 	3.11626 	1.24856e-19
3.29632 	1.83651 	0.0233285 	3.11626 	1.24856e-19
3.36645 	1.83651 	0.0233285 	3.11626 	1.24856e-19
3.43659 	1.76202 	0.0248936 	3.13926 	-2.29692e-19
3.50672 	1.76202 	0.0248936 	3.13926 	-2.29692e-19
3.57685 	1.76202 	0.0248936 	3.13926 	-2.29692e-19
3.64699 	1.76202 	0.0248936 	3.13926 	-2.29692e-19
3.71712 	1.76202 	0.0248936 	3.13926 	-2.29692e-19
3.78726 	1.75414 	0.0140688 	3.13808 	-2.55065e-19
3.85739 	1.68093 	0.0119287 	3.16279 	4.70359e-19
3.92753 	1.68093 	0.0119287 	3.16279 	4.70359e-19
3.99766 	1.68093 	0.0119287 	3.16279 	4.70359e-19
4.06779 	1.68093 	0.0119287 	3.16279 	4.70359e-19
4.13793 	1.68093 	0.0119287 	3.16279 	4.70359e-19
4.20806 	1.68093 	0.0119287 	3.16279 	4.70359e-19
4.2782 	1.60971 	0.0142386 	3.18382 	-2.69589e-19
4.34833 	1.60971 	0.0142386 	3.18382 	-2.69589e-19
4.41847 	1.60971 	0.0142386 	3.18382 	-2.69589e-19
4.4886 	1.60971 	0.0142386 	3.18382 	-2.69589e-19
4.55874 	1.60971 	0.0142386 	3.18382 	-2.69589e-19
4.62887 	1.60971 	0.0142386 	3.18382 	-2.69589e-19
4.699 	1.60971 	0.0142386 	3.18382 	-2.69589e-19
4.76914 	1.54029 	0.0118636 	3.20714 	-1.98311e-19
4.83927 	1.54029 	0.0118636 	3.20714 	-1.98311e-19
4.90941 	1.54029 	0.0118636 	3.20714 	-1.98311e-19
4.97954 	1.54029 	0.0118636 	3.20714 	-1.98311e-19
5.04968 	1.54029 	0.0118636 	3.20714 	-1.98311e-19
5.11981 	1.54029 	0.0118636 	3.20714 	-1.98311e-19
5.18994 	1.47257 	0.0139284 	3.22665 	1.74098e-19
5.26008 	1.47257 	0.0139284 	3.22665 	1.74098e-19
5.33021 	1.47257 	0.0139284 	3.22665 	1.74098e-19
5.40035 	1.47257 	0.0139284 	3.22665 	1.74098e-19
5.47048 	1.47257 	0.0139284 	3.22665 	1.74098e-19
5.54062 	1.47257 	0.0139284 	3.22665 	1.74098e-19
5.61075 	1.40746 	0.0112428 	3.24849 	-3.39061e-19
5.68089 	1.40746 	0.0112428 	3.24849 	-3.39061e-19
5.75102 	1.40746 	0.0112428 	3.24849 	-3.39061e-19
5.82115 	1.40746 	0.0112428 	3.24849 	-3.39061e-19
5.89129 	1.40746 	0.0112428 	3.24849 	-3.39061e-19
5.96142 	1.40746 	0.0112428 	3.24849 	-3.39061e-19
6.03156 	1.34551 	0.0134812 	3.26582 	3.61897e-19
6.10169 	1.34551 	0.0134812 	3.26582 	3.61897e-19
6.17183 	1.34551 	0.0134812 	3.26582 	3.61897e-19
6.24196 	1.34551 	0.0134812 	3.26582 	3.61897e-19
6.3121 	1.34551 	0.0134812 	3.26582 	3.61897e-19
6.38223 	1.34551 	0.0134812 	3.26582 	3.61897e-19
6.45236 	1.28758 	0.0109836 	3.28539 	2.1067e-20
6.5225 	1.28758 	0.0109836 	3.28539 	2.1067e-20
6.59263 	1.28758 	0.0109836 	3.28539 	2.1067e-20
6.66277 	1.28758 	0.0109836 	3.28539 	2.1067e-20
6.7329 	1.28758 	0.0109836 	3.28539 	2.1067e-20
6.80304 	1.28758 	0.0109836 	3.28539 	2.1067e-20
6.87317 	1.23373 	0.0137913 	3.29989 	-2.01733e-20
6.9433 	1.23373 	0.0137913 	3.29989 	-2.01733e-20
7.01344 	1.23373 	0.0137913 	3.29989 	-2.01733e-20
7.08357 	1.23373 	0.0137913 	3.29989 	-2.01733e-20
7.15371 	1.23373 	0.0137913 	3.29989 	-2.01733e-20
7.22384 	1.23373 	0.0137913 	3.29989 	-2.01733e-20
7.29398 	1.18414 	0.0116412 	3.31693 	0
7.36411 	1.18414 	0.0116412 	3.31693 	0
7.43425 	1.18414 	0.0116412 	3.31693 	0
7.50438 	1.18414 	0.0116412 	3.31693 	0
7.57451 	1.18414 	0.0116412 	3.31693 	0
7.64465 	1.18414 	0.0116412 	3.31693 	0
7.71478 	1.18414 	0.0116412 	3.31693 	0
7.78492 	1.13831 	0.0150637 	3.32869 	0
7.85505 	1.13831 	0.0150637 	3.32869 	0
7.92519 	1.13831 	0.0150637 	3.32869 	0
7.99532 	1.13831 	0.0150637 	3.32869 	0
8.06545 	1.13831 	0.0150637 	3.32869 	0
8.13559 	1.13831 	0.0150637 	3.32869 	0
8.20572 	1.09605 	0.0132499 	3.34362 	0
8.27586 	1.09605 	0.0132499 	3.34362 	0
8.34599 	1.09605 	0.0132499 	3.34362 	0
8.41613 	1.09605 	0.0132499 	3.34362 	0
8.48626 	1.09605 	0.0132499 	3.34362 	0
8.5564 	1.09605 	0.0132499 	3.34362 	0
8.62653 	1.05667 	0.0174213 	3.35313 	2.15146e-22
8.69666 	1.05667 	0.0174213 	3.35313 	2.15146e-22
8.7668 	1.05667 	0.0174213 	3.35313 	2.15146e-22
8.83693 	1.05667 	0.0174213 	3.35313 	2.15146e-22
8.90707 	1.05667 	0.0174213 	3.35313 	2.15146e-22
8.9772 	1.05667 	0.0174213 	3.35313 	2.15146e-22
9.04734 	1.01996 	0.0161168 	3.36654 	-2.46669e-19
9.11747 	1.01996 	0.0161168 	3.36654 	-2.46669e-19
9.18761 	1.01996 	0.0161168 	3.36654 	-2.46669e-19
9.25774 	1.0058 	0.0120771 	3.36907 	-2.58043e-20
9.32787 	1.0058 	0.0120771 	3.36907 	-2.58043e-20
9.39801 	1.0058 	0.0120771 	3.36907 	-2.58043e-20
9.46814 	1.0058 	0.0120771 	3.36907 	-2.58043e-20
9.53828 	0.970288 	0.0183397 	3.3778 	-2.55619e-19
9.60841 	0.970288 	0.0183397 	3.3778 	-2.55619e-19
9.67855 	0.970288 	0.0183397 	3.3778 	-2.55619e-19
9.74868 	0.970288 	0.0183397 	3.3778 	-2.55619e-19
9.81881 	0.970288 	0.0183397 	3.3778 	-2.55619e-19
9.88895 	0.970288 	0.0183397 	3.3778 	-2.55619e-19
9.95908 	0.936382 	0.0180123 	3.38983 	-1.52687e-20
10.0292 	0.936382 	0.0180123 	3.38983 	-1.52687e-20
10.0994 	0.936382 	0.0180123 	3.38983 	-1.52687e-20
10.1695 	0.936382 	0.0180123 	3.38983 	-1.52687e-20
10.2396 	0.936382 	0.0180123 	3.38983 	-1.52687e-20
10.3098 	0.936382 	0.0180123 	3.38983 	-1.52687e-20
10.3799 	0.903545 	0.0261419 	3.39747 	2.29487e-19
10.45 	0.903545 	0.0261419 	3.39747 	2.29487e-19
10.5202 	0.903545 	0.0261419 	3.39747 	2.29487e-19
10.5903 	0.903545 	0.0261419 	3.39747 	2.29487e-19
10.6604 	0.903545 	0.0261419 	3.39747 	2.29487e-19
10.7306 	0.903545 	0.0261419 	3.39747 	2.29487e-19
10.8007 	0.871631 	0.0275311 	3.40909 	-2.43691e-19
10.8708 	0.871631 	0.0275311 	3.40909 	-2.43691e-19
10.941 	0.871631 	0.0275311 	3.40909 	-2.43691e-19
11.0111 	0.871631 	0.0275311 	3.40909 	-2.43691e-19
11.0812 	0.871631 	0.0275311 	3.40909 	-2.43691e-19
11.1514 	0.871631 	0.0275311 	3.40909 	-2.43691e-19
11.2215 	0.871631 	0.0275311 	3.40909 	-2.43691e-19
11.2916 	0.840049 	0.0386911 	3.41601 	-4.25804e-19
11.3618 	0.840049 	0.0386911 	3.41601 	-4.25804e-19
11.4319 	0.840049 	0.0386911 	3.41601 	-4.25804e-19
11.502 	0.840049 	0.0386911 	3.41601 	-4.25804e-19
11.5722 	0.840049 	0.0386911 	3.41601 	-4.25804e-19
11.6423 	0.840049 	0.0386911 	3.41601 	-4.25804e-19
11.7124 	0.808421 	0.0430419 	3.42771 	4.12054e-19
11.7826 	0.808421 	0.0430419 	3.42771 	4.12054e-19
11.8527 	0.808421 	0.0430419 	3.42771 	4.12054e-19
11.9228 	0.808421 	0.0430419 	3.42771 	4.12054e-19
11.993 	0.808421 	0.0430419 	3.42771 	4.12054e-19
12.0631 	0.808421 	0.0430419 	3.42771 	4.12054e-19
12.1332 	0.775803 	0.0590635 	3.43457 	0
12.2034 	0.775803 	0.0590635 	3.43457 	0
12.2735 	0.775803 	0.0590635 	3.43457 	0
12.3437 	0.775803 	0.0590635 	3.43457 	0
12.4138 	0.775803 	0.0590635 	3.43457 	0
12.4839 	0.775803 	0.0590635 	3.43457 	0
12.5541 	0.775803 	0.0590635 	3.43457 	0
12.6242 	0.741528 	0.0674935 	3.44701 	-1.15938e-20
12.6943 	0.741528 	0.0674935 	3.44701 	-1.15938e-20
12.7645 	0.741528 	0.0674935 	3.44701 	-1.15938e-20
12.8346 	0.741528 	0.0674935 	3.44701 	-1.15938e-20
12.9047 	0.741528 	0.0674935 	3.44701 	-1.15938e-20
12.9749 	0.741528 	0.0674935 	3.44701 	-1.15938e-20
13.045 	0.704679 	0.0905221 	3.45474 	1.16726e-20
13.1151 	0.704679 	0.0905221 	3.45474 	1.16726e-20
13.1853 	0.704679 	0.0905221 	3.45474 	1.16726e-20
13.2554 	0.704679 	0.0905221 	3.45474 	1.16726e-20
13.3255 	0.704679 	0.0905221 	3.45474 	1.16726e-20
13.3957 	0.704679 	0.0905221 	3.45474 	1.16726e-20
13.4658 	0.704679 	0.0905221 	3.45474 	1.16726e-20
13.5359 	0.665101 	0.103859 	3.46839 	0
13.6061 	0.665101 	0.103859 	3.46839 	0
13.6762 	0.665101 	0.103859 	3.46839 	0
13.7463 	0.665101 	0.103859 	3.46839 	0
13.8165 	0.665101 	0.103859 	3.46839 	0
13.8866 	0.665101 	0.103859 	3.46839 	0
13.9567 	0.623156 	0.148456 	3.48054 	8.04291e-22
14.0269 	0.623156 	0.148456 	3.48054 	8.04291e-22
14.097 	0.623156 	0.148456 	3.48054 	8.04291e-22
14.1671 	0.623156 	0.148456 	3.48054 	8.04291e-22
14.2373 	0.623156 	0.148456 	3.48054 	8.04291e-22
14.3074 	0.623156 	0.148456 	3.48054 	8.04291e-22
14.3776 	0.604823 	0.146857 	3.48447 	1.22163e-19
14.4477 	0.50743 	0.149423 	3.51113 	-1.76309e-20
14.5178 	0.50743 	0.149423 	3.51113 	-1.76309e-20
14.588 	0.50743 	0.149423 	3.51113 	-1.76309e-20
14.6581 	0.526826 	0.162536 	3.50423 	0
14.7282 	0.526826 	0.162536 	3.50423 	0
14.7984 	0.445054 	0.177012 	3.52767 	-1.81739e-19
14.8685 	0.475022 	0.199925 	3.51774 	-1.82742e-19
14.9386 	0.475022 	0.199925 	3.51774 	-1.82742e-19
15.0088 	0.475022 	0.199925 	3.51774 	-1.82742e-19
15.0789 	0.475022 	0.199925 	3.51774 	-1.82742e-19
15.149 	0.512387 	0.216792 	3.50706 	1.81126e-19
15.2192 	0.41801 	0.23371 	3.54106 	1.55386e-19
15.2893 	0.41801 	0.23371 	3.54106 	1.55386e-19
15.3594 	0.41801 	0.23371 	3.54106 	1.55386e-19
15.4296 	0.455276 	0.254085 	3.52051 	-5.20119e-19
15.4997 	0.455276 	0.254085 	3.52051 	-5.20119e-19
15.5698 	0.361499 	0.269546 	3.54891 	2.74731e-19
15.64 	0.361499 	0.269546 	3.54891 	2.74731e-19
15.7101 	0.361499 	0.269546 	3.54891 	2.74731e-19
15.7802 	0.403207 	0.287404 	3.54096 	-4.56455e-19
15.8504 	0.403207 	0.287404 	3.54096 	-4.56455e-19
15.9205 	0.309708 	0.306491 	3.55698 	-1.29258e-19
15.9906 	0.309708 	0.306491 	3.55698 	-1.29258e-19
16.0608 	0.309708 	0.306491 	3.55698 	-1.29258e-19
16.1309 	0.3618 	0.331002 	3.53736 	0
16.201 	0.3618 	0.331002 	3.53736 	0
16.2712 	0.268648 	0.344257 	3.56946 	0
16.3413 	0.268648 	0.344257 	3.56946 	0
16.4114 	0.268648 	0.344257 	3.56946 	0
16.4816 	0.268648 	0.344257 	3.56946 	0
16.5517 	0.337289 	0.360495 	3.54722 	-1.82489e-19
16.6219 	0.249009 	0.394756 	3.56636 	5.44744e-20
16.692 	0.249009 	0.394756 	3.56636 	5.44744e-20
16.7621 	0.249009 	0.394756 	3.56636 	5.44744e-20
16.8323 	0.249009 	0.394756 	3.56636 	5.44744e-20
16.9024 	0.249009 	0.394756 	3.56636 	5.44744e-20
16.9725 	0.255779 	0.434444 	3.55928 	0
17.0427 	0.255779 	0.434444 	3.55928 	0
17.1128 	0.255779 	0.434444 	3.55928 	0
17.1829 	0.255779 	0.434444 	3.55928 	0
17.2531 	0.180388 	0.461622 	3.57834 	0
17.3232 	0.180388 	0.461622 	3.57834 	0
17.3933 	0.180388 	0.461622 	3.57834 	0
17.4635 	0.281629 	0.486321 	3.55983 	1.6793e-19
17.5336 	0.281629 	0.486321 	3.55983 	1.6793e-19
17.6037 	0.21547 	0.505937 	3.56816 	0
17.6739 	0.21547 	0.505937 	3.56816 	0
17.744 	0.21547 	0.505937 	3.56816 	0
17.8141 	0.21547 	0.505937 	3.56816 	0
17.8843 	0.21547 	0.505937 	3.56816 	0
17.9544 	0.257205 	0.561668 	3.55753 	1.43522e-19
18.0245 	0.257205 	0.561668 	3.55753 	1.43522e-19
18.0947 	0.257205 	0.561668 	3.55753 	1.43522e-19
18.1648 	0.257205 	0.561668 	3.55753 	1.43522e-19
18.2349 	0.202967 	0.576297 	3.56771 	-2.11464e-19
18.3051 	0.202967 	0.576297 	3.56771 	-2.11464e-19
18.3752 	0.202967 	0.576297 	3.56771 	-2.11464e-19
18.4453 	0.202967 	0.576297 	3.56771 	-2.11464e-19
18.5155 	0.202967 	0.576297 	3.56771 	-2.11464e-19
18.5856 	0.241716 	0.617746 	3.54978 	-3.04708e-19
18.6557 	0.241716 	0.617746 	3.54978 	-3.04708e-19
18.7259 	0.241716 	0.617746 	3.54978 	-3.04708e-19
18.796 	0.241716 	0.617746 	3.54978 	-3.04708e-19
18.8662 	0.190737 	0.635024 	3.56113 	2.50704e-19
18.9363 	0.190737 	0.635024 	3.56113 	2.50704e-19
19.0064 	0.190737 	0.635024 	3.56113 	2.50704e-19
19.0766 	0.190737 	0.635024 	3.56113 	2.50704e-19
19.1467 	0.190737 	0.635024 	3.56113 	2.50704e-19
19.2168 	0.142442 	0.659772 	3.57784 	3.93941e-20
19.287 	0.232388 	0.658928 	3.53497 	1.74119e-19
19.3571 	0.232388 	0.658928 	3.53497 	1.74119e-19
19.4272 	0.232388 	0.658928 	3.53497 	1.74119e-19
19.4974 	0.232388 	0.658928 	3.53497 	1.74119e-19
19.5675 	0.183178 	0.679931 	3.54925 	3.02415e-20
19.6376 	0.183178 	0.679931 	3.54925 	3.02415e-20
19.7078 	0.183178 	0.679931 	3.54925 	3.02415e-20
19.7779 	0.183178 	0.679931 	3.54925 	3.02415e-20
19.848 	0.183178 	0.679931 	3.54925 	3.02415e-20
19.9182 	0.1359 	0.707876 	3.56736 	-7.20768e-20
19.9883 	0.1359 	0.707876 	3.56736 	-7.20768e-20
20.0584 	0.227173 	0.683813 	3.50005 	0
20.1286 	0.227173 	0.683813 	3.50005 	0
20.1987 	0.227173 	0.683813 	3.50005 	0
20.2688 	0.177507 	0.708903 	3.52604 	5.36399e-20
20.339 	0.177507 	0.708903 	3.52604 	5.36399e-20
20.4091 	0.177507 	0.708903 	3.52604 	5.36399e-20
20.4792 	0.177507 	0.708903 	3.52604 	5.36399e-20
20.5494 	0.177507 	0.708903 	3.52604 	5.36399e-20
20.6195 	0.128945 	0.741176 	3.55048 	-2.79103e-20
20.6896 	0.128945 	0.741176 	3.55048 	-2.79103e-20
20.7598 	0.128945 	0.741176 	3.55048 	-2.79103e-20
20.8299 	0.128945 	0.741176 	3.55048 	-2.79103e-20
20.9 	0.220405 	0.690872 	3.3968 	3.0442e-19
20.9702 	0.170629 	0.719612 	3.45522 	1.15695e-19
21.0403 	0.170629 	0.719612 	3.45522 	1.15695e-19
21.1105 	0.170629 	0.719612 	3.45522 	1.15695e-19
21.1806 	0.170629 	0.719612 	3.45522 	1.15695e-19
21.2507 	0.170629 	0.719612 	3.45522 	1.15695e-19
21.3209 	0.123689 	0.754883 	3.50184 	-8.16919e-20
21.391 	0.123689 	0.754883 	3.50184 	-8.16919e-20
21.4611 	0.123689 	0.754883 	3.50184 	-8.16919e-20
21.5313 	0.123689 	0.754883 	3.50184 	-8.16919e-20
21.6014 	0.123689 	0.754883 	3.50184 	-8.16919e-20
21.6715 	0.123689 	0.754883 	3.50184 	-8.16919e-20
21.7417 	0.0801673 	0.77784 	3.52758 	8.1823e-21
21.8118 	0.0801673 	0.77784 	3.52758 	8.1823e-21
21.8819 	0.0801673 	0.77784 	3.52758 	8.1823e-21
21.9521 	0.157166 	0.711078 	3.26345 	4.05717e-20
22.0222 	0.157166 	0.711078 	3.26345 	4.05717e-20
22.0923 	0.118906 	0.748065 	3.355 	1.04539e-19
22.1625 	0.118906 	0.748065 	3.355 	1.04539e-19
22.2326 	0.118906 	0.748065 	3.355 	1.04539e-19
22.3027 	0.118906 	0.748065 	3.355 	1.04539e-19
22.3729 	0.118906 	0.748065 	3.355 	1.04539e-19
22.443 	0.118906 	0.748065 	3.355 	1.04539e-19
22.5131 	0.0762305 	0.776441 	3.42212 	-3.78477e-20
22.5833 	0.0762305 	0.776441 	3.42212 	-3.78477e-20
22.6534 	0.0762305 	0.776441 	3.42212 	-3.78477e-20
22.7235 	0.0762305 	0.776441 	3.42212 	-3.78477e-20
22.7937 	0.0762305 	0.776441 	3.42212 	-3.78477e-20
22.8638 	0.0317133 	0.809058 	3.47409 	-4.61384e-20
22.9339 	0.0317133 	0.809058 	3.47409 	-4.61384e-20
23.0041 	0.0317133 	0.809058 	3.47409 	-4.61384e-20
23.0742 	0.0723833 	0.703076 	2.93798 	8.25355e-20
23.1443 	0.0723833 	0.703076 	2.93798 	8.25355e-20
23.2145 	0.0723833 	0.703076 	2.93798 	8.25355e-20
23.2846 	0.0363446 	0.742963 	3.09894 	1.85083e-21
23.3548 	0.0363446 	0.742963 	3.09894 	1.85083e-21
23.4249 	0.0363446 	0.742963 	3.09894 	1.85083e-21
23.495 	0.0363446 	0.742963 	3.09894 	1.85083e-21
23.5652 	0.0363446 	0.742963 	3.09894 	1.85083e-21
23.6353 	0.0363446 	0.742963 	3.09894 	1.85083e-21
23.7054 	0.00213023 	0.776089 	3.20707 	3.75313e-21
23.7756 	0.00213023 	0.776089 	3.20707 	3.75313e-21
23.8457 	0.00213023 	0.776089 	3.20707 	3.75313e-21
23.9158 	0.00213023 	0.776089 	3.20707 	3.75313e-21
23.986 	0.00213023 	0.776089 	3.20707 	3.75313e-21
24.0561 	0.00213023 	0.776089 	3.20707 	3.75313e-21
24.1262 	-0.0339298 	0.807552 	3.30116 	0
24.1964 	-0.0339298 	0.807552 	3.30116 	0
24.2665 	-0.0339298 	0.807552 	3.30116 	0
24.3366 	-0.0339298 	0.807552 	3.30116 	0
24.4068 	-0.0339298 	0.807552 	3.30116 	0
24.4769 	-0.0178551 	0.661103 	2.49833 	6.93409e-22
24.547 	-0.0178551 	0.661103 	2.49833 	6.93409e-22
24.6172 	-0.0534346 	0.684661 	2.59716 	-6.7746e-20
24.6873 	-0.0534346 	0.684661 	2.59716 	-6.7746e-20
24.7574 	-0.0534346 	0.684661 	2.59716 	-6.7746e-20
24.8276 	-0.0534346 	0.684661 	2.59716 	-6.7746e-20
24.8977 	-0.0534346 	0.684661 	2.59716 	-6.7746e-20
24.9678 	-0.0534346 	0.684661 	2.59716 	-6.7746e-20
25.038 	-0.0868359 	0.729351 	2.78004 	2.02621e-20
25.1081 	-0.0868359 	0.729351 	2.78004 	2.02621e-20
25.1782 	-0.0868359 	0.729351 	2.78004 	2.02621e-20
25.2484 	-0.0868359 	0.729351 	2.78004 	2.02621e-20
25.3185 	-0.0868359 	0.729351 	2.78004 	2.02621e-20
25.3886 	-0.0868359 	0.729351 	2.78004 	2.02621e-20
25.4588 	-0.118386 	0.752605 	2.86286 	0
25.5289 	-0.118386 	0.752605 	2.86286 	0
25.5991 	-0.118386 	0.752605 	2.86286 	0
25.6692 	-0.118386 	0.752605 	2.86286 	0
25.7393 	-0.118386 	0.752605 	2.86286 	0
25.8095 	-0.118386 	0.752605 	2.86286 	0
25.8796 	-0.118386 	0.752605 	2.86286 	0
25.9497 	-0.148691 	0.792624 	3.00687 	-1.01058e-19
26.0199 	-0.148691 	0.792624 	3.00687 	-1.01058e-19
26.09 	-0.129159 	0.617218 	2.13171 	-7.72682e-20
26.1601 	-0.129159 	0.617218 	2.13171 	-7.72682e-20
26.2303 	-0.129159 	0.617218 	2.13171 	-7.72682e-20
26.3004 	-0.129159 	0.617218 	2.13171 	-7.72682e-20
26.3705 	-0.129159 	0.617218 	2.13171 	-7.72682e-20
26.4407 	-0.15929 	0.629278 	2.18219 	2.0162e-19
26.5108 	-0.15929 	0.629278 	2.18219 	2.0162e-19
26.5809 	-0.15929 	0.629278 	2.18219 	2.0162e-19
26.6511 	-0.15929 	0.629278 	2.18219 	2.0162e-19
26.7212 	-0.15929 	0.629278 	2.18219 	2.0162e-19
26.7913 	-0.15929 	0.629278 	2.18219 	2.0162e-19
26.8615 	-0.15929 	0.629278 	2.18219 	2.0162e-19
26.9316 	-0.188804 	0.658856 	2.29664 	-1.35366e-19
27.0017 	-0.188804 	0.658856 	2.29664 	-1.35366e-19
27.0719 	-0.188804 	0.658856 	2.29664 	-1.35366e-19
27.142 	-0.188804 	0.658856 	2.29664 	-1.35366e-19
27.2121 	-0.188804 	0.658856 	2.29664 	-1.35366e-19
27.2823 	-0.188804 	0.658856 	2.29664 	-1.35366e-19
27.3524 	-0.217407 	0.668308 	2.34226 	-5.23834e-20
27.4225 	-0.217407 	0.668308 	2.34226 	-5.23834e-20
27.4927 	-0.217407 	0.668308 	2.34226 	-5.23834e-20
27.5628 	-0.217407 	0.668308 	2.34226 	-5.23834e-20
27.6329 	-0.217407 	0.668308 	2.34226 	-5.23834e-20
27.7031 	-0.217407 	0.668308 	2.34226 	-5.23834e-20
27.7732 	-0.217407 	0.668308 	2.34226 	-5.23834e-20
27.8434 	-0.217407 	0.668308 	2.34226 	-5.23834e-20
27.9135 	-0.242397 	0.694164 	2.44494 	-6.04869e-20
27.9836 	-0.242397 	0.694164 	2.44494 	-6.04869e-20
28.0538 	-0.242397 	0.694164 	2.44494 	-6.04869e-20
28.1239 	-0.242397 	0.694164 	2.44494 	-6.04869e-20
28.194 	-0.242397 	0.694164 	2.44494 	-6.04869e-20
28.2642 	-0.242397 	0.694164 	2.44494 	-6.04869e-20
28.3343 	-0.250972 	0.551857 	1.84923 	6.76318e-20
28.4044 	-0.274852 	0.551419 	1.86946 	-1.19018e-19
28.4746 	-0.274852 	0.551419 	1.86946 	-1.19018e-19
28.5447 	-0.274852 	0.551419 	1.86946 	-1.19018e-19
28.6148 	-0.274852 	0.551419 	1.86946 	-1.19018e-19
28.685 	-0.274852 	0.551419 	1.86946 	-1.19018e-19
28.7551 	-0.274852 	0.551419 	1.86946 	-1.19018e-19
28.8252 	-0.274852 	0.551419 	1.86946 	-1.19018e-19
28.8954 	-0.274852 	0.551419 	1.86946 	-1.19018e-19
28.9655 	-0.29571 	0.558725 	1.91498 	-1.38224e-19
29.0356 	-0.29571 	0.558725 	1.91498 	-1.38224e-19
29.1058 	-0.29571 	0.558725 	1.91498 	-1.38224e-19
29.1759 	-0.29571 	0.558725 	1.91498 	-1.38224e-19
29.246 	-0.29571 	0.558725 	1.91498 	-1.38224e-19
29.3162 	-0.29571 	0.558725 	1.91498 	-1.38224e-19
29.3863 	-0.29571 	0.558725 	1.91498 	-1.38224e-19
29.4564 	-0.31452 	0.553565 	1.92838 	1.28339e-19
29.5266 	-0.31452 	0.553565 	1.92838 	1.28339e-19
29.5967 	-0.31452 	0.553565 	1.92838 	1.28339e-19
29.6668 	-0.31452 	0.553565 	1.92838 	1.28339e-19
29.737 	-0.31452 	0.553565 	1.92838 	1.28339e-19
29.8071 	-0.31452 	0.553565 	1.92838 	1.28339e-19
29.8773 	-0.31452 	0.553565 	1.92838 	1.28339e-19
29.9474 	-0.31452 	0.553565 	1.92838 	1.28339e-19
30.0175 	-0.331565 	0.55527 	1.96177 	-1.43173e-19
30.0877 	-0.331565 	0.55527 	1.96177 	-1.43173e-19
30.1578 	-0.331565 	0.55527 	1.96177 	-1.43173e-19
30.2279 	-0.331565 	0.55527 	1.96177 	-1.43173e-19
30.2981 	-0.331565 	0.55527 	1.96177 	-1.43173e-19
30.3682 	-0.331565 	0.55527 	1.96177 	-1.43173e-19
30.4383 	-0.331565 	0.55527 	1.96177 	-1.43173e-19
30.5085 	-0.331565 	0.55527 	1.96177 	-1.43173e-19
30.5786 	-0.348916 	0.546855 	1.96715 	2.7419e-19
30.6487 	-0.348916 	0.546855 	1.96715 	2.7419e-19
30.7189 	-0.348916 	0.546855 	1.96715 	2.7419e-19
30.789 	-0.348916 	0.546855 	1.96715 	2.7419e-19
30.8591 	-0.348916 	0.546855 	1.96715 	2.7419e-19
30.9293 	-0.348916 	0.546855 	1.96715 	2.7419e-19
30.9994 	-0.348916 	0.546855 	1.96715 	2.7419e-19
31.0695 	-0.348916 	0.546855 	1.96715 	2.7419e-19
31.1397 	-0.36892 	0.539263 	1.98769 	-1.31578e-19
31.2098 	-0.36892 	0.539263 	1.98769 	-1.31578e-19
31.2799 	-0.36892 	0.539263 	1.98769 	-1.31578e-19
31.3501 	-0.36892 	0.539263 	1.98769 	-1.31578e-19
31.4202 	-0.36892 	0.539263 	1.98769 	-1.31578e-19
31.4903 	-0.36892 	0.539263 	1.98769 	-1.31578e-19
31.5605 	-0.388363 	0.498301 	1.76014 	2.38862e-19
31.6306 	-0.388363 	0.498301 	1.76014 	2.38862e-19
31.7007 	-0.404757 	0.496978 	1.76641 	-7.66652e-20
31.7709 	-0.404757 	0.496978 	1.76641 	-7.66652e-20
31.841 	-0.404757 	0.496978 	1.76641 	-7.66652e-20
31.9111 	-0.404757 	0.496978 	1.76641 	-7.66652e-20
31.9813 	-0.404757 	0.496978 	1.76641 	-7.66652e-20
32.0514 	-0.404757 	0.496978 	1.76641 	-7.66652e-20
32.1216 	-0.404757 	0.496978 	1.76641 	-7.66652e-20
32.1917 	-0.404757 	0.496978 	1.76641 	-7.66652e-20
32.2618 	-0.404757 	0.496978 	1.76641 	-7.66652e-20
32.332 	-0.419216 	0.498348 	1.77614 	0
32.4021 	-0.419216 	0.498348 	1.77614 	0
32.4722 	-0.419216 	0.498348 	1.77614 	0
32.5424 	-0.419216 	0.498348 	1.77614 	0
32.6125 	-0.419216 	0.498348 	1.77614 	0
32.6826 	-0.419216 	0.498348 	1.77614 	0
32.7528 	-0.419216 	0.498348 	1.77614 	0
32.8229 	-0.419216 	0.498348 	1.77614 	0
32.893 	-0.419216 	0.498348 	1.77614 	0
32.9632 	-0.431951 	0.499164 	1.77651 	0
33.0333 	-0.431951 	0.499164 	1.77651 	0
33.1034 	-0.431951 	0.499164 	1.77651 	0
33.1736 	-0.431951 	0.499164 	1.77651 	0
33.2437 	-0.431951 	0.499164 	1.77651 	0
33.3138 	-0.431951 	0.499164 	1.77651 	0
33.384 	-0.431951 	0.499164 	1.77651 	0
33.4541 	-0.431951 	0.499164 	1.77651 	0
33.5242 	-0.431951 	0.499164 	1.77651 	0
33.5944 	-0.442 	0.501403 	1.77648 	3.88377e-20
33.6645 	-0.442 	0.501403 	1.77648 	3.88377e-20
33.7346 	-0.442 	0.501403 	1.77648 	3.88377e-20
33.8048 	-0.442 	0.501403 	1.77648 	3.88377e-20
33.8749 	-0.442 	0.501403 	1.77648 	3.88377e-20
33.945 	-0.442 	0.501403 	1.77648 	3.88377e-20
34.0152 	-0.442 	0.501403 	1.77648 	3.88377e-20
34.0853 	-0.442 	0.501403 	1.77648 	3.88377e-20
34.1554 	-0.442 	0.501403 	1.77648 	3.88377e-20
34.2256 	-0.445276 	0.502832 	1.76545 	-3.65555e-20
34.2957 	-0.445276 	0.502832 	1.76545 	-3.65555e-20
34.3659 	-0.445276 	0.502832 	1.76545 	-3.65555e-20
34.436 	-0.445276 	0.502832 	1.76545 	-3.65555e-20
34.5061 	-0.445276 	0.502832 	1.76545 	-3.65555e-20
34.5763 	-0.445276 	0.502832 	1.76545 	-3.65555e-20
34.6464 	-0.445276 	0.502832 	1.76545 	-3.65555e-20
34.7165 	-0.445276 	0.502832 	1.76545 	-3.65555e-20
34.7867 	-0.445276 	0.502832 	1.76545 	-3.65555e-20
34.8568 	-0.445276 	0.502832 	1.76545 	-3.65555e-20
34.9269 	-0.440082 	0.505662 	1.75156 	7.29775e-20
34.9971 	-0.440082 	0.505662 	1.75156 	7.29775e-20
35.0672 	-0.440082 	0.505662 	1.75156 	7.29775e-20
35.1373 	-0.440082 	0.505662 	1.75156 	7.29775e-20
35.2075 	-0.440082 	0.505662 	1.75156 	7.29775e-20
35.2776 	-0.440082 	0.505662 	1.75156 	7.29775e-20
35.3477 	-0.440082 	0.505662 	1.75156 	7.29775e-20
35.4179 	-0.440082 	0.505662 	1.75156 	7.29775e-20
35.488 	-0.440082 	0.505662 	1.75156 	7.29775e-20
35.5581 	-0.440082 	0.505662 	1.75156 	7.29775e-20
35.6283 	-0.429858 	0.501334 	1.73594 	-1.72541e-20
35.6984 	-0.429858 	0.501334 	1.73594 	-1.72541e-20
35.7685 	-0.429858 	0.501334 	1.73594 	-1.72541e-20
35.8387 	-0.429858 	0.501334 	1.73594 	-1.72541e-20
35.9088 	-0.429858 	0.501334 	1.73594 	-1.72541e-20
35.9789 	-0.429858 	0.501334 	1.73594 	-1.72541e-20
36.0491 	-0.429858 	0.501334 	1.73594 	-1.72541e-20
36.1192 	-0.429858 	0.501334 	1.73594 	-1.72541e-20
36.1893 	-0.429858 	0.501334 	1.73594 	-1.72541e-20
36.2595 	-0.429858 	0.501334 	1.73594 	-1.72541e-20
36.3296 	-0.417641 	0.489558 	1.72068 	1.62435e-20
36.3997 	-0.417641 	0.489558 	1.72068 	1.62435e-20
36.4699 	-0.417641 	0.489558 	1.72068 	1.62435e-20
36.54 	-0.417641 	0.489558 	1.72068 	1.62435e-20
36.6102 	-0.417641 	0.489558 	1.72068 	1.62435e-20
36.6803 	-0.417641 	0.489558 	1.72068 	1.62435e-20
36.7504 	-0.417641 	0.489558 	1.72068 	1.62435e-20
36.8206 	-0.417641 	0.489558 	1.72068 	1.62435e-20
36.8907 	-0.417641 	0.489558 	1.72068 	1.62435e-20
36.9608 	-0.417641 	0.489558 	1.72068 	1.62435e-20
37.031 	-0.417641 	0.489558 	1.72068 	1.62435e-20
37.1011 	-0.405071 	0.473062 	1.70661 	0
37.1712 	-0.405071 	0.473062 	1.70661 	0
37.2414 	-0.405071 	0.473062 	1.70661 	0
37.3115 	-0.405071 	0.473062 	1.70661 	0
37.3816 	-0.405071 	0.473062 	1.70661 	0
37.4518 	-0.405071 	0.473062 	1.70661 	0
37.5219 	-0.405071 	0.473062 	1.70661 	0
37.592 	-0.405071 	0.473062 	1.70661 	0
37.6622 	-0.39026 	0.456534 	1.69153 	0
37.7323 	-0.39026 	0.456534 	1.69153 	0
37.8024 	-0.39026 	0.456534 	1.69153 	0
37.8726 	-0.39026 	0.456534 	1.69153 	0
37.9427 	-0.39026 	0.456534 	1.69153 	0
38.0128 	-0.39026 	0.456534 	1.69153 	0
38.083 	-0.39026 	0.456534 	1.69153 	0
38.1531 	-0.39026 	0.456534 	1.69153 	0
38.2232 	-0.39026 	0.456534 	1.69153 	0
38.2934 	-0.370731 	0.437527 	1.67449 	0
38.3635 	-0.370731 	0.437527 	1.67449 	0
38.4336 	-0.370731 	0.437527 	1.67449 	0
38.5038 	-0.370731 	0.437527 	1.67449 	0
38.5739 	-0.370731 	0.437527 	1.67449 	0
38.644 	-0.370731 	0.437527 	1.67449 	0
38.7142 	-0.370731 	0.437527 	1.67449 	0
38.7843 	-0.370731 	0.437527 	1.67449 	0
38.8545 	-0.370731 	0.437527 	1.67449 	0
38.9246 	-0.348379 	0.414974 	1.65771 	0
38.9947 	-0.348379 	0.414974 	1.65771 	0
39.0649 	-0.348379 	0.414974 	1.65771 	0
39.135 	-0.348379 	0.414974 	1.65771 	0
39.2051 	-0.348379 	0.414974 	1.65771 	0
39.2753 	-0.348379 	0.414974 	1.65771 	0
39.3454 	-0.348379 	0.414974 	1.65771 	0
39.4155 	-0.348379 	0.414974 	1.65771 	0
39.4857 	-0.348379 	0.414974 	1.65771 	0
39.5558 	-0.326463 	0.387158 	1.64333 	0
39.6259 	-0.326463 	0.387158 	1.64333 	0
39.6961 	-0.326463 	0.387158 	1.64333 	0
39.7662 	-0.326463 	0.387158 	1.64333 	0
39.8363 	-0.326463 	0.387158 	1.64333 	0
39.9065 	-0.326463 	0.387158 	1.64333 	0
39.9766 	-0.326463 	0.387158 	1.64333 	0
40.0467 	-0.326463 	0.387158 	1.64333 	0
40.1169 	-0.307389 	0.356067 	1.63253 	0
40.187 	-0.307389 	0.356067 	1.63253 	0
40.2571 	-0.307389 	0.356067 	1.63253 	0
40.3273 	-0.307389 	0.356067 	1.63253 	0
40.3974 	-0.307389 	0.356067 	1.63253 	0
40.4675 	-0.307389 	0.356067 	1.63253 	0
40.5377 	-0.307389 	0.356067 	1.63253 	0
40.6078 	-0.307389 	0.356067 	1.63253 	0
40.6779 	-0.307389 	0.356067 	1.63253 	0
40.7481 	-0.29153 	0.323584 	1.62428 	0
40.8182 	-0.29153 	0.323584 	1.62428 	0
40.8883 	-0.29153 	0.323584 	1.62428 	0
40.9585 	-0.29153 	0.323584 	1.62428 	0
41.0286 	-0.29153 	0.323584 	1.62428 	0
41.0988 	-0.29153 	0.323584 	1.62428 	0
41.1689 	-0.29153 	0.323584 	1.62428 	0
41.239 	-0.29153 	0.323584 	1.62428 	0
41.3092 	-0.29153 	0.323584 	1.62428 	0
41.3793 	-0.278901 	0.290588 	1.61845 	0
41.4494 	-0.278901 	0.290588 	1.61845 	0
41.5196 	-0.278901 	0.290588 	1.61845 	0
41.5897 	-0.278901 	0.290588 	1.61845 	0
41.6598 	-0.278901 	0.290588 	1.61845 	0
41.73 	-0.278901 	0.290588 	1.61845 	0
41.8001 	-0.278901 	0.290588 	1.61845 	0
41.8702 	-0.278901 	0.290588 	1.61845 	0
41.9404 	-0.278901 	0.290588 	1.61845 	0
42.0105 	-0.269772 	0.258352 	1.61568 	0
42.0806 	-0.269772 	0.258352 	1.61568 	0
42.1508 	-0.269772 	0.258352 	1.61568 	0
42.2209 	-0.269772 	0.258352 	1.61568 	0
42.291 	-0.269772 	0.258352 	1.61568 	0
42.3612 	-0.269772 	0.258352 	1.61568 	0
42.4313 	-0.269772 	0.258352 	1.61568 	0
42.5014 	-0.269772 	0.258352 	1.61568 	0
42.5716 	-0.269772 	0.258352 	1.61568 	0
42.6417 	-0.262934 	0.226803 	1.61486 	0
42.7118 	-0.262934 	0.226803 	1.61486 	0
42.782 	-0.262934 	0.226803 	1.61486 	0
42.8521 	-0.262934 	0.226803 	1.61486 	0
42.9222 	-0.262934 	0.226803 	1.61486 	0
42.9924 	-0.262934 	0.226803 	1.61486 	0
43.0625 	-0.262934 	0.226803 	1.61486 	0
43.1327 	-0.262934 	0.226803 	1.61486 	0
43.2028 	-0.256452 	0.195121 	1.61452 	0
43.2729 	-0.256452 	0.195121 	1.61452 	0
43.3431 	-0.256452 	0.195121 	1.61452 	0
43.4132 	-0.256452 	0.195121 	1.61452 	0
43.4833 	-0.256452 	0.195121 	1.61452 	0
43.5535 	-0.256452 	0.195121 	1.61452 	0
43.6236 	-0.256452 	0.195121 	1.61452 	0
43.6937 	-0.256452 	0.195121 	1.61452 	0
43.7639 	-0.256452 	0.195121 	1.61452 	0
43.834 	-0.249887 	0.163297 	1.61446 	0
43.9041 	-0.249887 	0.163297 	1.61446 	0
43.9743 	-0.249887 	0.163297 	1.61446 	0
44.0444 	-0.249887 	0.163297 	1.61446 	0
44.1145 	-0.249887 	0.163297 	1.61446 	0
44.1847 	-0.249887 	0.163297 	1.61446 	0
44.2548 	-0.249887 	0.163297 	1.61446 	0
44.3249 	-0.249887 	0.163297 	1.61446 	0
44.3951 	-0.249887 	0.163297 	1.61446 	0
44.4652 	-0.243617 	0.132153 	1.61482 	0
44.5353 	-0.243617 	0.132153 	1.61482 	0
44.6055 	-0.243617 	0.132153 	1.61482 	0
44.6756 	-0.243617 	0.132153 	1.61482 	0
44.7457 	-0.243617 	0.132153 	1.61482 	0
44.8159 	-0.243617 	0.132153 	1.61482 	0
44.886 	-0.243617 	0.132153 	1.61482 	0
44.9561 	-0.243617 	0.132153 	1.61482 	0
45.0263 	-0.243617 	0.132153 	1.61482 	0
45.0964 	-0.237544 	0.102038 	1.61484 	0
45.1665 	-0.237544 	0.102038 	1.61484 	0
45.2367 	-0.237544 	0.102038 	1.61484 	0
45.3068 	-0.237544 	0.102038 	1.61484 	0
45.377 	-0.237544 	0.102038 	1.61484 	0
45.4471 	-0.237544 	0.102038 	1.61484 	0
45.5172 	-0.237544 	0.102038 	1.61484 	0
45.5874 	-0.237544 	0.102038 	1.61484 	0
45.6575 	-0.231374 	0.0734278 	1.61415 	0
45.7276 	-0.231374 	0.0734278 	1.61415 	0
45.7978 	-0.231374 	0.0734278 	1.61415 	0
45.8679 	-0.231374 	0.0734278 	1.61415 	0
45.938 	-0.231374 	0.0734278 	1.61415 	0
46.0082 	-0.231374 	0.0734278 	1.61415 	0
46.0783 	-0.231374 	0.0734278 	1.61415 	0
46.1484 	-0.231374 	0.0734278 	1.61415 	0
46.2186 	-0.231374 	0.0734278 	1.61415 	0
46.2887 	-0.224694 	0.0470654 	1.61211 	0
46.3588 	-0.224694 	0.0470654 	1.61211 	0
46.429 	-0.224694 	0.0470654 	1.61211 	0
46.4991 	-0.224694 	0.0470654 	1.61211 	0
46.5692 	-0.224694 	0.0470654 	1.61211 	0
46.6394 	-0.224694 	0.0470654 	1.61211 	0
46.7095 	-0.224694 	0.0470654 	1.61211 	0
46.7796 	-0.17682 	0.0451468 	1.57945 	0
46.8498 	-0.17682 	0.0451468 	1.57945 	0
46.9199 	-0.172001 	0.0245146 	1.57818 	0
46.99 	-0.172001 	0.0245146 	1.57818 	0
47.0602 	-0.172001 	0.0245146 	1.57818 	0
47.1303 	-0.172001 	0.0245146 	1.57818 	0
47.2004 	-0.172001 	0.0245146 	1.57818 	0
47.2706 	-0.172001 	0.0245146 	1.57818 	0
47.3407 	-0.172001 	0.0245146 	1.57818 	0
47.4108 	-0.172001 	0.0245146 	1.57818 	0
47.481 	-0.172001 	0.0245146 	1.57818 	0
47.5511 	-0.165796 	0.00705948 	1.57455 	0
47.6213 	-0.165796 	0.00705948 	1.57455 	0
47.6914 	-0.165796 	0.00705948 	1.57455 	0
47.7615 	-0.165796 	0.00705948 	1.57455 	0
47.8317 	-0.165796 	0.00705948 	1.57455 	0
47.9018 	-0.165796 	0.00705948 	1.57455 	0
47.9719 	-0.165796 	0.00705948 	1.57455 	0
48.0421 	-0.165796 	0.00705948 	1.57455 	0
48.1122 	-0.165796 	0.00705948 	1.57455 	0
48.1823 	-0.157294 	-0.00748657 	1.56784 	0
48.2525 	-0.157294 	-0.00748657 	1.56784 	0
48.3226 	-0.157294 	-0.00748657 	1.56784 	0
48.3927 	-0.157294 	-0.00748657 	1.56784 	0
48.4629 	-0.157294 	-0.00748657 	1.56784 	0
48.533 	-0.157294 	-0.00748657 	1.56784 	0
48.6031 	-0.157294 	-0.00748657 	1.56784 	0
48.6733 	-0.157294 	-0.00748657 	1.56784 	0
48.7434 	-0.147837 	-0.0191319 	1.55786 	0
48.8135 	-0.147837 	-0.0191319 	1.55786 	0
48.8837 	-0.147837 	-0.0191319 	1.55786 	0
48.9538 	-0.147837 	-0.0191319 	1.55786 	0
49.0239 	-0.147837 	-0.0191319 	1.55786 	0
49.0941 	-0.147837 	-0.0191319 	1.55786 	0
49.1642 	-0.147837 	-0.0191319 	1.55786 	0
49.2343 	-0.147837 	-0.0191319 	1.55786 	0
49.3045 	-0.147837 	-0.0191319 	1.55786 	0
49.3746 	-0.136752 	-0.0283796 	1.54551 	0
49.4447 	-0.136752 	-0.0283796 	1.54551 	0
49.5149 	-0.136752 	-0.0283796 	1.54551 	0
49.585 	-0.136752 	-0.0283796 	1.54551 	0
49.6551 	-0.136752 	-0.0283796 	1.54551 	0
49.7253 	-0.136752 	-0.0283796 	1.54551 	0
49.7954 	-0.136752 	-0.0283796 	1.54551 	0
49.8656 	-0.136752 	-0.0283796 	1.54551 	0
49.9357 	-0.136752 	-0.0283796 	1.54551 	0
50.0058 	-0.125493 	-0.0349399 	1.53222 	0
50.076 	-0.125493 	-0.0349399 	1.53222 	0
50.1461 	-0.125493 	-0.0349399 	1.53222 	0
50.2162 	-0.125493 	-0.0349399 	1.53222 	0
50.2864 	-0.125493 	-0.0349399 	1.53222 	0
50.3565 	-0.125493 	-0.0349399 	1.53222 	0
50.4266 	-0.125493 	-0.0349399 	1.53222 	0
50.4968 	-0.125493 	-0.0349399 	1.53222 	0
50.5669 	-0.125493 	-0.0349399 	1.53222 	0
50.637 	-0.114664 	-0.0392341 	1.51851 	0
50.7072 	-0.114664 	-0.0392341 	1.51851 	0
50.7773 	-0.114664 	-0.0392341 	1.51851 	0
50.8474 	-0.114664 	-0.0392341 	1.51851 	0
50.9176 	-0.114664 	-0.0392341 	1.51851 	0
50.9877 	-0.114664 	-0.0392341 	1.51851 	0
51.0578 	-0.114664 	-0.0392341 	1.51851 	0
51.128 	-0.114664 	-0.0392341 	1.51851 	0
51.1981 	-0.114664 	-0.0392341 	1.51851 	0
51.2682 	-0.104028 	-0.0411853 	1.50436 	0
51.3384 	-0.104028 	-0.0411853 	1.50436 	0
51.4085 	-0.104028 	-0.0411853 	1.50436 	0
51.4786 	-0.104028 	-0.0411853 	1.50436 	0
51.5488 	-0.104028 	-0.0411853 	1.50436 	0
51.6189 	-0.104028 	-0.0411853 	1.50436 	0
51.689 	-0.104028 	-0.0411853 	1.50436 	0
51.7592 	-0.104028 	-0.0411853 	1.50436 	0
51.8293 	-0.0933934 	-0.0421235 	1.4897 	0
51.8994 	-0.0933934 	-0.0421235 	1.4897 	0
51.9696 	-0.0933934 	-0.0421235 	1.4897 	0
52.0397 	-0.0933934 	-0.0421235 	1.4897 	0
52.1099 	-0.0933934 	-0.0421235 	1.4897 	0
52.18 	-0.0933934 	-0.0421235 	1.4897 	0
52.2501 	-0.0933934 	-0.0421235 	1.4897 	0
52.3203 	-0.0933934 	-0.0421235 	1.4897 	0
52.3904 	-0.0933934 	-0.0421235 	1.4897 	0
52.4605 	-0.0832968 	-0.0423861 	1.47534 	0
52.5307 	-0.0832968 	-0.0423861 	1.47534 	0
52.6008 	-0.0832968 	-0.0423861 	1.47534 	0
52.6709 	-0.0832968 	-0.0423861 	1.47534 	0
52.7411 	-0.0832968 	-0.0423861 	1.47534 	0
52.8112 	-0.0832968 	-0.0423861 	1.47534 	0
52.8813 	-0.0832968 	-0.0423861 	1.47534 	0
52.9515 	-0.0832968 	-0.0423861 	1.47534 	0
53.0216 	-0.0832968 	-0.0423861 	1.47534 	0
53.0917 	-0.0745064 	-0.0422903 	1.46203 	0
53.1619 	-0.0745064 	-0.0422903 	1.46203 	0
53.232 	-0.0745064 	-0.0422903 	1.46203 	0
53.3021 	-0.0745064 	-0.0422903 	1.46203 	0
53.3723 	-0.0745064 	-0.0422903 	1.46203 	0
53.4424 	-0.0745064 	-0.0422903 	1.46203 	0
53.5125 	-0.0745064 	-0.0422903 	1.46203 	0
53.5827 	-0.0745064 	-0.0422903 	1.46203 	0
53.6528 	-0.0745064 	-0.0422903 	1.46203 	0
53.7229 	-0.067216 	-0.041892 	1.4502 	0
53.7931 	-0.067216 	-0.041892 	1.4502 	0
53.8632 	-0.067216 	-0.041892 	1.4502 	0
53.9333 	-0.067216 	-0.041892 	1.4502 	0
54.0035 	-0.067216 	-0.041892 	1.4502 	0
54.0736 	-0.067216 	-0.041892 	1.4502 	0
54.1437 	-0.067216 	-0.041892 	1.4502 	0
54.2139 	-0.067216 	-0.041892 	1.4502 	0
54.284 	-0.0608706 	-0.0416228 	1.43937 	0
54.3542 	-0.0608706 	-0.0416228 	1.43937 	0
54.4243 	-0.0608706 	-0.0416228 	1.43937 	0
54.4944 	-0.0608706 	-0.0416228 	1.43937 	0
54.5646 	-0.0608706 	-0.0416228 	1.43937 	0
54.6347 	-0.0608706 	-0.0416228 	1.43937 	0
54.7048 	-0.0608706 	-0.0416228 	1.43937 	0
54.775 	-0.0608706 	-0.0416228 	1.43937 	0
54.8451 	-0.0608706 	-0.0416228 	1.43937 	0
54.9152 	-0.0549273 	-0.0416295 	1.42957 	0
54.9854 	-0.0549273 	-0.0416295 	1.42957 	0
55.0555 	-0.0549273 	-0.0416295 	1.42957 	0
55.1256 	-0.0549273 	-0.0416295 	1.42957 	0
55.1958 	-0.0549273 	-0.0416295 	1.42957 	0
55.2659 	-0.0549273 	-0.0416295 	1.42957 	0
55.336 	-0.0549273 	-0.0416295 	1.42957 	0
55.4062 	-0.0549273 	-0.0416295 	1.42957 	0
55.4763 	-0.0549273 	-0.0416295 	1.42957 	0
55.5464 	-0.0491162 	-0.0422232 	1.42109 	0
55.6166 	-0.0491162 	-0.0422232 	1.42109 	0
55.6867 	-0.0491162 	-0.0422232 	1.42109 	0
55.7568 	-0.0491162 	-0.0422232 	1.42109 	0
55.827 	-0.0491162 	-0.0422232 	1.42109 	0
55.8971 	-0.0491162 	-0.0422232 	1.42109 	0
55.9672 	-0.0491162 	-0.0422232 	1.42109 	0
56.0374 	-0.0491162 	-0.0422232 	1.42109 	0
56.1075 	-0.0491162 	-0.0422232 	1.42109 	0
56.1776 	-0.0434131 	-0.0430177 	1.41394 	0
56.2478 	-0.0434131 	-0.0430177 	1.41394 	0
56.3179 	-0.0434131 	-0.0430177 	1.41394 	0
56.3881 	-0.0434131 	-0.0430177 	1.41394 	0
56.4582 	-0.0434131 	-0.0430177 	1.41394 	0
56.5283 	-0.0434131 	-0.0430177 	1.41394 	0
56.5985 	-0.0434131 	-0.0430177 	1.41394 	0
56.6686 	-0.0434131 	-0.0430177 	1.41394 	0
56.7387 	-0.0434131 	-0.0430177 	1.41394 	0
56.8089 	-0.0378 	-0.0442385 	1.40871 	0
56.879 	-0.0378 	-0.0442385 	1.40871 	0
56.9491 	-0.0378 	-0.0442385 	1.40871 	0
57.0193 	-0.0378 	-0.0442385 	1.40871 	0
57.0894 	-0.0378 	-0.0442385 	1.40871 	0
57.1595 	-0.0378 	-0.0442385 	1.40871 	0
57.2297 	-0.0378 	-0.0442385 	1.40871 	0
57.2998 	-0.0378 	-0.0442385 	1.40871 	0
57.3699 	-0.0319729 	-0.0458653 	1.40539 	0
57.4401 	-0.0319729 	-0.0458653 	1.40539 	0
57.5102 	-0.0319729 	-0.0458653 	1.40539 	0
57.5803 	-0.0319729 	-0.0458653 	1.40539 	0
57.6505 	-0.0319729 	-0.0458653 	1.40539 	0
57.7206 	-0.0319729 	-0.0458653 	1.40539 	0
57.7907 	-0.0319729 	-0.0458653 	1.40539 	0
57.8609 	-0.0319729 	-0.0458653 	1.40539 	0
57.931 	-0.0319729 	-0.0458653 	1.40539 	0
58.0011 	-0.0256315 	-0.0478757 	1.40375 	0
58.0713 	-0.0256315 	-0.0478757 	1.40375 	0
58.1414 	-0.0256315 	-0.0478757 	1.40375 	0
58.2115 	-0.0256315 	-0.0478757 	1.40375 	0
58.2817 	-0.0256315 	-0.0478757 	1.40375 	0
58.3518 	-0.0256315 	-0.0478757 	1.40375 	0
58.4219 	-0.0256315 	-0.0478757 	1.40375 	0
58.4921 	-0.0256315 	-0.0478757 	1.40375 	0
58.5622 	-0.0256315 	-0.0478757 	1.40375 	0
58.6324 	-0.0186592 	-0.0497237 	1.40368 	0
58.7025 	-0.0186592 	-0.0497237 	1.40368 	0
58.7726 	-0.0186592 	-0.0497237 	1.40368 	0
58.8428 	-0.0186592 	-0.0497237 	1.40368 	0
58.9129 	-0.0186592 	-0.0497237 	1.40368 	0
58.983 	-0.0186592 	-0.0497237 	1.40368 	0
59.0532 	-0.0186592 	-0.0497237 	1.40368 	0
59.1233 	-0.0186592 	-0.0497237 	1.40368 	0
59.1934 	-0.0186592 	-0.0497237 	1.40368 	0
59.2636 	-0.0115357 	-0.0514226 	1.40522 	0
59.3337 	-0.0115357 	-0.0514226 	1.40522 	0
59.4038 	-0.0115357 	-0.0514226 	1.40522 	0
59.474 	-0.0115357 	-0.0514226 	1.40522 	0
59.5441 	-0.0115357 	-0.0514226 	1.40522 	0
59.6142 	-0.0115357 	-0.0514226 	1.40522 	0
59.6844 	-0.0115357 	-0.0514226 	1.40522 	0
59.7545 	-0.0115357 	-0.0514226 	1.40522 	0
59.8246 	-0.00437706 	-0.052265 	1.40879 	0
59.8948 	-0.00437706 	-0.052265 	1.40879 	0
59.9649 	-0.00437706 	-0.052265 	1.40879 	0
60.035 	-0.00437706 	-0.052265 	1.40879 	0
60.1052 	-0.00437706 	-0.052265 	1.40879 	0
60.1753 	-0.00437706 	-0.052265 	1.40879 	0
60.2454 	-0.00437706 	-0.052265 	1.40879 	0
60.3156 	-0.00437706 	-0.052265 	1.40879 	0
60.3857 	-0.00437706 	-0.052265 	1.40879 	0
60.4558 	0.00276187 	-0.0524643 	1.41327 	0
60.526 	0.00276187 	-0.0524643 	1.41327 	0
60.5961 	0.00276187 	-0.0524643 	1.41327 	0
60.6662 	0.00276187 	-0.0524643 	1.41327 	0
60.7364 	0.00276187 	-0.0524643 	1.41327 	0
60.8065 	0.00276187 	-0.0524643 	1.41327 	0
60.8767 	0.00276187 	-0.0524643 	1.41327 	0
60.9468 	0.00276187 	-0.0524643 	1.41327 	0
61.0169 	0.00276187 	-0.0524643 	1.41327 	0
61.0871 	0.00956056 	-0.0512378 	1.41875 	0
61.1572 	0.00956056 	-0.0512378 	1.41875 	0
61.2273 	0.00956056 	-0.0512378 	1.41875 	0
61.2975 	0.00956056 	-0.0512378 	1.41875 	0
61.3676 	0.00956056 	-0.0512378 	1.41875 	0
61.4377 	0.00956056 	-0.0512378 	1.41875 	0
61.5079 	0.00956056 	-0.0512378 	1.41875 	0
61.578 	0.00956056 	-0.0512378 	1.41875 	0
61.6481 	0.00956056 	-0.0512378 	1.41875 	0
61.7183 	0.0157009 	-0.0493625 	1.42445 	0
61.7884 	0.0157009 	-0.0493625 	1.42445 	0
61.8585 	0.0157009 	-0.0493625 	1.42445 	0
61.9287 	0.0157009 	-0.0493625 	1.42445 	0
61.9988 	0.0157009 	-0.0493625 	1.42445 	0
62.0689 	0.0157009 	-0.0493625 	1.42445 	0
62.1391 	0.0157009 	-0.0493625 	1.42445 	0
62.2092 	0.0157009 	-0.0493625 	1.42445 	0
62.2793 	0.0157009 	-0.0493625 	1.42445 	0
62.3495 	0.0209089 	-0.0455187 	1.43007 	0
62.4196 	0.0209089 	-0.0455187 	1.43007 	0
62.4897 	0.0209089 	-0.0455187 	1.43007 	0
62.5599 	0.0209089 	-0.0455187 	1.43007 	0
62.63 	0.0209089 	-0.0455187 	1.43007 	0
62.7001 	0.0209089 	-0.0455187 	1.43007 	0
62.7703 	0.0209089 	-0.0455187 	1.43007 	0
62.8404 	0.0209089 	-0.0455187 	1.43007 	0
62.9105 	0.0248923 	-0.0416268 	1.43511 	0
62.9807 	0.0248923 	-0.0416268 	1.43511 	0
63.0508 	0.0248923 	-0.0416268 	1.43511 	0
63.121 	0.0248923 	-0.0416268 	1.43511 	0
63.1911 	0.0248923 	-0.0416268 	1.43511 	0
63.2612 	0.0248923 	-0.0416268 	1.43511 	0
63.3314 	0.0248923 	-0.0416268 	1.43511 	0
63.4015 	0.0248923 	-0.0416268 	1.43511 	0
63.4716 	0.0248923 	-0.0416268 	1.43511 	0
63.5418 	0.0274751 	-0.0359153 	1.43992 	0
63.6119 	0.0274751 	-0.0359153 	1.43992 	0
63.682 	0.0274751 	-0.0359153 	1.43992 	0
63.7522 	0.0274751 	-0.0359153 	1.43992 	0
63.8223 	0.0274751 	-0.0359153 	1.43992 	0
63.8924 	0.0274751 	-0.0359153 	1.43992 	0
63.9626 	0.0274751 	-0.0359153 	1.43992 	0
64.0327 	0.0274751 	-0.0359153 	1.43992 	0
64.1028 	0.0274751 	-0.0359153 	1.43992 	0
64.173 	0.0285994 	-0.0306686 	1.44273 	0
64.2431 	0.0285994 	-0.0306686 	1.44273 	0
64.3132 	0.0285994 	-0.0306686 	1.44273 	0
64.3834 	0.0285994 	-0.0306686 	1.44273 	0
64.4535 	0.0285994 	-0.0306686 	1.44273 	0
64.5236 	0.0285994 	-0.0306686 	1.44273 	0
64.5938 	0.0285994 	-0.0306686 	1.44273 	0
64.6639 	0.0285994 	-0.0306686 	1.44273 	0
64.734 	0.0285994 	-0.0306686 	1.44273 	0
64.8042 	0.0282263 	-0.0245478 	1.44578 	0
64.8743 	0.0282263 	-0.0245478 	1.44578 	0
64.9444 	0.0282263 	-0.0245478 	1.44578 	0
65.0146 	0.0282263 	-0.0245478 	1.44578 	0
65.0847 	0.0282263 	-0.0245478 	1.44578 	0
65.1548 	0.0282263 	-0.0245478 	1.44578 	0
65.225 	0.0282263 	-0.0245478 	1.44578 	0
65.2951 	0.0353308 	-0.026628 	1.47418 	0
65.3653 	0.0353308 	-0.026628 	1.47418 	0
65.4354 	0.0332081 	-0.0198091 	1.47306 	0
65.5055 	0.0332081 	-0.0198091 	1.47306 	0
65.5757 	0.0332081 	-0.0198091 	1.47306 	0
65.6458 	0.0332081 	-0.0198091 	1.47306 	0
65.7159 	0.0332081 	-0.0198091 	1.47306 	0
65.7861 	0.0332081 	-0.0198091 	1.47306 	0
65.8562 	0.0332081 	-0.0198091 	1.47306 	0
65.9263 	0.0332081 	-0.0198091 	1.47306 	0
65.9965 	0.0294255 	-0.0134488 	1.47361 	0
66.0666 	0.0294255 	-0.0134488 	1.47361 	0
66.1367 	0.0294255 	-0.0134488 	1.47361 	0
66.2069 	0.0294255 	-0.0134488 	1.47361 	0
66.277 	0.0294255 	-0.0134488 	1.47361 	0
66.3471 	0.0294255 	-0.0134488 	1.47361 	0
66.4173 	0.0294255 	-0.0134488 	1.47361 	0
66.4874 	0.0294255 	-0.0134488 	1.47361 	0
66.5575 	0.0294255 	-0.0134488 	1.47361 	0
66.6277 	0.0243943 	-0.00710712 	1.46959 	0
66.6978 	0.0243943 	-0.00710712 	1.46959 	0
66.7679 	0.0243943 	-0.00710712 	1.46959 	0
66.8381 	0.0243943 	-0.00710712 	1.46959 	0
66.9082 	0.0243943 	-0.00710712 	1.46959 	0
66.9783 	0.0243943 	-0.00710712 	1.46959 	0
67.0485 	0.0243943 	-0.00710712 	1.46959 	0
67.1186 	0.0243943 	-0.00710712 	1.46959 	0
67.1887 	0.0243943 	-0.00710712 	1.46959 	0
67.2589 	0.0180066 	-0.00464696 	1.46723 	0
67.329 	0.0180066 	-0.00464696 	1.46723 	0
67.3991 	0.0180066 	-0.00464696 	1.46723 	0
67.4693 	0.0180066 	-0.00464696 	1.46723 	0
67.5394 	0.0180066 	-0.00464696 	1.46723 	0
67.6096 	0.0180066 	-0.00464696 	1.46723 	0
67.6797 	0.0180066 	-0.00464696 	1.46723 	0
67.7498 	0.0180066 	-0.00464696 	1.46723 	0
67.82 	0.0180066 	-0.00464696 	1.46723 	0
67.8901 	0.0111553 	-0.000707759 	1.46269 	0
67.9602 	0.0111553 	-0.000707759 	1.46269 	0
68.0304 	0.0111553 	-0.000707759 	1.46269 	0
68.1005 	0.0111553 	-0.000707759 	1.46269 	0
68.1706 	0.0111553 	-0.000707759 	1.46269 	0
68.2408 	0.0111553 	-0.000707759 	1.46269 	0
68.3109 	0.0111553 	-0.000707759 	1.46269 	0
68.381 	0.0111553 	-0.000707759 	1.46269 	0
68.4512 	0.00345456 	-0.00326569 	1.45672 	0
68.5213 	0.00345456 	-0.00326569 	1.45672 	0
68.5914 	0.00345456 	-0.00326569 	1.45672 	0
68.6616 	0.00345456 	-0.00326569 	1.45672 	0
68.7317 	0.00345456 	-0.00326569 	1.45672 	0
68.8018 	0.00345456 	-0.00326569 	1.45672 	0
68.872 	0.00345456 	-0.00326569 	1.45672 	0
68.9421 	0.00345456 	-0.00326569 	1.45672 	0
69.0122 	0.00345456 	-0.00326569 	1.45672 	0
