0.490941 	1.75024 	0.00431482 	3.00026 	-2.47981e-20
0.561075 	1.75024 	0.00431482 	3.00026 	-2.47981e-20
0.63121 	1.75024 	0.00431482 	3.00026 	-2.47981e-20
0.701344 	1.75024 	0.00431482 	3.00026 	-2.47981e-20
0.771478 	1.75024 	0.00431482 	3.00026 	-2.47981e-20
0.841613 	1.75024 	0.00431482 	3.00026 	-2.47981e-20
0.911747 	1.72519 	0.0145711 	3.00809 	-5.69083e-20
0.981881 	1.72519 	0.0145711 	3.00809 	-5.69083e-20
1.05202 	1.72519 	0.0145711 	3.00809 	-5.69083e-20
1.12215 	1.72519 	0.0145711 	3.00809 	-5.69083e-20
1.19228 	1.72519 	0.0145711 	3.00809 	-5.69083e-20
1.26242 	1.72519 	0.0145711 	3.00809 	-5.69083e-20
1.33255 	1.68122 	0.0192495 	3.02326 	5.68693e-20
1.40269 	1.68122 	0.0192495 	3.02326 	5.68693e-20
1.47282 	1.68122 	0.0192495 	3.02326 	5.68693e-20
1.54296 	1.68122 	0.0192495 	3.02326 	5.68693e-20
1.61309 	1.68122 	0.0192495 	3.02326 	5.68693e-20
1.68323 	1.68122 	0.0192495 	3.02326 	5.68693e-20
1.75336 	1.62083 	0.0248165 	3.04262 	2.69878e-20
1.82349 	1.62083 	0.0248165 	3.04262 	2.69878e-20
1.89363 	1.62083 	0.0248165 	3.04262 	2.69878e-20
1.96376 	1.62083 	0.0248165 	3.04262 	2.69878e-20
2.0339 	1.62083 	0.0248165 	3.04262 	2.69878e-20
2.10403 	1.62083 	0.0248165 	3.04262 	2.69878e-20
2.17417 	1.54959 	0.0242483 	3.06662 	0
2.2443 	1.54959 	0.0242483 	3.06662 	0
2.31443 	1.54959 	0.0242483 	3.06662 	0
2.38457 	1.54959 	0.0242483 	3.06662 	0
2.4547 	1.54959 	0.0242483 	3.06662 	0
2.52484 	1.54959 	0.0242483 	3.06662 	0
2.59497 	1.47329 	0.0258313 	3.09082 	-1.20216e-19
2.66511 	1.47329 	0.0258313 	3.09082 	-1.20216e-19
2.73524 	1.47329 	0.0258313 	3.09082 	-1.20216e-19
2.80538 	1.47329 	0.0258313 	3.09082 	-1.20216e-19
2.87551 	1.47329 	0.0258313 	3.09082 	-1.20216e-19
2.94564 	1.47329 	0.0258313 	3.09082 	-1.20216e-19
3.01578 	1.39703 	0.0234234 	3.11616 	9.55832e-20
3.08591 	1.39703 	0.0234234 	3.11616 	9.55832e-20
3.15605 	1.39703 	0.0234234 	3.11616 	9.55832e-20
3.22618 	1.39703 	0.0234234 	3.11616 	9.55832e-20
3.29632 	1.39703 	0.0234234 	3.11616 	9.55832e-20
3.36645 	1.39703 	0.0234234 	3.11616 	9.55832e-20
3.43659 	1.3226 	0.025231 	3.1393 	-1.71219e-19
3.50672 	1.3226 	0.025231 	3.1393 	-1.71219e-19
3.57685 	1.3226 	0.025231 	3.1393 	-1.71219e-19
3.64699 	1.3226 	0.025231 	3.1393 	-1.71219e-19
3.71712 	1.3226 	0.025231 	3.1393 	-1.71219e-19
3.78726 	1.31464 	0.0144732 	3.13788 	-1.89937e-19
3.85739 	1.2415 	0.0120823 	3.16293 	3.47406e-19
3.92753 	1.2415 	0.0120823 	3.16293 	3.47406e-19
3.99766 	1.2415 	0.0120823 	3.16293 	3.47406e-19
4.06779 	1.2415 	0.0120823 	3.16293 	3.47406e-19
4.13793 	1.2415 	0.0120823 	3.16293 	3.47406e-19
4.20806 	1.2415 	0.0120823 	3.16293 	3.47406e-19
4.2782 	1.17029 	0.014808 	3.18357 	-1.97274e-19
4.34833 	1.17029 	0.014808 	3.18357 	-1.97274e-19
4.41847 	1.17029 	0.014808 	3.18357 	-1.97274e-19
4.4886 	1.17029 	0.014808 	3.18357 	-1.97274e-19
4.55874 	1.17029 	0.014808 	3.18357 	-1.97274e-19
4.62887 	1.17029 	0.014808 	3.18357 	-1.97274e-19
4.699 	1.17029 	0.014808 	3.18357 	-1.97274e-19
4.76914 	1.10094 	0.0122169 	3.20728 	-1.40476e-19
4.83927 	1.10094 	0.0122169 	3.20728 	-1.40476e-19
4.90941 	1.10094 	0.0122169 	3.20728 	-1.40476e-19
4.97954 	1.10094 	0.0122169 	3.20728 	-1.40476e-19
5.04968 	1.10094 	0.0122169 	3.20728 	-1.40476e-19
5.11981 	1.10094 	0.0122169 	3.20728 	-1.40476e-19
5.18994 	1.03326 	0.014768 	3.22634 	1.23515e-19
5.26008 	1.03326 	0.014768 	3.22634 	1.23515e-19
5.33021 	1.03326 	0.014768 	3.22634 	1.23515e-19
5.40035 	1.03326 	0.014768 	3.22634 	1.23515e-19
5.47048 	1.03326 	0.014768 	3.22634 	1.23515e-19
5.54062 	1.03326 	0.014768 	3.22634 	1.23515e-19
5.61075 	0.968229 	0.0119183 	3.24862 	-2.30749e-19
5.68089 	0.968229 	0.0119183 	3.24862 	-2.30749e-19
5.75102 	0.968229 	0.0119183 	3.24862 	-2.30749e-19
5.82115 	0.968229 	0.0119183 	3.24862 	-2.30749e-19
5.89129 	0.968229 	0.0119183 	3.24862 	-2.30749e-19
5.96142 	0.968229 	0.0119183 	3.24862 	-2.30749e-19
6.03156 	0.906353 	0.0147499 	3.26544 	2.4636e-19
6.10169 	0.906353 	0.0147499 	3.26544 	2.4636e-19
6.17183 	0.906353 	0.0147499 	3.26544 	2.4636e-19
6.24196 	0.906353 	0.0147499 	3.26544 	2.4636e-19
6.3121 	0.906353 	0.0147499 	3.26544 	2.4636e-19
6.38223 	0.906353 	0.0147499 	3.26544 	2.4636e-19
6.45236 	0.848535 	0.0121751 	3.28549 	1.38444e-20
6.5225 	0.848535 	0.0121751 	3.28549 	1.38444e-20
6.59263 	0.848535 	0.0121751 	3.28549 	1.38444e-20
6.66277 	0.848535 	0.0121751 	3.28549 	1.38444e-20
6.7329 	0.848535 	0.0121751 	3.28549 	1.38444e-20
6.80304 	0.848535 	0.0121751 	3.28549 	1.38444e-20
6.87317 	0.794776 	0.0157266 	3.29941 	-1.29537e-20
6.9433 	0.794776 	0.0157266 	3.29941 	-1.29537e-20
7.01344 	0.794776 	0.0157266 	3.29941 	-1.29537e-20
7.08357 	0.794776 	0.0157266 	3.29941 	-1.29537e-20
7.15371 	0.794776 	0.0157266 	3.29941 	-1.29537e-20
7.22384 	0.794776 	0.0157266 	3.29941 	-1.29537e-20
7.29398 	0.745329 	0.013633 	3.317 	0
7.36411 	0.745329 	0.013633 	3.317 	0
7.43425 	0.745329 	0.013633 	3.317 	0
7.50438 	0.745329 	0.013633 	3.317 	0
7.57451 	0.745329 	0.013633 	3.317 	0
7.64465 	0.745329 	0.013633 	3.317 	0
7.71478 	0.745329 	0.013633 	3.317 	0
7.78492 	0.699598 	0.0180187 	3.3281 	0
7.85505 	0.699598 	0.0180187 	3.3281 	0
7.92519 	0.699598 	0.0180187 	3.3281 	0
7.99532 	0.699598 	0.0180187 	3.3281 	0
8.06545 	0.699598 	0.0180187 	3.3281 	0
8.13559 	0.699598 	0.0180187 	3.3281 	0
8.20572 	0.657472 	0.0164795 	3.34366 	0
8.27586 	0.657472 	0.0164795 	3.34366 	0
8.34599 	0.657472 	0.0164795 	3.34366 	0
8.41613 	0.657472 	0.0164795 	3.34366 	0
8.48626 	0.657472 	0.0164795 	3.34366 	0
8.5564 	0.657472 	0.0164795 	3.34366 	0
8.62653 	0.618164 	0.0219475 	3.35241 	2.38598e-22
8.69666 	0.618164 	0.0219475 	3.35241 	2.38598e-22
8.7668 	0.618164 	0.0219475 	3.35241 	2.38598e-22
8.83693 	0.618164 	0.0219475 	3.35241 	2.38598e-22
8.90707 	0.618164 	0.0219475 	3.35241 	2.38598e-22
8.9772 	0.618164 	0.0219475 	3.35241 	2.38598e-22
9.04734 	0.581505 	0.0212512 	3.36659 	-1.38729e-19
9.11747 	0.581505 	0.0212512 	3.36659 	-1.38729e-19
9.18761 	0.581505 	0.0212512 	3.36659 	-1.38729e-19
9.25774 	0.565424 	0.0175019 	3.36972 	-1.88177e-20
9.32787 	0.565424 	0.0175019 	3.36972 	-1.88177e-20
9.39801 	0.565424 	0.0175019 	3.36972 	-1.88177e-20
9.46814 	0.565424 	0.0175019 	3.36972 	-1.88177e-20
9.53828 	0.529337 	0.0257782 	3.37767 	-1.41609e-19
9.60841 	0.529337 	0.0257782 	3.37767 	-1.41609e-19
9.67855 	0.529337 	0.0257782 	3.37767 	-1.41609e-19
9.74868 	0.529337 	0.0257782 	3.37767 	-1.41609e-19
9.81881 	0.529337 	0.0257782 	3.37767 	-1.41609e-19
9.88895 	0.529337 	0.0257782 	3.37767 	-1.41609e-19
9.95908 	0.494568 	0.0265075 	3.39093 	-8.15107e-21
10.0292 	0.494568 	0.0265075 	3.39093 	-8.15107e-21
10.0994 	0.494568 	0.0265075 	3.39093 	-8.15107e-21
10.1695 	0.494568 	0.0265075 	3.39093 	-8.15107e-21
10.2396 	0.494568 	0.0265075 	3.39093 	-8.15107e-21
10.3098 	0.494568 	0.0265075 	3.39093 	-8.15107e-21
10.3799 	0.460439 	0.0374319 	3.39788 	1.14598e-19
10.45 	0.460439 	0.0374319 	3.39788 	1.14598e-19
10.5202 	0.460439 	0.0374319 	3.39788 	1.14598e-19
10.5903 	0.460439 	0.0374319 	3.39788 	1.14598e-19
10.6604 	0.460439 	0.0374319 	3.39788 	1.14598e-19
10.7306 	0.460439 	0.0374319 	3.39788 	1.14598e-19
10.8007 	0.426649 	0.0406466 	3.41108 	-1.21695e-19
10.8708 	0.426649 	0.0406466 	3.41108 	-1.21695e-19
10.941 	0.426649 	0.0406466 	3.41108 	-1.21695e-19
11.0111 	0.426649 	0.0406466 	3.41108 	-1.21695e-19
11.0812 	0.426649 	0.0406466 	3.41108 	-1.21695e-19
11.1514 	0.426649 	0.0406466 	3.41108 	-1.21695e-19
11.2215 	0.426649 	0.0406466 	3.41108 	-1.21695e-19
11.2916 	0.39231 	0.0557387 	3.41763 	-1.93277e-19
11.3618 	0.39231 	0.0557387 	3.41763 	-1.93277e-19
11.4319 	0.39231 	0.0557387 	3.41763 	-1.93277e-19
11.502 	0.39231 	0.0557387 	3.41763 	-1.93277e-19
11.5722 	0.39231 	0.0557387 	3.41763 	-1.93277e-19
11.6423 	0.39231 	0.0557387 	3.41763 	-1.93277e-19
11.7124 	0.356714 	0.0629012 	3.43152 	1.87196e-19
11.7826 	0.356714 	0.0629012 	3.43152 	1.87196e-19
11.8527 	0.356714 	0.0629012 	3.43152 	1.87196e-19
11.9228 	0.356714 	0.0629012 	3.43152 	1.87196e-19
11.993 	0.356714 	0.0629012 	3.43152 	1.87196e-19
12.0631 	0.356714 	0.0629012 	3.43152 	1.87196e-19
12.1332 	0.318305 	0.084697 	3.43888 	0
12.2034 	0.318305 	0.084697 	3.43888 	0
12.2735 	0.318305 	0.084697 	3.43888 	0
12.3437 	0.318305 	0.084697 	3.43888 	0
12.4138 	0.318305 	0.084697 	3.43888 	0
12.4839 	0.318305 	0.084697 	3.43888 	0
12.5541 	0.318305 	0.084697 	3.43888 	0
12.6242 	0.275901 	0.0966417 	3.45443 	-3.99841e-21
12.6943 	0.275901 	0.0966417 	3.45443 	-3.99841e-21
12.7645 	0.275901 	0.0966417 	3.45443 	-3.99841e-21
12.8346 	0.275901 	0.0966417 	3.45443 	-3.99841e-21
12.9047 	0.275901 	0.0966417 	3.45443 	-3.99841e-21
12.9749 	0.275901 	0.0966417 	3.45443 	-3.99841e-21
13.045 	0.227955 	0.127963 	3.46428 	4.12656e-21
13.1151 	0.227955 	0.127963 	3.46428 	4.12656e-21
13.1853 	0.227955 	0.127963 	3.46428 	4.12656e-21
13.2554 	0.227955 	0.127963 	3.46428 	4.12656e-21
13.3255 	0.227955 	0.127963 	3.46428 	4.12656e-21
13.3957 	0.227955 	0.127963 	3.46428 	4.12656e-21
13.4658 	0.227955 	0.127963 	3.46428 	4.12656e-21
13.5359 	0.173951 	0.145636 	3.48227 	0
13.6061 	0.173951 	0.145636 	3.48227 	0
13.6762 	0.173951 	0.145636 	3.48227 	0
13.7463 	0.173951 	0.145636 	3.48227 	0
13.8165 	0.173951 	0.145636 	3.48227 	0
13.8866 	0.173951 	0.145636 	3.48227 	0
13.9567 	0.114502 	0.204018 	3.4999 	1.07965e-21
14.0269 	0.114502 	0.204018 	3.4999 	1.07965e-21
14.097 	0.114502 	0.204018 	3.4999 	1.07965e-21
14.1671 	0.114502 	0.204018 	3.4999 	1.07965e-21
14.2373 	0.114502 	0.204018 	3.4999 	1.07965e-21
14.3074 	0.114502 	0.204018 	3.4999 	1.07965e-21
14.3776 	0.0836008 	0.20213 	3.50546 	2.17101e-20
14.4477 	-0.0429657 	0.20427 	3.54026 	1.82012e-21
14.5178 	-0.0429657 	0.20427 	3.54026 	1.82012e-21
14.588 	-0.0429657 	0.20427 	3.54026 	1.82012e-21
14.6581 	-0.0209409 	0.221113 	3.53207 	0
14.7282 	-0.0209409 	0.221113 	3.53207 	0
14.7984 	-0.126744 	0.23849 	3.56231 	5.18614e-20
14.8685 	-0.0915591 	0.268415 	3.54996 	4.24634e-20
14.9386 	-0.0915591 	0.268415 	3.54996 	4.24634e-20
15.0088 	-0.0915591 	0.268415 	3.54996 	4.24634e-20
15.0789 	-0.0915591 	0.268415 	3.54996 	4.24634e-20
15.149 	-0.0477176 	0.289434 	3.53691 	-6.47096e-20
15.2192 	-0.169979 	0.313934 	3.57972 	-1.00206e-19
15.2893 	-0.169979 	0.313934 	3.57972 	-1.00206e-19
15.3594 	-0.169979 	0.313934 	3.57972 	-1.00206e-19
15.4296 	-0.12611 	0.339228 	3.55474 	9.91678e-20
15.4997 	-0.12611 	0.339228 	3.55474 	9.91678e-20
15.5698 	-0.248223 	0.355306 	3.59002 	-1.60192e-19
15.64 	-0.248223 	0.355306 	3.59002 	-1.60192e-19
15.7101 	-0.248223 	0.355306 	3.59002 	-1.60192e-19
15.7802 	-0.197657 	0.377362 	3.58344 	1.93018e-19
15.8504 	-0.197657 	0.377362 	3.58344 	1.93018e-19
15.9205 	-0.318789 	0.407652 	3.59814 	9.1809e-20
15.9906 	-0.318789 	0.407652 	3.59814 	9.1809e-20
16.0608 	-0.318789 	0.407652 	3.59814 	9.1809e-20
16.1309 	-0.254131 	0.437517 	3.57752 	0
16.201 	-0.254131 	0.437517 	3.57752 	0
16.2712 	-0.374698 	0.451212 	3.61335 	0
16.3413 	-0.374698 	0.451212 	3.61335 	0
16.4114 	-0.374698 	0.451212 	3.61335 	0
16.4816 	-0.374698 	0.451212 	3.61335 	0
16.5517 	-0.286795 	0.474686 	3.58583 	2.14226e-19
16.6219 	-0.401465 	0.511868 	3.61865 	7.1333e-20
16.692 	-0.401465 	0.511868 	3.61865 	7.1333e-20
16.7621 	-0.401465 	0.511868 	3.61865 	7.1333e-20
16.8323 	-0.401465 	0.511868 	3.61865 	7.1333e-20
16.9024 	-0.401465 	0.511868 	3.61865 	7.1333e-20
16.9725 	-0.390558 	0.573309 	3.60442 	0
17.0427 	-0.390558 	0.573309 	3.60442 	0
17.1128 	-0.390558 	0.573309 	3.60442 	0
17.1829 	-0.390558 	0.573309 	3.60442 	0
17.2531 	-0.489373 	0.608919 	3.62832 	0
17.3232 	-0.489373 	0.608919 	3.62832 	0
17.3933 	-0.489373 	0.608919 	3.62832 	0
17.4635 	-0.351123 	0.646482 	3.59541 	-1.62942e-19
17.5336 	-0.351123 	0.646482 	3.59541 	-1.62942e-19
17.6037 	-0.436131 	0.670993 	3.60779 	0
17.6739 	-0.436131 	0.670993 	3.60779 	0
17.744 	-0.436131 	0.670993 	3.60779 	0
17.8141 	-0.436131 	0.670993 	3.60779 	0
17.8843 	-0.436131 	0.670993 	3.60779 	0
17.9544 	-0.368485 	0.73781 	3.58297 	-3.03193e-19
18.0245 	-0.368485 	0.73781 	3.58297 	-3.03193e-19
18.0947 	-0.368485 	0.73781 	3.58297 	-3.03193e-19
18.1648 	-0.368485 	0.73781 	3.58297 	-3.03193e-19
18.2349 	-0.438311 	0.762828 	3.59422 	3.7081e-19
18.3051 	-0.438311 	0.762828 	3.59422 	3.7081e-19
18.3752 	-0.438311 	0.762828 	3.59422 	3.7081e-19
18.4453 	-0.438311 	0.762828 	3.59422 	3.7081e-19
18.5155 	-0.438311 	0.762828 	3.59422 	3.7081e-19
18.5856 	-0.363771 	0.801561 	3.56077 	4.64038e-19
18.6557 	-0.363771 	0.801561 	3.56077 	4.64038e-19
18.7259 	-0.363771 	0.801561 	3.56077 	4.64038e-19
18.796 	-0.363771 	0.801561 	3.56077 	4.64038e-19
18.8662 	-0.430414 	0.834754 	3.57155 	-5.52097e-19
18.9363 	-0.430414 	0.834754 	3.57155 	-5.52097e-19
19.0064 	-0.430414 	0.834754 	3.57155 	-5.52097e-19
19.0766 	-0.430414 	0.834754 	3.57155 	-5.52097e-19
19.1467 	-0.430414 	0.834754 	3.57155 	-5.52097e-19
19.2168 	-0.494807 	0.877537 	3.59407 	-2.26215e-19
19.287 	-0.347931 	0.847529 	3.50991 	-2.09101e-19
19.3571 	-0.347931 	0.847529 	3.50991 	-2.09101e-19
19.4272 	-0.347931 	0.847529 	3.50991 	-2.09101e-19
19.4974 	-0.347931 	0.847529 	3.50991 	-2.09101e-19
19.5675 	-0.409532 	0.887306 	3.52804 	-1.83821e-19
19.6376 	-0.409532 	0.887306 	3.52804 	-1.83821e-19
19.7078 	-0.409532 	0.887306 	3.52804 	-1.83821e-19
19.7779 	-0.409532 	0.887306 	3.52804 	-1.83821e-19
19.848 	-0.409532 	0.887306 	3.52804 	-1.83821e-19
19.9182 	-0.469801 	0.934414 	3.55981 	1.03445e-19
19.9883 	-0.469801 	0.934414 	3.55981 	1.03445e-19
20.0584 	-0.310581 	0.874666 	3.37976 	0
20.1286 	-0.310581 	0.874666 	3.37976 	0
20.1987 	-0.310581 	0.874666 	3.37976 	0
20.2688 	-0.367746 	0.920699 	3.43007 	-1.08657e-19
20.339 	-0.367746 	0.920699 	3.43007 	-1.08657e-19
20.4091 	-0.367746 	0.920699 	3.43007 	-1.08657e-19
20.4792 	-0.367746 	0.920699 	3.43007 	-1.08657e-19
20.5494 	-0.367746 	0.920699 	3.43007 	-1.08657e-19
20.6195 	-0.425051 	0.969438 	3.47712 	-3.41464e-20
20.6896 	-0.425051 	0.969438 	3.47712 	-3.41464e-20
20.7598 	-0.425051 	0.969438 	3.47712 	-3.41464e-20
20.8299 	-0.425051 	0.969438 	3.47712 	-3.41464e-20
20.9 	-0.29275 	0.86133 	3.03357 	-3.44266e-19
20.9702 	-0.33884 	0.921538 	3.16626 	-2.65103e-19
21.0403 	-0.33884 	0.921538 	3.16626 	-2.65103e-19
21.1105 	-0.33884 	0.921538 	3.16626 	-2.65103e-19
21.1806 	-0.33884 	0.921538 	3.16626 	-2.65103e-19
21.2507 	-0.33884 	0.921538 	3.16626 	-2.65103e-19
21.3209 	-0.388097 	0.970162 	3.24766 	1.52364e-19
21.391 	-0.388097 	0.970162 	3.24766 	1.52364e-19
21.4611 	-0.388097 	0.970162 	3.24766 	1.52364e-19
21.5313 	-0.388097 	0.970162 	3.24766 	1.52364e-19
21.6014 	-0.388097 	0.970162 	3.24766 	1.52364e-19
21.6715 	-0.388097 	0.970162 	3.24766 	1.52364e-19
21.7417 	-0.441404 	1.02556 	3.33112 	-1.24452e-19
21.8118 	-0.441404 	1.02556 	3.33112 	-1.24452e-19
21.8819 	-0.441404 	1.02556 	3.33112 	-1.24452e-19
21.9521 	-0.342961 	0.847733 	2.61996 	-7.82184e-20
22.0222 	-0.342961 	0.847733 	2.61996 	-7.82184e-20
22.0923 	-0.382126 	0.894033 	2.69921 	-4.74922e-19
22.1625 	-0.382126 	0.894033 	2.69921 	-4.74922e-19
22.2326 	-0.382126 	0.894033 	2.69921 	-4.74922e-19
22.3027 	-0.382126 	0.894033 	2.69921 	-4.74922e-19
22.3729 	-0.382126 	0.894033 	2.69921 	-4.74922e-19
22.443 	-0.382126 	0.894033 	2.69921 	-4.74922e-19
22.5131 	-0.421219 	0.966736 	2.87084 	-3.51754e-20
22.5833 	-0.421219 	0.966736 	2.87084 	-3.51754e-20
22.6534 	-0.421219 	0.966736 	2.87084 	-3.51754e-20
22.7235 	-0.421219 	0.966736 	2.87084 	-3.51754e-20
22.7937 	-0.421219 	0.966736 	2.87084 	-3.51754e-20
22.8638 	-0.45938 	1.01315 	2.92628 	2.6656e-19
22.9339 	-0.45938 	1.01315 	2.92628 	2.6656e-19
23.0041 	-0.45938 	1.01315 	2.92628 	2.6656e-19
23.0742 	-0.368004 	0.763489 	2.05264 	-3.30688e-19
23.1443 	-0.368004 	0.763489 	2.05264 	-3.30688e-19
23.2145 	-0.368004 	0.763489 	2.05264 	-3.30688e-19
23.2846 	-0.397258 	0.818717 	2.17092 	-8.44909e-20
23.3548 	-0.397258 	0.818717 	2.17092 	-8.44909e-20
23.4249 	-0.397258 	0.818717 	2.17092 	-8.44909e-20
23.495 	-0.397258 	0.818717 	2.17092 	-8.44909e-20
23.5652 	-0.397258 	0.818717 	2.17092 	-8.44909e-20
23.6353 	-0.397258 	0.818717 	2.17092 	-8.44909e-20
23.7054 	-0.426576 	0.857655 	2.20829 	-1.42834e-19
23.7756 	-0.426576 	0.857655 	2.20829 	-1.42834e-19
23.8457 	-0.426576 	0.857655 	2.20829 	-1.42834e-19
23.9158 	-0.426576 	0.857655 	2.20829 	-1.42834e-19
23.986 	-0.426576 	0.857655 	2.20829 	-1.42834e-19
24.0561 	-0.426576 	0.857655 	2.20829 	-1.42834e-19
24.1262 	-0.45236 	0.914465 	2.30919 	0
24.1964 	-0.45236 	0.914465 	2.30919 	0
24.2665 	-0.45236 	0.914465 	2.30919 	0
24.3366 	-0.45236 	0.914465 	2.30919 	0
24.4068 	-0.45236 	0.914465 	2.30919 	0
24.4769 	-0.41823 	0.682956 	1.69901 	-2.92577e-19
24.547 	-0.41823 	0.682956 	1.69901 	-2.92577e-19
24.6172 	-0.440429 	0.697623 	1.72017 	-4.5865e-19
24.6873 	-0.440429 	0.697623 	1.72017 	-4.5865e-19
24.7574 	-0.440429 	0.697623 	1.72017 	-4.5865e-19
24.8276 	-0.440429 	0.697623 	1.72017 	-4.5865e-19
24.8977 	-0.440429 	0.697623 	1.72017 	-4.5865e-19
24.9678 	-0.440429 	0.697623 	1.72017 	-4.5865e-19
25.038 	-0.462282 	0.733228 	1.7618 	1.50274e-19
25.1081 	-0.462282 	0.733228 	1.7618 	1.50274e-19
25.1782 	-0.462282 	0.733228 	1.7618 	1.50274e-19
25.2484 	-0.462282 	0.733228 	1.7618 	1.50274e-19
25.3185 	-0.462282 	0.733228 	1.7618 	1.50274e-19
25.3886 	-0.462282 	0.733228 	1.7618 	1.50274e-19
25.4588 	-0.484483 	0.744483 	1.77683 	0
25.5289 	-0.484483 	0.744483 	1.77683 	0
25.5991 	-0.484483 	0.744483 	1.77683 	0
25.6692 	-0.484483 	0.744483 	1.77683 	0
25.7393 	-0.484483 	0.744483 	1.77683 	0
25.8095 	-0.484483 	0.744483 	1.77683 	0
25.8796 	-0.484483 	0.744483 	1.77683 	0
25.9497 	-0.505725 	0.777396 	1.79158 	-3.02022e-19
26.0199 	-0.505725 	0.777396 	1.79158 	-3.02022e-19
26.09 	-0.478436 	0.674307 	1.52194 	-2.60892e-19
26.1601 	-0.478436 	0.674307 	1.52194 	-2.60892e-19
26.2303 	-0.478436 	0.674307 	1.52194 	-2.60892e-19
26.3004 	-0.478436 	0.674307 	1.52194 	-2.60892e-19
26.3705 	-0.478436 	0.674307 	1.52194 	-2.60892e-19
26.4407 	-0.486438 	0.691764 	1.51195 	6.21522e-19
26.5108 	-0.486438 	0.691764 	1.51195 	6.21522e-19
26.5809 	-0.486438 	0.691764 	1.51195 	6.21522e-19
26.6511 	-0.486438 	0.691764 	1.51195 	6.21522e-19
26.7212 	-0.486438 	0.691764 	1.51195 	6.21522e-19
26.7913 	-0.486438 	0.691764 	1.51195 	6.21522e-19
26.8615 	-0.486438 	0.691764 	1.51195 	6.21522e-19
26.9316 	-0.492516 	0.714435 	1.52217 	-3.71592e-19
27.0017 	-0.492516 	0.714435 	1.52217 	-3.71592e-19
27.0719 	-0.492516 	0.714435 	1.52217 	-3.71592e-19
27.142 	-0.492516 	0.714435 	1.52217 	-3.71592e-19
27.2121 	-0.492516 	0.714435 	1.52217 	-3.71592e-19
27.2823 	-0.492516 	0.714435 	1.52217 	-3.71592e-19
27.3524 	-0.493589 	0.731419 	1.50559 	-1.19376e-19
27.4225 	-0.493589 	0.731419 	1.50559 	-1.19376e-19
27.4927 	-0.493589 	0.731419 	1.50559 	-1.19376e-19
27.5628 	-0.493589 	0.731419 	1.50559 	-1.19376e-19
27.6329 	-0.493589 	0.731419 	1.50559 	-1.19376e-19
27.7031 	-0.493589 	0.731419 	1.50559 	-1.19376e-19
27.7732 	-0.493589 	0.731419 	1.50559 	-1.19376e-19
27.8434 	-0.493589 	0.731419 	1.50559 	-1.19376e-19
27.9135 	-0.487568 	0.750358 	1.50702 	-1.10104e-19
27.9836 	-0.487568 	0.750358 	1.50702 	-1.10104e-19
28.0538 	-0.487568 	0.750358 	1.50702 	-1.10104e-19
28.1239 	-0.487568 	0.750358 	1.50702 	-1.10104e-19
28.194 	-0.487568 	0.750358 	1.50702 	-1.10104e-19
28.2642 	-0.487568 	0.750358 	1.50702 	-1.10104e-19
28.3343 	-0.501952 	0.73142 	1.46677 	1.23449e-19
28.4044 	-0.501417 	0.753354 	1.45813 	-2.29909e-19
28.4746 	-0.501417 	0.753354 	1.45813 	-2.29909e-19
28.5447 	-0.501417 	0.753354 	1.45813 	-2.29909e-19
28.6148 	-0.501417 	0.753354 	1.45813 	-2.29909e-19
28.685 	-0.501417 	0.753354 	1.45813 	-2.29909e-19
28.7551 	-0.501417 	0.753354 	1.45813 	-2.29909e-19
28.8252 	-0.501417 	0.753354 	1.45813 	-2.29909e-19
28.8954 	-0.501417 	0.753354 	1.45813 	-2.29909e-19
28.9655 	-0.49839 	0.78576 	1.46147 	-2.27015e-19
29.0356 	-0.49839 	0.78576 	1.46147 	-2.27015e-19
29.1058 	-0.49839 	0.78576 	1.46147 	-2.27015e-19
29.1759 	-0.49839 	0.78576 	1.46147 	-2.27015e-19
29.246 	-0.49839 	0.78576 	1.46147 	-2.27015e-19
29.3162 	-0.49839 	0.78576 	1.46147 	-2.27015e-19
29.3863 	-0.49839 	0.78576 	1.46147 	-2.27015e-19
29.4564 	-0.494494 	0.813478 	1.42934 	2.12235e-19
29.5266 	-0.494494 	0.813478 	1.42934 	2.12235e-19
29.5967 	-0.494494 	0.813478 	1.42934 	2.12235e-19
29.6668 	-0.494494 	0.813478 	1.42934 	2.12235e-19
29.737 	-0.494494 	0.813478 	1.42934 	2.12235e-19
29.8071 	-0.494494 	0.813478 	1.42934 	2.12235e-19
29.8773 	-0.494494 	0.813478 	1.42934 	2.12235e-19
29.9474 	-0.494494 	0.813478 	1.42934 	2.12235e-19
30.0175 	-0.497055 	0.858466 	1.41456 	-2.16589e-19
30.0877 	-0.497055 	0.858466 	1.41456 	-2.16589e-19
30.1578 	-0.497055 	0.858466 	1.41456 	-2.16589e-19
30.2279 	-0.497055 	0.858466 	1.41456 	-2.16589e-19
30.2981 	-0.497055 	0.858466 	1.41456 	-2.16589e-19
30.3682 	-0.497055 	0.858466 	1.41456 	-2.16589e-19
30.4383 	-0.497055 	0.858466 	1.41456 	-2.16589e-19
30.5085 	-0.497055 	0.858466 	1.41456 	-2.16589e-19
30.5786 	-0.513903 	0.915119 	1.36971 	4.16614e-19
30.6487 	-0.513903 	0.915119 	1.36971 	4.16614e-19
30.7189 	-0.513903 	0.915119 	1.36971 	4.16614e-19
30.789 	-0.513903 	0.915119 	1.36971 	4.16614e-19
30.8591 	-0.513903 	0.915119 	1.36971 	4.16614e-19
30.9293 	-0.513903 	0.915119 	1.36971 	4.16614e-19
30.9994 	-0.513903 	0.915119 	1.36971 	4.16614e-19
31.0695 	-0.513903 	0.915119 	1.36971 	4.16614e-19
31.1397 	-0.554619 	1.00234 	1.33751 	-2.14213e-19
31.2098 	-0.554619 	1.00234 	1.33751 	-2.14213e-19
31.2799 	-0.554619 	1.00234 	1.33751 	-2.14213e-19
31.3501 	-0.554619 	1.00234 	1.33751 	-2.14213e-19
31.4202 	-0.554619 	1.00234 	1.33751 	-2.14213e-19
31.4903 	-0.554619 	1.00234 	1.33751 	-2.14213e-19
31.5605 	-0.594455 	0.896266 	1.28819 	3.63029e-19
31.6306 	-0.594455 	0.896266 	1.28819 	3.63029e-19
31.7007 	-0.654931 	0.950983 	1.2089 	-1.24298e-19
31.7709 	-0.654931 	0.950983 	1.2089 	-1.24298e-19
31.841 	-0.654931 	0.950983 	1.2089 	-1.24298e-19
31.9111 	-0.654931 	0.950983 	1.2089 	-1.24298e-19
31.9813 	-0.654931 	0.950983 	1.2089 	-1.24298e-19
32.0514 	-0.654931 	0.950983 	1.2089 	-1.24298e-19
32.1216 	-0.654931 	0.950983 	1.2089 	-1.24298e-19
32.1917 	-0.654931 	0.950983 	1.2089 	-1.24298e-19
32.2618 	-0.654931 	0.950983 	1.2089 	-1.24298e-19
32.332 	-0.75116 	1.00285 	1.10504 	0
32.4021 	-0.75116 	1.00285 	1.10504 	0
32.4722 	-0.75116 	1.00285 	1.10504 	0
32.5424 	-0.75116 	1.00285 	1.10504 	0
32.6125 	-0.75116 	1.00285 	1.10504 	0
32.6826 	-0.75116 	1.00285 	1.10504 	0
32.7528 	-0.75116 	1.00285 	1.10504 	0
32.8229 	-0.75116 	1.00285 	1.10504 	0
32.893 	-0.75116 	1.00285 	1.10504 	0
32.9632 	-0.891127 	1.03215 	0.988038 	0
33.0333 	-0.891127 	1.03215 	0.988038 	0
33.1034 	-0.891127 	1.03215 	0.988038 	0
33.1736 	-0.891127 	1.03215 	0.988038 	0
33.2437 	-0.891127 	1.03215 	0.988038 	0
33.3138 	-0.891127 	1.03215 	0.988038 	0
33.384 	-0.891127 	1.03215 	0.988038 	0
33.4541 	-0.891127 	1.03215 	0.988038 	0
33.5242 	-0.891127 	1.03215 	0.988038 	0
33.5944 	-1.08889 	0.973005 	0.894385 	9.10492e-20
33.6645 	-1.08889 	0.973005 	0.894385 	9.10492e-20
33.7346 	-1.08889 	0.973005 	0.894385 	9.10492e-20
33.8048 	-1.08889 	0.973005 	0.894385 	9.10492e-20
33.8749 	-1.08889 	0.973005 	0.894385 	9.10492e-20
33.945 	-1.08889 	0.973005 	0.894385 	9.10492e-20
34.0152 	-1.08889 	0.973005 	0.894385 	9.10492e-20
34.0853 	-1.08889 	0.973005 	0.894385 	9.10492e-20
34.1554 	-1.08889 	0.973005 	0.894385 	9.10492e-20
34.2256 	-1.30701 	0.806235 	0.816331 	-1.20821e-19
34.2957 	-1.30701 	0.806235 	0.816331 	-1.20821e-19
34.3659 	-1.30701 	0.806235 	0.816331 	-1.20821e-19
34.436 	-1.30701 	0.806235 	0.816331 	-1.20821e-19
34.5061 	-1.30701 	0.806235 	0.816331 	-1.20821e-19
34.5763 	-1.30701 	0.806235 	0.816331 	-1.20821e-19
34.6464 	-1.30701 	0.806235 	0.816331 	-1.20821e-19
34.7165 	-1.30701 	0.806235 	0.816331 	-1.20821e-19
34.7867 	-1.30701 	0.806235 	0.816331 	-1.20821e-19
34.8568 	-1.30701 	0.806235 	0.816331 	-1.20821e-19
34.9269 	-1.45865 	0.4935 	0.802604 	2.59339e-19
34.9971 	-1.45865 	0.4935 	0.802604 	2.59339e-19
35.0672 	-1.45865 	0.4935 	0.802604 	2.59339e-19
35.1373 	-1.45865 	0.4935 	0.802604 	2.59339e-19
35.2075 	-1.45865 	0.4935 	0.802604 	2.59339e-19
35.2776 	-1.45865 	0.4935 	0.802604 	2.59339e-19
35.3477 	-1.45865 	0.4935 	0.802604 	2.59339e-19
35.4179 	-1.45865 	0.4935 	0.802604 	2.59339e-19
35.488 	-1.45865 	0.4935 	0.802604 	2.59339e-19
35.5581 	-1.45865 	0.4935 	0.802604 	2.59339e-19
35.6283 	-1.45639 	0.111676 	0.852678 	-4.86266e-20
35.6984 	-1.45639 	0.111676 	0.852678 	-4.86266e-20
35.7685 	-1.45639 	0.111676 	0.852678 	-4.86266e-20
35.8387 	-1.45639 	0.111676 	0.852678 	-4.86266e-20
35.9088 	-1.45639 	0.111676 	0.852678 	-4.86266e-20
35.9789 	-1.45639 	0.111676 	0.852678 	-4.86266e-20
36.0491 	-1.45639 	0.111676 	0.852678 	-4.86266e-20
36.1192 	-1.45639 	0.111676 	0.852678 	-4.86266e-20
36.1893 	-1.45639 	0.111676 	0.852678 	-4.86266e-20
36.2595 	-1.45639 	0.111676 	0.852678 	-4.86266e-20
36.3296 	-1.36847 	-0.264902 	0.954491 	6.0778e-20
36.3997 	-1.36847 	-0.264902 	0.954491 	6.0778e-20
36.4699 	-1.36847 	-0.264902 	0.954491 	6.0778e-20
36.54 	-1.36847 	-0.264902 	0.954491 	6.0778e-20
36.6102 	-1.36847 	-0.264902 	0.954491 	6.0778e-20
36.6803 	-1.36847 	-0.264902 	0.954491 	6.0778e-20
36.7504 	-1.36847 	-0.264902 	0.954491 	6.0778e-20
36.8206 	-1.36847 	-0.264902 	0.954491 	6.0778e-20
36.8907 	-1.36847 	-0.264902 	0.954491 	6.0778e-20
36.9608 	-1.36847 	-0.264902 	0.954491 	6.0778e-20
37.031 	-1.36847 	-0.264902 	0.954491 	6.0778e-20
37.1011 	-1.16664 	-0.511047 	1.05495 	0
37.1712 	-1.16664 	-0.511047 	1.05495 	0
37.2414 	-1.16664 	-0.511047 	1.05495 	0
37.3115 	-1.16664 	-0.511047 	1.05495 	0
37.3816 	-1.16664 	-0.511047 	1.05495 	0
37.4518 	-1.16664 	-0.511047 	1.05495 	0
37.5219 	-1.16664 	-0.511047 	1.05495 	0
37.592 	-1.16664 	-0.511047 	1.05495 	0
37.6622 	-0.947343 	-0.661111 	1.16499 	0
37.7323 	-0.947343 	-0.661111 	1.16499 	0
37.8024 	-0.947343 	-0.661111 	1.16499 	0
37.8726 	-0.947343 	-0.661111 	1.16499 	0
37.9427 	-0.947343 	-0.661111 	1.16499 	0
38.0128 	-0.947343 	-0.661111 	1.16499 	0
38.083 	-0.947343 	-0.661111 	1.16499 	0
38.1531 	-0.947343 	-0.661111 	1.16499 	0
38.2232 	-0.947343 	-0.661111 	1.16499 	0
38.2934 	-0.732464 	-0.742221 	1.28116 	0
38.3635 	-0.732464 	-0.742221 	1.28116 	0
38.4336 	-0.732464 	-0.742221 	1.28116 	0
38.5038 	-0.732464 	-0.742221 	1.28116 	0
38.5739 	-0.732464 	-0.742221 	1.28116 	0
38.644 	-0.732464 	-0.742221 	1.28116 	0
38.7142 	-0.732464 	-0.742221 	1.28116 	0
38.7843 	-0.732464 	-0.742221 	1.28116 	0
38.8545 	-0.732464 	-0.742221 	1.28116 	0
38.9246 	-0.54005 	-0.766036 	1.39205 	0
38.9947 	-0.54005 	-0.766036 	1.39205 	0
39.0649 	-0.54005 	-0.766036 	1.39205 	0
39.135 	-0.54005 	-0.766036 	1.39205 	0
39.2051 	-0.54005 	-0.766036 	1.39205 	0
39.2753 	-0.54005 	-0.766036 	1.39205 	0
39.3454 	-0.54005 	-0.766036 	1.39205 	0
39.4155 	-0.54005 	-0.766036 	1.39205 	0
39.4857 	-0.54005 	-0.766036 	1.39205 	0
39.5558 	-0.378018 	-0.745322 	1.49257 	0
39.6259 	-0.378018 	-0.745322 	1.49257 	0
39.6961 	-0.378018 	-0.745322 	1.49257 	0
39.7662 	-0.378018 	-0.745322 	1.49257 	0
39.8363 	-0.378018 	-0.745322 	1.49257 	0
39.9065 	-0.378018 	-0.745322 	1.49257 	0
39.9766 	-0.378018 	-0.745322 	1.49257 	0
40.0467 	-0.378018 	-0.745322 	1.49257 	0
40.1169 	-0.25256 	-0.693664 	1.57726 	0
40.187 	-0.25256 	-0.693664 	1.57726 	0
40.2571 	-0.25256 	-0.693664 	1.57726 	0
40.3273 	-0.25256 	-0.693664 	1.57726 	0
40.3974 	-0.25256 	-0.693664 	1.57726 	0
40.4675 	-0.25256 	-0.693664 	1.57726 	0
40.5377 	-0.25256 	-0.693664 	1.57726 	0
40.6078 	-0.25256 	-0.693664 	1.57726 	0
40.6779 	-0.25256 	-0.693664 	1.57726 	0
40.7481 	-0.161658 	-0.627362 	1.64277 	0
40.8182 	-0.161658 	-0.627362 	1.64277 	0
40.8883 	-0.161658 	-0.627362 	1.64277 	0
40.9585 	-0.161658 	-0.627362 	1.64277 	0
41.0286 	-0.161658 	-0.627362 	1.64277 	0
41.0988 	-0.161658 	-0.627362 	1.64277 	0
41.1689 	-0.161658 	-0.627362 	1.64277 	0
41.239 	-0.161658 	-0.627362 	1.64277 	0
41.3092 	-0.161658 	-0.627362 	1.64277 	0
41.3793 	-0.0959312 	-0.558332 	1.69145 	0
41.4494 	-0.0959312 	-0.558332 	1.69145 	0
41.5196 	-0.0959312 	-0.558332 	1.69145 	0
41.5897 	-0.0959312 	-0.558332 	1.69145 	0
41.6598 	-0.0959312 	-0.558332 	1.69145 	0
41.73 	-0.0959312 	-0.558332 	1.69145 	0
41.8001 	-0.0959312 	-0.558332 	1.69145 	0
41.8702 	-0.0959312 	-0.558332 	1.69145 	0
41.9404 	-0.0959312 	-0.558332 	1.69145 	0
42.0105 	-0.0486968 	-0.492136 	1.7274 	0
42.0806 	-0.0486968 	-0.492136 	1.7274 	0
42.1508 	-0.0486968 	-0.492136 	1.7274 	0
42.2209 	-0.0486968 	-0.492136 	1.7274 	0
42.291 	-0.0486968 	-0.492136 	1.7274 	0
42.3612 	-0.0486968 	-0.492136 	1.7274 	0
42.4313 	-0.0486968 	-0.492136 	1.7274 	0
42.5014 	-0.0486968 	-0.492136 	1.7274 	0
42.5716 	-0.0486968 	-0.492136 	1.7274 	0
42.6417 	-0.0149355 	-0.431119 	1.75406 	0
42.7118 	-0.0149355 	-0.431119 	1.75406 	0
42.782 	-0.0149355 	-0.431119 	1.75406 	0
42.8521 	-0.0149355 	-0.431119 	1.75406 	0
42.9222 	-0.0149355 	-0.431119 	1.75406 	0
42.9924 	-0.0149355 	-0.431119 	1.75406 	0
43.0625 	-0.0149355 	-0.431119 	1.75406 	0
43.1327 	-0.0149355 	-0.431119 	1.75406 	0
43.2028 	0.00916003 	-0.376222 	1.77395 	0
43.2729 	0.00916003 	-0.376222 	1.77395 	0
43.3431 	0.00916003 	-0.376222 	1.77395 	0
43.4132 	0.00916003 	-0.376222 	1.77395 	0
43.4833 	0.00916003 	-0.376222 	1.77395 	0
43.5535 	0.00916003 	-0.376222 	1.77395 	0
43.6236 	0.00916003 	-0.376222 	1.77395 	0
43.6937 	0.00916003 	-0.376222 	1.77395 	0
43.7639 	0.00916003 	-0.376222 	1.77395 	0
43.834 	0.0262844 	-0.327741 	1.7889 	0
43.9041 	0.0262844 	-0.327741 	1.7889 	0
43.9743 	0.0262844 	-0.327741 	1.7889 	0
44.0444 	0.0262844 	-0.327741 	1.7889 	0
44.1145 	0.0262844 	-0.327741 	1.7889 	0
44.1847 	0.0262844 	-0.327741 	1.7889 	0
44.2548 	0.0262844 	-0.327741 	1.7889 	0
44.3249 	0.0262844 	-0.327741 	1.7889 	0
44.3951 	0.0262844 	-0.327741 	1.7889 	0
44.4652 	0.0383121 	-0.285531 	1.80022 	0
44.5353 	0.0383121 	-0.285531 	1.80022 	0
44.6055 	0.0383121 	-0.285531 	1.80022 	0
44.6756 	0.0383121 	-0.285531 	1.80022 	0
44.7457 	0.0383121 	-0.285531 	1.80022 	0
44.8159 	0.0383121 	-0.285531 	1.80022 	0
44.886 	0.0383121 	-0.285531 	1.80022 	0
44.9561 	0.0383121 	-0.285531 	1.80022 	0
45.0263 	0.0383121 	-0.285531 	1.80022 	0
45.0964 	0.0466579 	-0.249178 	1.80887 	0
45.1665 	0.0466579 	-0.249178 	1.80887 	0
45.2367 	0.0466579 	-0.249178 	1.80887 	0
45.3068 	0.0466579 	-0.249178 	1.80887 	0
45.377 	0.0466579 	-0.249178 	1.80887 	0
45.4471 	0.0466579 	-0.249178 	1.80887 	0
45.5172 	0.0466579 	-0.249178 	1.80887 	0
45.5874 	0.0466579 	-0.249178 	1.80887 	0
45.6575 	0.0524633 	-0.218075 	1.81544 	0
45.7276 	0.0524633 	-0.218075 	1.81544 	0
45.7978 	0.0524633 	-0.218075 	1.81544 	0
45.8679 	0.0524633 	-0.218075 	1.81544 	0
45.938 	0.0524633 	-0.218075 	1.81544 	0
46.0082 	0.0524633 	-0.218075 	1.81544 	0
46.0783 	0.0524633 	-0.218075 	1.81544 	0
46.1484 	0.0524633 	-0.218075 	1.81544 	0
46.2186 	0.0524633 	-0.218075 	1.81544 	0
46.2887 	0.0565285 	-0.191475 	1.82042 	0
46.3588 	0.0565285 	-0.191475 	1.82042 	0
46.429 	0.0565285 	-0.191475 	1.82042 	0
46.4991 	0.0565285 	-0.191475 	1.82042 	0
46.5692 	0.0565285 	-0.191475 	1.82042 	0
46.6394 	0.0565285 	-0.191475 	1.82042 	0
46.7095 	0.0565285 	-0.191475 	1.82042 	0
46.7796 	0.068832 	-0.194523 	1.85651 	0
46.8498 	0.068832 	-0.194523 	1.85651 	0
46.9199 	0.0698138 	-0.170818 	1.85591 	0
46.99 	0.0698138 	-0.170818 	1.85591 	0
47.0602 	0.0698138 	-0.170818 	1.85591 	0
47.1303 	0.0698138 	-0.170818 	1.85591 	0
47.2004 	0.0698138 	-0.170818 	1.85591 	0
47.2706 	0.0698138 	-0.170818 	1.85591 	0
47.3407 	0.0698138 	-0.170818 	1.85591 	0
47.4108 	0.0698138 	-0.170818 	1.85591 	0
47.481 	0.0698138 	-0.170818 	1.85591 	0
47.5511 	0.0699725 	-0.150439 	1.85509 	0
47.6213 	0.0699725 	-0.150439 	1.85509 	0
47.6914 	0.0699725 	-0.150439 	1.85509 	0
47.7615 	0.0699725 	-0.150439 	1.85509 	0
47.8317 	0.0699725 	-0.150439 	1.85509 	0
47.9018 	0.0699725 	-0.150439 	1.85509 	0
47.9719 	0.0699725 	-0.150439 	1.85509 	0
48.0421 	0.0699725 	-0.150439 	1.85509 	0
48.1122 	0.0699725 	-0.150439 	1.85509 	0
48.1823 	0.069511 	-0.132771 	1.85419 	0
48.2525 	0.069511 	-0.132771 	1.85419 	0
48.3226 	0.069511 	-0.132771 	1.85419 	0
48.3927 	0.069511 	-0.132771 	1.85419 	0
48.4629 	0.069511 	-0.132771 	1.85419 	0
48.533 	0.069511 	-0.132771 	1.85419 	0
48.6031 	0.069511 	-0.132771 	1.85419 	0
48.6733 	0.069511 	-0.132771 	1.85419 	0
48.7434 	0.0685567 	-0.117305 	1.85331 	0
48.8135 	0.0685567 	-0.117305 	1.85331 	0
48.8837 	0.0685567 	-0.117305 	1.85331 	0
48.9538 	0.0685567 	-0.117305 	1.85331 	0
49.0239 	0.0685567 	-0.117305 	1.85331 	0
49.0941 	0.0685567 	-0.117305 	1.85331 	0
49.1642 	0.0685567 	-0.117305 	1.85331 	0
49.2343 	0.0685567 	-0.117305 	1.85331 	0
49.3045 	0.0685567 	-0.117305 	1.85331 	0
49.3746 	0.0672161 	-0.103675 	1.85254 	0
49.4447 	0.0672161 	-0.103675 	1.85254 	0
49.5149 	0.0672161 	-0.103675 	1.85254 	0
49.585 	0.0672161 	-0.103675 	1.85254 	0
49.6551 	0.0672161 	-0.103675 	1.85254 	0
49.7253 	0.0672161 	-0.103675 	1.85254 	0
49.7954 	0.0672161 	-0.103675 	1.85254 	0
49.8656 	0.0672161 	-0.103675 	1.85254 	0
49.9357 	0.0672161 	-0.103675 	1.85254 	0
50.0058 	0.0656389 	-0.0916251 	1.85185 	0
50.076 	0.0656389 	-0.0916251 	1.85185 	0
50.1461 	0.0656389 	-0.0916251 	1.85185 	0
50.2162 	0.0656389 	-0.0916251 	1.85185 	0
50.2864 	0.0656389 	-0.0916251 	1.85185 	0
50.3565 	0.0656389 	-0.0916251 	1.85185 	0
50.4266 	0.0656389 	-0.0916251 	1.85185 	0
50.4968 	0.0656389 	-0.0916251 	1.85185 	0
50.5669 	0.0656389 	-0.0916251 	1.85185 	0
50.637 	0.0639502 	-0.0809666 	1.85118 	0
50.7072 	0.0639502 	-0.0809666 	1.85118 	0
50.7773 	0.0639502 	-0.0809666 	1.85118 	0
50.8474 	0.0639502 	-0.0809666 	1.85118 	0
50.9176 	0.0639502 	-0.0809666 	1.85118 	0
50.9877 	0.0639502 	-0.0809666 	1.85118 	0
51.0578 	0.0639502 	-0.0809666 	1.85118 	0
51.128 	0.0639502 	-0.0809666 	1.85118 	0
51.1981 	0.0639502 	-0.0809666 	1.85118 	0
51.2682 	0.0621718 	-0.0715309 	1.85054 	0
51.3384 	0.0621718 	-0.0715309 	1.85054 	0
51.4085 	0.0621718 	-0.0715309 	1.85054 	0
51.4786 	0.0621718 	-0.0715309 	1.85054 	0
51.5488 	0.0621718 	-0.0715309 	1.85054 	0
51.6189 	0.0621718 	-0.0715309 	1.85054 	0
51.689 	0.0621718 	-0.0715309 	1.85054 	0
51.7592 	0.0621718 	-0.0715309 	1.85054 	0
51.8293 	0.0602651 	-0.0631714 	1.84999 	0
51.8994 	0.0602651 	-0.0631714 	1.84999 	0
51.9696 	0.0602651 	-0.0631714 	1.84999 	0
52.0397 	0.0602651 	-0.0631714 	1.84999 	0
52.1099 	0.0602651 	-0.0631714 	1.84999 	0
52.18 	0.0602651 	-0.0631714 	1.84999 	0
52.2501 	0.0602651 	-0.0631714 	1.84999 	0
52.3203 	0.0602651 	-0.0631714 	1.84999 	0
52.3904 	0.0602651 	-0.0631714 	1.84999 	0
52.4605 	0.0582369 	-0.0557842 	1.84953 	0
52.5307 	0.0582369 	-0.0557842 	1.84953 	0
52.6008 	0.0582369 	-0.0557842 	1.84953 	0
52.6709 	0.0582369 	-0.0557842 	1.84953 	0
52.7411 	0.0582369 	-0.0557842 	1.84953 	0
52.8112 	0.0582369 	-0.0557842 	1.84953 	0
52.8813 	0.0582369 	-0.0557842 	1.84953 	0
52.9515 	0.0582369 	-0.0557842 	1.84953 	0
53.0216 	0.0582369 	-0.0557842 	1.84953 	0
53.0917 	0.0561507 	-0.0492728 	1.84911 	0
53.1619 	0.0561507 	-0.0492728 	1.84911 	0
53.232 	0.0561507 	-0.0492728 	1.84911 	0
53.3021 	0.0561507 	-0.0492728 	1.84911 	0
53.3723 	0.0561507 	-0.0492728 	1.84911 	0
53.4424 	0.0561507 	-0.0492728 	1.84911 	0
53.5125 	0.0561507 	-0.0492728 	1.84911 	0
53.5827 	0.0561507 	-0.0492728 	1.84911 	0
53.6528 	0.0561507 	-0.0492728 	1.84911 	0
53.7229 	0.0540507 	-0.0435352 	1.8487 	0
53.7931 	0.0540507 	-0.0435352 	1.8487 	0
53.8632 	0.0540507 	-0.0435352 	1.8487 	0
53.9333 	0.0540507 	-0.0435352 	1.8487 	0
54.0035 	0.0540507 	-0.0435352 	1.8487 	0
54.0736 	0.0540507 	-0.0435352 	1.8487 	0
54.1437 	0.0540507 	-0.0435352 	1.8487 	0
54.2139 	0.0540507 	-0.0435352 	1.8487 	0
54.284 	0.0519342 	-0.038474 	1.84831 	0
54.3542 	0.0519342 	-0.038474 	1.84831 	0
54.4243 	0.0519342 	-0.038474 	1.84831 	0
54.4944 	0.0519342 	-0.038474 	1.84831 	0
54.5646 	0.0519342 	-0.038474 	1.84831 	0
54.6347 	0.0519342 	-0.038474 	1.84831 	0
54.7048 	0.0519342 	-0.038474 	1.84831 	0
54.775 	0.0519342 	-0.038474 	1.84831 	0
54.8451 	0.0519342 	-0.038474 	1.84831 	0
54.9152 	0.049786 	-0.033999 	1.84797 	0
54.9854 	0.049786 	-0.033999 	1.84797 	0
55.0555 	0.049786 	-0.033999 	1.84797 	0
55.1256 	0.049786 	-0.033999 	1.84797 	0
55.1958 	0.049786 	-0.033999 	1.84797 	0
55.2659 	0.049786 	-0.033999 	1.84797 	0
55.336 	0.049786 	-0.033999 	1.84797 	0
55.4062 	0.049786 	-0.033999 	1.84797 	0
55.4763 	0.049786 	-0.033999 	1.84797 	0
55.5464 	0.0476103 	-0.0300511 	1.84767 	0
55.6166 	0.0476103 	-0.0300511 	1.84767 	0
55.6867 	0.0476103 	-0.0300511 	1.84767 	0
55.7568 	0.0476103 	-0.0300511 	1.84767 	0
55.827 	0.0476103 	-0.0300511 	1.84767 	0
55.8971 	0.0476103 	-0.0300511 	1.84767 	0
55.9672 	0.0476103 	-0.0300511 	1.84767 	0
56.0374 	0.0476103 	-0.0300511 	1.84767 	0
56.1075 	0.0476103 	-0.0300511 	1.84767 	0
56.1776 	0.0454226 	-0.0265628 	1.84738 	0
56.2478 	0.0454226 	-0.0265628 	1.84738 	0
56.3179 	0.0454226 	-0.0265628 	1.84738 	0
56.3881 	0.0454226 	-0.0265628 	1.84738 	0
56.4582 	0.0454226 	-0.0265628 	1.84738 	0
56.5283 	0.0454226 	-0.0265628 	1.84738 	0
56.5985 	0.0454226 	-0.0265628 	1.84738 	0
56.6686 	0.0454226 	-0.0265628 	1.84738 	0
56.7387 	0.0454226 	-0.0265628 	1.84738 	0
56.8089 	0.0432297 	-0.0234934 	1.84713 	0
56.879 	0.0432297 	-0.0234934 	1.84713 	0
56.9491 	0.0432297 	-0.0234934 	1.84713 	0
57.0193 	0.0432297 	-0.0234934 	1.84713 	0
57.0894 	0.0432297 	-0.0234934 	1.84713 	0
57.1595 	0.0432297 	-0.0234934 	1.84713 	0
57.2297 	0.0432297 	-0.0234934 	1.84713 	0
57.2998 	0.0432297 	-0.0234934 	1.84713 	0
57.3699 	0.0410313 	-0.0207777 	1.84689 	0
57.4401 	0.0410313 	-0.0207777 	1.84689 	0
57.5102 	0.0410313 	-0.0207777 	1.84689 	0
57.5803 	0.0410313 	-0.0207777 	1.84689 	0
57.6505 	0.0410313 	-0.0207777 	1.84689 	0
57.7206 	0.0410313 	-0.0207777 	1.84689 	0
57.7907 	0.0410313 	-0.0207777 	1.84689 	0
57.8609 	0.0410313 	-0.0207777 	1.84689 	0
57.931 	0.0410313 	-0.0207777 	1.84689 	0
58.0011 	0.0388272 	-0.0183954 	1.84668 	0
58.0713 	0.0388272 	-0.0183954 	1.84668 	0
58.1414 	0.0388272 	-0.0183954 	1.84668 	0
58.2115 	0.0388272 	-0.0183954 	1.84668 	0
58.2817 	0.0388272 	-0.0183954 	1.84668 	0
58.3518 	0.0388272 	-0.0183954 	1.84668 	0
58.4219 	0.0388272 	-0.0183954 	1.84668 	0
58.4921 	0.0388272 	-0.0183954 	1.84668 	0
58.5622 	0.0388272 	-0.0183954 	1.84668 	0
58.6324 	0.0366183 	-0.0162732 	1.84649 	0
58.7025 	0.0366183 	-0.0162732 	1.84649 	0
58.7726 	0.0366183 	-0.0162732 	1.84649 	0
58.8428 	0.0366183 	-0.0162732 	1.84649 	0
58.9129 	0.0366183 	-0.0162732 	1.84649 	0
58.983 	0.0366183 	-0.0162732 	1.84649 	0
59.0532 	0.0366183 	-0.0162732 	1.84649 	0
59.1233 	0.0366183 	-0.0162732 	1.84649 	0
59.1934 	0.0366183 	-0.0162732 	1.84649 	0
59.2636 	0.0344059 	-0.0144176 	1.84631 	0
59.3337 	0.0344059 	-0.0144176 	1.84631 	0
59.4038 	0.0344059 	-0.0144176 	1.84631 	0
59.474 	0.0344059 	-0.0144176 	1.84631 	0
59.5441 	0.0344059 	-0.0144176 	1.84631 	0
59.6142 	0.0344059 	-0.0144176 	1.84631 	0
59.6844 	0.0344059 	-0.0144176 	1.84631 	0
59.7545 	0.0344059 	-0.0144176 	1.84631 	0
59.8246 	0.0321908 	-0.0127441 	1.84615 	0
59.8948 	0.0321908 	-0.0127441 	1.84615 	0
59.9649 	0.0321908 	-0.0127441 	1.84615 	0
60.035 	0.0321908 	-0.0127441 	1.84615 	0
60.1052 	0.0321908 	-0.0127441 	1.84615 	0
60.1753 	0.0321908 	-0.0127441 	1.84615 	0
60.2454 	0.0321908 	-0.0127441 	1.84615 	0
60.3156 	0.0321908 	-0.0127441 	1.84615 	0
60.3857 	0.0321908 	-0.0127441 	1.84615 	0
60.4558 	0.0299739 	-0.0112888 	1.846 	0
60.526 	0.0299739 	-0.0112888 	1.846 	0
60.5961 	0.0299739 	-0.0112888 	1.846 	0
60.6662 	0.0299739 	-0.0112888 	1.846 	0
60.7364 	0.0299739 	-0.0112888 	1.846 	0
60.8065 	0.0299739 	-0.0112888 	1.846 	0
60.8767 	0.0299739 	-0.0112888 	1.846 	0
60.9468 	0.0299739 	-0.0112888 	1.846 	0
61.0169 	0.0299739 	-0.0112888 	1.846 	0
61.0871 	0.0277564 	-0.00995538 	1.84587 	0
61.1572 	0.0277564 	-0.00995538 	1.84587 	0
61.2273 	0.0277564 	-0.00995538 	1.84587 	0
61.2975 	0.0277564 	-0.00995538 	1.84587 	0
61.3676 	0.0277564 	-0.00995538 	1.84587 	0
61.4377 	0.0277564 	-0.00995538 	1.84587 	0
61.5079 	0.0277564 	-0.00995538 	1.84587 	0
61.578 	0.0277564 	-0.00995538 	1.84587 	0
61.6481 	0.0277564 	-0.00995538 	1.84587 	0
61.7183 	0.0255385 	-0.00881534 	1.84575 	0
61.7884 	0.0255385 	-0.00881534 	1.84575 	0
61.8585 	0.0255385 	-0.00881534 	1.84575 	0
61.9287 	0.0255385 	-0.00881534 	1.84575 	0
61.9988 	0.0255385 	-0.00881534 	1.84575 	0
62.0689 	0.0255385 	-0.00881534 	1.84575 	0
62.1391 	0.0255385 	-0.00881534 	1.84575 	0
62.2092 	0.0255385 	-0.00881534 	1.84575 	0
62.2793 	0.0255385 	-0.00881534 	1.84575 	0
62.3495 	0.0233199 	-0.00774908 	1.84564 	0
62.4196 	0.0233199 	-0.00774908 	1.84564 	0
62.4897 	0.0233199 	-0.00774908 	1.84564 	0
62.5599 	0.0233199 	-0.00774908 	1.84564 	0
62.63 	0.0233199 	-0.00774908 	1.84564 	0
62.7001 	0.0233199 	-0.00774908 	1.84564 	0
62.7703 	0.0233199 	-0.00774908 	1.84564 	0
62.8404 	0.0233199 	-0.00774908 	1.84564 	0
62.9105 	0.0211002 	-0.00686588 	1.84554 	0
62.9807 	0.0211002 	-0.00686588 	1.84554 	0
63.0508 	0.0211002 	-0.00686588 	1.84554 	0
63.121 	0.0211002 	-0.00686588 	1.84554 	0
63.1911 	0.0211002 	-0.00686588 	1.84554 	0
63.2612 	0.0211002 	-0.00686588 	1.84554 	0
63.3314 	0.0211002 	-0.00686588 	1.84554 	0
63.4015 	0.0211002 	-0.00686588 	1.84554 	0
63.4716 	0.0211002 	-0.00686588 	1.84554 	0
63.5418 	0.0188794 	-0.0060101 	1.84546 	0
63.6119 	0.0188794 	-0.0060101 	1.84546 	0
63.682 	0.0188794 	-0.0060101 	1.84546 	0
63.7522 	0.0188794 	-0.0060101 	1.84546 	0
63.8223 	0.0188794 	-0.0060101 	1.84546 	0
63.8924 	0.0188794 	-0.0060101 	1.84546 	0
63.9626 	0.0188794 	-0.0060101 	1.84546 	0
64.0327 	0.0188794 	-0.0060101 	1.84546 	0
64.1028 	0.0188794 	-0.0060101 	1.84546 	0
64.173 	0.0166588 	-0.00533938 	1.84539 	0
64.2431 	0.0166588 	-0.00533938 	1.84539 	0
64.3132 	0.0166588 	-0.00533938 	1.84539 	0
64.3834 	0.0166588 	-0.00533938 	1.84539 	0
64.4535 	0.0166588 	-0.00533938 	1.84539 	0
64.5236 	0.0166588 	-0.00533938 	1.84539 	0
64.5938 	0.0166588 	-0.00533938 	1.84539 	0
64.6639 	0.0166588 	-0.00533938 	1.84539 	0
64.734 	0.0166588 	-0.00533938 	1.84539 	0
64.8042 	0.0144387 	-0.00464693 	1.84532 	0
64.8743 	0.0144387 	-0.00464693 	1.84532 	0
64.9444 	0.0144387 	-0.00464693 	1.84532 	0
65.0146 	0.0144387 	-0.00464693 	1.84532 	0
65.0847 	0.0144387 	-0.00464693 	1.84532 	0
65.1548 	0.0144387 	-0.00464693 	1.84532 	0
65.225 	0.0144387 	-0.00464693 	1.84532 	0
65.2951 	0.0144072 	-0.00450391 	1.84606 	0
65.3653 	0.0144072 	-0.00450391 	1.84606 	0
65.4354 	0.0121893 	-0.00402515 	1.84592 	0
65.5055 	0.0121893 	-0.00402515 	1.84592 	0
65.5757 	0.0121893 	-0.00402515 	1.84592 	0
65.6458 	0.0121893 	-0.00402515 	1.84592 	0
65.7159 	0.0121893 	-0.00402515 	1.84592 	0
65.7861 	0.0121893 	-0.00402515 	1.84592 	0
65.8562 	0.0121893 	-0.00402515 	1.84592 	0
65.9263 	0.0121893 	-0.00402515 	1.84592 	0
65.9965 	0.00997215 	-0.00347113 	1.84578 	0
66.0666 	0.00997215 	-0.00347113 	1.84578 	0
66.1367 	0.00997215 	-0.00347113 	1.84578 	0
66.2069 	0.00997215 	-0.00347113 	1.84578 	0
66.277 	0.00997215 	-0.00347113 	1.84578 	0
66.3471 	0.00997215 	-0.00347113 	1.84578 	0
66.4173 	0.00997215 	-0.00347113 	1.84578 	0
66.4874 	0.00997215 	-0.00347113 	1.84578 	0
66.5575 	0.00997215 	-0.00347113 	1.84578 	0
66.6277 	0.00775599 	-0.00313528 	1.84569 	0
66.6978 	0.00775599 	-0.00313528 	1.84569 	0
66.7679 	0.00775599 	-0.00313528 	1.84569 	0
66.8381 	0.00775599 	-0.00313528 	1.84569 	0
66.9082 	0.00775599 	-0.00313528 	1.84569 	0
66.9783 	0.00775599 	-0.00313528 	1.84569 	0
67.0485 	0.00775599 	-0.00313528 	1.84569 	0
67.1186 	0.00775599 	-0.00313528 	1.84569 	0
67.1887 	0.00775599 	-0.00313528 	1.84569 	0
67.2589 	0.00554061 	-0.0026606 	1.84557 	0
67.329 	0.00554061 	-0.0026606 	1.84557 	0
67.3991 	0.00554061 	-0.0026606 	1.84557 	0
67.4693 	0.00554061 	-0.0026606 	1.84557 	0
67.5394 	0.00554061 	-0.0026606 	1.84557 	0
67.6096 	0.00554061 	-0.0026606 	1.84557 	0
67.6797 	0.00554061 	-0.0026606 	1.84557 	0
67.7498 	0.00554061 	-0.0026606 	1.84557 	0
67.82 	0.00554061 	-0.0026606 	1.84557 	0
67.8901 	0.0033252 	-0.00244686 	1.84551 	0
67.9602 	0.0033252 	-0.00244686 	1.84551 	0
68.0304 	0.0033252 	-0.00244686 	1.84551 	0
68.1005 	0.0033252 	-0.00244686 	1.84551 	0
68.1706 	0.0033252 	-0.00244686 	1.84551 	0
68.2408 	0.0033252 	-0.00244686 	1.84551 	0
68.3109 	0.0033252 	-0.00244686 	1.84551 	0
68.381 	0.0033252 	-0.00244686 	1.84551 	0
68.4512 	0.00110595 	-0.00196906 	1.8454 	0
68.5213 	0.00110595 	-0.00196906 	1.8454 	0
68.5914 	0.00110595 	-0.00196906 	1.8454 	0
68.6616 	0.00110595 	-0.00196906 	1.8454 	0
68.7317 	0.00110595 	-0.00196906 	1.8454 	0
68.8018 	0.00110595 	-0.00196906 	1.8454 	0
68.872 	0.00110595 	-0.00196906 	1.8454 	0
68.9421 	0.00110595 	-0.00196906 	1.8454 	0
69.0122 	0.00110595 	-0.00196906 	1.8454 	0
