0.490941 	1.12124 	0.00610893 	3.00276 	0
0.561075 	1.12124 	0.00610893 	3.00276 	0
0.63121 	1.12124 	0.00610893 	3.00276 	0
0.701344 	1.12124 	0.00610893 	3.00276 	0
0.771478 	1.12124 	0.00610893 	3.00276 	0
0.841613 	1.12124 	0.00610893 	3.00276 	0
0.911747 	1.12124 	0.00610893 	3.00276 	0
0.981881 	1.12124 	0.00610893 	3.00276 	0
1.05202 	1.12124 	0.00610893 	3.00276 	0
1.12215 	1.12124 	0.00610893 	3.00276 	0
1.19228 	1.12124 	0.00610893 	3.00276 	0
1.26242 	1.09511 	0.0115008 	3.00807 	0
1.33255 	1.09511 	0.0115008 	3.00807 	0
1.40269 	1.09511 	0.0115008 	3.00807 	0
1.47282 	1.09511 	0.0115008 	3.00807 	0
1.54296 	1.09511 	0.0115008 	3.00807 	0
1.61309 	1.09511 	0.0115008 	3.00807 	0
1.68323 	1.09511 	0.0115008 	3.00807 	0
1.75336 	1.09511 	0.0115008 	3.00807 	0
1.82349 	1.04521 	0.0149251 	3.02366 	4.0117e-19
1.89363 	1.04521 	0.0149251 	3.02366 	4.0117e-19
1.96376 	1.04521 	0.0149251 	3.02366 	4.0117e-19
2.0339 	1.04521 	0.0149251 	3.02366 	4.0117e-19
2.10403 	1.04521 	0.0149251 	3.02366 	4.0117e-19
2.17417 	1.04521 	0.0149251 	3.02366 	4.0117e-19
2.2443 	1.04521 	0.0149251 	3.02366 	4.0117e-19
2.31443 	1.04521 	0.0149251 	3.02366 	4.0117e-19
2.38457 	1.04521 	0.0149251 	3.02366 	4.0117e-19
2.4547 	1.04521 	0.0149251 	3.02366 	4.0117e-19
2.52484 	1.04521 	0.0149251 	3.02366 	4.0117e-19
2.59497 	1.01058 	0.00743779 	3.03696 	-6.35503e-19
2.66511 	1.01058 	0.00743779 	3.03696 	-6.35503e-19
2.73524 	1.01058 	0.00743779 	3.03696 	-6.35503e-19
2.80538 	1.01058 	0.00743779 	3.03696 	-6.35503e-19
2.87551 	1.01058 	0.00743779 	3.03696 	-6.35503e-19
2.94564 	1.01058 	0.00743779 	3.03696 	-6.35503e-19
3.01578 	1.01058 	0.00743779 	3.03696 	-6.35503e-19
3.08591 	1.01058 	0.00743779 	3.03696 	-6.35503e-19
3.15605 	1.01058 	0.00743779 	3.03696 	-6.35503e-19
3.22618 	1.01058 	0.00743779 	3.03696 	-6.35503e-19
3.29632 	0.978332 	0.0201695 	3.0433 	6.4034e-19
3.36645 	0.978332 	0.0201695 	3.0433 	6.4034e-19
3.43659 	0.978332 	0.0201695 	3.0433 	6.4034e-19
3.50672 	0.978332 	0.0201695 	3.0433 	6.4034e-19
3.57685 	0.978332 	0.0201695 	3.0433 	6.4034e-19
3.64699 	0.978332 	0.0201695 	3.0433 	6.4034e-19
3.71712 	0.978332 	0.0201695 	3.0433 	6.4034e-19
3.78726 	0.978332 	0.0201695 	3.0433 	6.4034e-19
3.85739 	0.978332 	0.0201695 	3.0433 	6.4034e-19
3.92753 	0.978332 	0.0201695 	3.0433 	6.4034e-19
3.99766 	0.978332 	0.0201695 	3.0433 	6.4034e-19
4.06779 	0.960221 	0.00362402 	3.05031 	-1.80174e-20
4.13793 	0.960221 	0.00362402 	3.05031 	-1.80174e-20
4.20806 	0.960221 	0.00362402 	3.05031 	-1.80174e-20
4.2782 	0.960221 	0.00362402 	3.05031 	-1.80174e-20
4.34833 	0.960221 	0.00362402 	3.05031 	-1.80174e-20
4.41847 	0.960221 	0.00362402 	3.05031 	-1.80174e-20
4.4886 	0.935316 	0.0165882 	3.05769 	0
4.55874 	0.935316 	0.0165882 	3.05769 	0
4.62887 	0.935316 	0.0165882 	3.05769 	0
4.699 	0.935316 	0.0165882 	3.05769 	0
4.76914 	0.935316 	0.0165882 	3.05769 	0
4.83927 	0.935316 	0.0165882 	3.05769 	0
4.90941 	0.935316 	0.0165882 	3.05769 	0
4.97954 	0.935316 	0.0165882 	3.05769 	0
5.04968 	0.935316 	0.0165882 	3.05769 	0
5.11981 	0.935316 	0.0165882 	3.05769 	0
5.18994 	0.912874 	0.00564466 	3.0648 	-8.50768e-21
5.26008 	0.912874 	0.00564466 	3.0648 	-8.50768e-21
5.33021 	0.912874 	0.00564466 	3.0648 	-8.50768e-21
5.40035 	0.912874 	0.00564466 	3.0648 	-8.50768e-21
5.47048 	0.912874 	0.00564466 	3.0648 	-8.50768e-21
5.54062 	0.912874 	0.00564466 	3.0648 	-8.50768e-21
5.61075 	0.912874 	0.00564466 	3.0648 	-8.50768e-21
5.68089 	0.884123 	0.0114467 	3.07447 	0
5.75102 	0.884123 	0.0114467 	3.07447 	0
5.82115 	0.884123 	0.0114467 	3.07447 	0
5.89129 	0.884123 	0.0114467 	3.07447 	0
5.96142 	0.884123 	0.0114467 	3.07447 	0
6.03156 	0.884123 	0.0114467 	3.07447 	0
6.10169 	0.884123 	0.0114467 	3.07447 	0
6.17183 	0.884123 	0.0114467 	3.07447 	0
6.24196 	0.884123 	0.0114467 	3.07447 	0
6.3121 	0.855597 	0.00698909 	3.08212 	0
6.38223 	0.855597 	0.00698909 	3.08212 	0
6.45236 	0.855597 	0.00698909 	3.08212 	0
6.5225 	0.855597 	0.00698909 	3.08212 	0
6.59263 	0.855597 	0.00698909 	3.08212 	0
6.66277 	0.855597 	0.00698909 	3.08212 	0
6.7329 	0.855597 	0.00698909 	3.08212 	0
6.80304 	0.855597 	0.00698909 	3.08212 	0
6.87317 	0.828934 	0.00628383 	3.09142 	2.84475e-19
6.9433 	0.828934 	0.00628383 	3.09142 	2.84475e-19
7.01344 	0.828934 	0.00628383 	3.09142 	2.84475e-19
7.08357 	0.828934 	0.00628383 	3.09142 	2.84475e-19
7.15371 	0.828934 	0.00628383 	3.09142 	2.84475e-19
7.22384 	0.828934 	0.00628383 	3.09142 	2.84475e-19
7.29398 	0.828934 	0.00628383 	3.09142 	2.84475e-19
7.36411 	0.828934 	0.00628383 	3.09142 	2.84475e-19
7.43425 	0.828934 	0.00628383 	3.09142 	2.84475e-19
7.50438 	0.798401 	0.00840126 	3.09997 	-2.1139e-18
7.57451 	0.798401 	0.00840126 	3.09997 	-2.1139e-18
7.64465 	0.798401 	0.00840126 	3.09997 	-2.1139e-18
7.71478 	0.798401 	0.00840126 	3.09997 	-2.1139e-18
7.78492 	0.798401 	0.00840126 	3.09997 	-2.1139e-18
7.85505 	0.798401 	0.00840126 	3.09997 	-2.1139e-18
7.92519 	0.798401 	0.00840126 	3.09997 	-2.1139e-18
7.99532 	0.798401 	0.00840126 	3.09997 	-2.1139e-18
8.06545 	0.777351 	0.00192426 	3.10485 	2.12596e-18
8.13559 	0.777351 	0.00192426 	3.10485 	2.12596e-18
8.20572 	0.777351 	0.00192426 	3.10485 	2.12596e-18
8.27586 	0.777351 	0.00192426 	3.10485 	2.12596e-18
8.34599 	0.777351 	0.00192426 	3.10485 	2.12596e-18
8.41613 	0.777351 	0.00192426 	3.10485 	2.12596e-18
8.48626 	0.777351 	0.00192426 	3.10485 	2.12596e-18
8.5564 	0.777351 	0.00192426 	3.10485 	2.12596e-18
8.62653 	0.777351 	0.00192426 	3.10485 	2.12596e-18
8.69666 	0.744503 	0.0105536 	3.11936 	1.72834e-18
8.7668 	0.744503 	0.0105536 	3.11936 	1.72834e-18
8.83693 	0.744503 	0.0105536 	3.11936 	1.72834e-18
8.90707 	0.744503 	0.0105536 	3.11936 	1.72834e-18
8.9772 	0.744503 	0.0105536 	3.11936 	1.72834e-18
9.04734 	0.744503 	0.0105536 	3.11936 	1.72834e-18
9.11747 	0.744503 	0.0105536 	3.11936 	1.72834e-18
9.18761 	0.744503 	0.0105536 	3.11936 	1.72834e-18
9.25774 	0.714146 	0.0044263 	3.11897 	-1.58188e-18
9.32787 	0.714146 	0.0044263 	3.11897 	-1.58188e-18
9.39801 	0.714146 	0.0044263 	3.11897 	-1.58188e-18
9.46814 	0.714146 	0.0044263 	3.11897 	-1.58188e-18
9.53828 	0.714146 	0.0044263 	3.11897 	-1.58188e-18
9.60841 	0.714146 	0.0044263 	3.11897 	-1.58188e-18
9.67855 	0.714146 	0.0044263 	3.11897 	-1.58188e-18
9.74868 	0.714146 	0.0044263 	3.11897 	-1.58188e-18
9.81881 	0.698808 	0.0173055 	3.12952 	-5.40969e-19
9.88895 	0.698808 	0.0173055 	3.12952 	-5.40969e-19
9.95908 	0.698808 	0.0173055 	3.12952 	-5.40969e-19
10.0292 	0.698808 	0.0173055 	3.12952 	-5.40969e-19
10.0994 	0.698808 	0.0173055 	3.12952 	-5.40969e-19
10.1695 	0.698808 	0.0173055 	3.12952 	-5.40969e-19
10.2396 	0.698808 	0.0173055 	3.12952 	-5.40969e-19
10.3098 	0.698808 	0.0173055 	3.12952 	-5.40969e-19
10.3799 	0.698808 	0.0173055 	3.12952 	-5.40969e-19
10.45 	0.698808 	0.0173055 	3.12952 	-5.40969e-19
10.5202 	0.698808 	0.0173055 	3.12952 	-5.40969e-19
10.5903 	0.698808 	0.0173055 	3.12952 	-5.40969e-19
10.6604 	0.718895 	0.0156271 	3.12564 	7.96221e-19
10.7306 	0.668045 	0.0348836 	3.13951 	0
10.8007 	0.668045 	0.0348836 	3.13951 	0
10.8708 	0.668045 	0.0348836 	3.13951 	0
10.941 	0.668045 	0.0348836 	3.13951 	0
11.0111 	0.668045 	0.0348836 	3.13951 	0
11.0812 	0.668045 	0.0348836 	3.13951 	0
11.1514 	0.668045 	0.0348836 	3.13951 	0
11.2215 	0.668045 	0.0348836 	3.13951 	0
11.2916 	0.668045 	0.0348836 	3.13951 	0
11.3618 	0.668045 	0.0348836 	3.13951 	0
11.4319 	0.668045 	0.0348836 	3.13951 	0
11.502 	0.668045 	0.0348836 	3.13951 	0
11.5722 	0.668045 	0.0348836 	3.13951 	0
11.6423 	0.668045 	0.0348836 	3.13951 	0
11.7124 	0.675498 	0.0219633 	3.12963 	0
11.7826 	0.616388 	0.0741052 	3.15975 	8.98642e-19
11.8527 	0.616388 	0.0741052 	3.15975 	8.98642e-19
11.9228 	0.616388 	0.0741052 	3.15975 	8.98642e-19
11.993 	0.616388 	0.0741052 	3.15975 	8.98642e-19
12.0631 	0.616388 	0.0741052 	3.15975 	8.98642e-19
12.1332 	0.616388 	0.0741052 	3.15975 	8.98642e-19
12.2034 	0.522609 	0.0667601 	3.1851 	-4.43562e-19
12.2735 	0.522609 	0.0667601 	3.1851 	-4.43562e-19
12.3437 	0.522609 	0.0667601 	3.1851 	-4.43562e-19
12.4138 	0.522609 	0.0667601 	3.1851 	-4.43562e-19
12.4839 	0.522609 	0.0667601 	3.1851 	-4.43562e-19
12.5541 	0.522609 	0.0667601 	3.1851 	-4.43562e-19
12.6242 	0.522609 	0.0667601 	3.1851 	-4.43562e-19
12.6943 	0.522609 	0.0667601 	3.1851 	-4.43562e-19
12.7645 	0.522609 	0.0667601 	3.1851 	-4.43562e-19
12.8346 	0.41085 	0.0338662 	3.17695 	4.07709e-19
12.9047 	0.398251 	0.133244 	3.21979 	-1.97297e-19
12.9749 	0.398251 	0.133244 	3.21979 	-1.97297e-19
13.045 	0.398251 	0.133244 	3.21979 	-1.97297e-19
13.1151 	0.398251 	0.133244 	3.21979 	-1.97297e-19
13.1853 	0.398251 	0.133244 	3.21979 	-1.97297e-19
13.2554 	0.398251 	0.133244 	3.21979 	-1.97297e-19
13.3255 	0.398251 	0.133244 	3.21979 	-1.97297e-19
13.3957 	0.621975 	0.138293 	3.19204 	1.39613e-18
13.4658 	0.621975 	0.138293 	3.19204 	1.39613e-18
13.5359 	0.621975 	0.138293 	3.19204 	1.39613e-18
13.6061 	0.621975 	0.138293 	3.19204 	1.39613e-18
13.6762 	0.621975 	0.138293 	3.19204 	1.39613e-18
13.7463 	0.621975 	0.138293 	3.19204 	1.39613e-18
13.8165 	0.700525 	0.10488 	2.86441 	-1.15501e-18
13.8866 	0.917337 	0.128788 	2.95844 	5.31157e-19
13.9567 	0.917337 	0.128788 	2.95844 	5.31157e-19
14.0269 	0.33552 	0.239637 	3.03097 	-1.77661e-18
14.097 	0.33552 	0.239637 	3.03097 	-1.77661e-18
14.1671 	0.33552 	0.239637 	3.03097 	-1.77661e-18
14.2373 	0.33552 	0.239637 	3.03097 	-1.77661e-18
14.3074 	0.33552 	0.239637 	3.03097 	-1.77661e-18
14.3776 	0.33552 	0.239637 	3.03097 	-1.77661e-18
14.4477 	0.33552 	0.239637 	3.03097 	-1.77661e-18
14.5178 	0.33552 	0.239637 	3.03097 	-1.77661e-18
14.588 	0.33552 	0.239637 	3.03097 	-1.77661e-18
14.6581 	0.33552 	0.239637 	3.03097 	-1.77661e-18
14.7282 	0.33552 	0.239637 	3.03097 	-1.77661e-18
14.7984 	0.33552 	0.239637 	3.03097 	-1.77661e-18
14.8685 	0.33552 	0.239637 	3.03097 	-1.77661e-18
14.9386 	0.162586 	0.332981 	3.18925 	0
15.0088 	0.162586 	0.332981 	3.18925 	0
15.0789 	0.162586 	0.332981 	3.18925 	0
15.149 	0.162586 	0.332981 	3.18925 	0
15.2192 	0.162586 	0.332981 	3.18925 	0
15.2893 	-0.343059 	0.33581 	3.41412 	-2.15264e-19
15.3594 	-0.343059 	0.33581 	3.41412 	-2.15264e-19
15.4296 	-0.343059 	0.33581 	3.41412 	-2.15264e-19
15.4997 	-0.343059 	0.33581 	3.41412 	-2.15264e-19
15.5698 	-0.343059 	0.33581 	3.41412 	-2.15264e-19
15.64 	-0.343059 	0.33581 	3.41412 	-2.15264e-19
15.7101 	-0.831298 	0.390733 	3.48391 	0
15.7802 	-0.831298 	0.390733 	3.48391 	0
15.8504 	-0.720872 	0.641373 	3.53916 	1.26114e-18
15.9205 	-0.720872 	0.641373 	3.53916 	1.26114e-18
15.9906 	-0.720872 	0.641373 	3.53916 	1.26114e-18
16.0608 	-0.720872 	0.641373 	3.53916 	1.26114e-18
16.1309 	-0.720872 	0.641373 	3.53916 	1.26114e-18
16.201 	-0.720872 	0.641373 	3.53916 	1.26114e-18
16.2712 	-0.720872 	0.641373 	3.53916 	1.26114e-18
16.3413 	-0.720872 	0.641373 	3.53916 	1.26114e-18
16.4114 	-0.720872 	0.641373 	3.53916 	1.26114e-18
16.4816 	-0.720872 	0.641373 	3.53916 	1.26114e-18
16.5517 	-0.720872 	0.641373 	3.53916 	1.26114e-18
16.6219 	-0.720872 	0.641373 	3.53916 	1.26114e-18
16.692 	-0.720872 	0.641373 	3.53916 	1.26114e-18
16.7621 	-0.720872 	0.641373 	3.53916 	1.26114e-18
16.8323 	-0.265713 	0.862779 	3.1078 	7.09274e-20
16.9024 	-0.265713 	0.862779 	3.1078 	7.09274e-20
16.9725 	-0.265713 	0.862779 	3.1078 	7.09274e-20
17.0427 	-0.265713 	0.862779 	3.1078 	7.09274e-20
17.1128 	-0.265713 	0.862779 	3.1078 	7.09274e-20
17.1829 	-0.265713 	0.862779 	3.1078 	7.09274e-20
17.2531 	-0.265713 	0.862779 	3.1078 	7.09274e-20
17.3232 	-0.265713 	0.862779 	3.1078 	7.09274e-20
17.3933 	-0.265713 	0.862779 	3.1078 	7.09274e-20
17.4635 	-0.265713 	0.862779 	3.1078 	7.09274e-20
17.5336 	-0.167374 	0.907445 	3.02397 	-3.04604e-20
17.6037 	-0.167374 	0.907445 	3.02397 	-3.04604e-20
17.6739 	-0.167374 	0.907445 	3.02397 	-3.04604e-20
17.744 	-0.258252 	1.03635 	3.15359 	1.2733e-19
17.8141 	-0.258252 	1.03635 	3.15359 	1.2733e-19
17.8843 	-0.258252 	1.03635 	3.15359 	1.2733e-19
17.9544 	-0.258252 	1.03635 	3.15359 	1.2733e-19
18.0245 	-0.258252 	1.03635 	3.15359 	1.2733e-19
18.0947 	-0.258252 	1.03635 	3.15359 	1.2733e-19
18.1648 	-0.258252 	1.03635 	3.15359 	1.2733e-19
18.2349 	-0.258252 	1.03635 	3.15359 	1.2733e-19
18.3051 	-0.258252 	1.03635 	3.15359 	1.2733e-19
18.3752 	0.0293609 	1.00039 	2.7524 	-9.68391e-20
18.4453 	0.0293609 	1.00039 	2.7524 	-9.68391e-20
18.5155 	0.0293609 	1.00039 	2.7524 	-9.68391e-20
18.5856 	0.0293609 	1.00039 	2.7524 	-9.68391e-20
18.6557 	0.0293609 	1.00039 	2.7524 	-9.68391e-20
18.7259 	0.0293609 	1.00039 	2.7524 	-9.68391e-20
18.796 	0.0293609 	1.00039 	2.7524 	-9.68391e-20
18.8662 	0.0871494 	1.04145 	2.81372 	-1.66393e-19
18.9363 	0.0871494 	1.04145 	2.81372 	-1.66393e-19
19.0064 	0.0871494 	1.04145 	2.81372 	-1.66393e-19
19.0766 	0.0871494 	1.04145 	2.81372 	-1.66393e-19
19.1467 	0.0871494 	1.04145 	2.81372 	-1.66393e-19
19.2168 	0.0871494 	1.04145 	2.81372 	-1.66393e-19
19.287 	0.0871494 	1.04145 	2.81372 	-1.66393e-19
19.3571 	0.0871494 	1.04145 	2.81372 	-1.66393e-19
19.4272 	0.0871494 	1.04145 	2.81372 	-1.66393e-19
19.4974 	0.0871494 	1.04145 	2.81372 	-1.66393e-19
19.5675 	0.0871494 	1.04145 	2.81372 	-1.66393e-19
19.6376 	0.0871494 	1.04145 	2.81372 	-1.66393e-19
19.7078 	0.0871494 	1.04145 	2.81372 	-1.66393e-19
19.7779 	0.231961 	0.98661 	2.4363 	-1.12906e-19
19.848 	0.231961 	0.98661 	2.4363 	-1.12906e-19
19.9182 	0.231961 	0.98661 	2.4363 	-1.12906e-19
19.9883 	0.231961 	0.98661 	2.4363 	-1.12906e-19
20.0584 	0.231961 	0.98661 	2.4363 	-1.12906e-19
20.1286 	0.231961 	0.98661 	2.4363 	-1.12906e-19
20.1987 	0.231961 	0.98661 	2.4363 	-1.12906e-19
20.2688 	0.225393 	0.993637 	2.42922 	2.97359e-19
20.339 	0.225393 	0.993637 	2.42922 	2.97359e-19
20.4091 	0.225393 	0.993637 	2.42922 	2.97359e-19
20.4792 	0.225393 	0.993637 	2.42922 	2.97359e-19
20.5494 	0.225393 	0.993637 	2.42922 	2.97359e-19
20.6195 	0.225393 	0.993637 	2.42922 	2.97359e-19
20.6896 	0.225393 	0.993637 	2.42922 	2.97359e-19
20.7598 	0.225393 	0.993637 	2.42922 	2.97359e-19
20.8299 	0.225393 	0.993637 	2.42922 	2.97359e-19
20.9 	0.225393 	0.993637 	2.42922 	2.97359e-19
20.9702 	0.225393 	0.993637 	2.42922 	2.97359e-19
21.0403 	0.225393 	0.993637 	2.42922 	2.97359e-19
21.1105 	0.225393 	0.993637 	2.42922 	2.97359e-19
21.1806 	0.225393 	0.993637 	2.42922 	2.97359e-19
21.2507 	0.225393 	0.993637 	2.42922 	2.97359e-19
21.3209 	0.225393 	0.993637 	2.42922 	2.97359e-19
21.391 	0.225393 	0.993637 	2.42922 	2.97359e-19
21.4611 	0.2409 	0.693419 	1.88827 	-4.08308e-19
21.5313 	0.2409 	0.693419 	1.88827 	-4.08308e-19
21.6014 	0.2409 	0.693419 	1.88827 	-4.08308e-19
21.6715 	0.134863 	0.604085 	1.37936 	-4.18134e-20
21.7417 	0.134863 	0.604085 	1.37936 	-4.18134e-20
21.8118 	0.134863 	0.604085 	1.37936 	-4.18134e-20
21.8819 	0.134863 	0.604085 	1.37936 	-4.18134e-20
21.9521 	0.134863 	0.604085 	1.37936 	-4.18134e-20
22.0222 	-0.000673305 	0.928861 	2.32887 	1.01397e-19
22.0923 	-0.000673305 	0.928861 	2.32887 	1.01397e-19
22.1625 	-0.000673305 	0.928861 	2.32887 	1.01397e-19
22.2326 	-0.000673305 	0.928861 	2.32887 	1.01397e-19
22.3027 	-0.000673305 	0.928861 	2.32887 	1.01397e-19
22.3729 	-0.000673305 	0.928861 	2.32887 	1.01397e-19
22.443 	-0.000673305 	0.928861 	2.32887 	1.01397e-19
22.5131 	-0.000673305 	0.928861 	2.32887 	1.01397e-19
22.5833 	-0.000673305 	0.928861 	2.32887 	1.01397e-19
22.6534 	-0.000673305 	0.928861 	2.32887 	1.01397e-19
22.7235 	-0.000673305 	0.928861 	2.32887 	1.01397e-19
22.7937 	-0.000673305 	0.928861 	2.32887 	1.01397e-19
22.8638 	-0.000673305 	0.928861 	2.32887 	1.01397e-19
22.9339 	-0.000673305 	0.928861 	2.32887 	1.01397e-19
23.0041 	-0.000673305 	0.928861 	2.32887 	1.01397e-19
23.0742 	-0.000673305 	0.928861 	2.32887 	1.01397e-19
23.1443 	-0.000673305 	0.928861 	2.32887 	1.01397e-19
23.2145 	-0.000673305 	0.928861 	2.32887 	1.01397e-19
23.2846 	-0.000673305 	0.928861 	2.32887 	1.01397e-19
23.3548 	-0.000673305 	0.928861 	2.32887 	1.01397e-19
23.4249 	-0.000673305 	0.928861 	2.32887 	1.01397e-19
23.495 	0.189956 	0.89667 	2.30835 	-8.3589e-20
23.5652 	0.189956 	0.89667 	2.30835 	-8.3589e-20
23.6353 	0.189956 	0.89667 	2.30835 	-8.3589e-20
23.7054 	0.189956 	0.89667 	2.30835 	-8.3589e-20
23.7756 	0.189956 	0.89667 	2.30835 	-8.3589e-20
23.8457 	0.189956 	0.89667 	2.30835 	-8.3589e-20
23.9158 	0.189956 	0.89667 	2.30835 	-8.3589e-20
23.986 	0.319587 	0.834006 	2.16398 	3.84551e-21
24.0561 	0.319587 	0.834006 	2.16398 	3.84551e-21
24.1262 	0.319587 	0.834006 	2.16398 	3.84551e-21
24.1964 	0.319587 	0.834006 	2.16398 	3.84551e-21
24.2665 	0.319587 	0.834006 	2.16398 	3.84551e-21
24.3366 	0.319587 	0.834006 	2.16398 	3.84551e-21
24.4068 	0.319587 	0.834006 	2.16398 	3.84551e-21
24.4769 	0.319587 	0.834006 	2.16398 	3.84551e-21
24.547 	0.319587 	0.834006 	2.16398 	3.84551e-21
24.6172 	0.319587 	0.834006 	2.16398 	3.84551e-21
24.6873 	0.319587 	0.834006 	2.16398 	3.84551e-21
24.7574 	0.319587 	0.834006 	2.16398 	3.84551e-21
24.8276 	0.319587 	0.834006 	2.16398 	3.84551e-21
24.8977 	0.319587 	0.834006 	2.16398 	3.84551e-21
24.9678 	0.319587 	0.834006 	2.16398 	3.84551e-21
25.038 	0.319587 	0.834006 	2.16398 	3.84551e-21
25.1081 	0.319587 	0.834006 	2.16398 	3.84551e-21
25.1782 	0.266827 	0.492195 	1.32994 	0
25.2484 	0.266827 	0.492195 	1.32994 	0
25.3185 	0.266827 	0.492195 	1.32994 	0
25.3886 	0.266827 	0.492195 	1.32994 	0
25.4588 	0.266827 	0.492195 	1.32994 	0
25.5289 	0.266827 	0.492195 	1.32994 	0
25.5991 	0.266827 	0.492195 	1.32994 	0
25.6692 	0.266827 	0.492195 	1.32994 	0
25.7393 	0.266827 	0.492195 	1.32994 	0
25.8095 	0.266827 	0.492195 	1.32994 	0
25.8796 	0.266827 	0.492195 	1.32994 	0
25.9497 	0.266827 	0.492195 	1.32994 	0
26.0199 	0.266827 	0.492195 	1.32994 	0
26.09 	0.266827 	0.492195 	1.32994 	0
26.1601 	0.266827 	0.492195 	1.32994 	0
26.2303 	0.17191 	0.496789 	1.35699 	-2.76445e-19
26.3004 	0.17191 	0.496789 	1.35699 	-2.76445e-19
26.3705 	0.17191 	0.496789 	1.35699 	-2.76445e-19
26.4407 	0.17191 	0.496789 	1.35699 	-2.76445e-19
26.5108 	0.17191 	0.496789 	1.35699 	-2.76445e-19
26.5809 	0.17191 	0.496789 	1.35699 	-2.76445e-19
26.6511 	0.17191 	0.496789 	1.35699 	-2.76445e-19
26.7212 	0.17191 	0.496789 	1.35699 	-2.76445e-19
26.7913 	0.17191 	0.496789 	1.35699 	-2.76445e-19
26.8615 	0.17191 	0.496789 	1.35699 	-2.76445e-19
26.9316 	0.17191 	0.496789 	1.35699 	-2.76445e-19
27.0017 	0.17191 	0.496789 	1.35699 	-2.76445e-19
27.0719 	0.17191 	0.496789 	1.35699 	-2.76445e-19
27.142 	0.17191 	0.496789 	1.35699 	-2.76445e-19
27.2121 	0.17191 	0.496789 	1.35699 	-2.76445e-19
27.2823 	0.17191 	0.496789 	1.35699 	-2.76445e-19
27.3524 	0.109401 	0.490309 	1.35739 	3.03751e-19
27.4225 	0.109401 	0.490309 	1.35739 	3.03751e-19
27.4927 	0.109401 	0.490309 	1.35739 	3.03751e-19
27.5628 	0.109401 	0.490309 	1.35739 	3.03751e-19
27.6329 	0.109401 	0.490309 	1.35739 	3.03751e-19
27.7031 	0.109401 	0.490309 	1.35739 	3.03751e-19
27.7732 	0.109401 	0.490309 	1.35739 	3.03751e-19
27.8434 	0.109401 	0.490309 	1.35739 	3.03751e-19
27.9135 	0.109401 	0.490309 	1.35739 	3.03751e-19
27.9836 	0.109401 	0.490309 	1.35739 	3.03751e-19
28.0538 	0.109401 	0.490309 	1.35739 	3.03751e-19
28.1239 	0.109401 	0.490309 	1.35739 	3.03751e-19
28.194 	0.109401 	0.490309 	1.35739 	3.03751e-19
28.2642 	0.109401 	0.490309 	1.35739 	3.03751e-19
28.3343 	0.109401 	0.490309 	1.35739 	3.03751e-19
28.4044 	0.109401 	0.490309 	1.35739 	3.03751e-19
28.4746 	0.109401 	0.490309 	1.35739 	3.03751e-19
28.5447 	0.109401 	0.490309 	1.35739 	3.03751e-19
28.6148 	0.109401 	0.490309 	1.35739 	3.03751e-19
28.685 	0.109401 	0.490309 	1.35739 	3.03751e-19
28.7551 	0.109401 	0.490309 	1.35739 	3.03751e-19
28.8252 	0.109401 	0.490309 	1.35739 	3.03751e-19
28.8954 	0.109401 	0.490309 	1.35739 	3.03751e-19
28.9655 	0.0588379 	0.436436 	1.28383 	7.77745e-21
29.0356 	0.0588379 	0.436436 	1.28383 	7.77745e-21
29.1058 	0.0588379 	0.436436 	1.28383 	7.77745e-21
29.1759 	0.0588379 	0.436436 	1.28383 	7.77745e-21
29.246 	0.0588379 	0.436436 	1.28383 	7.77745e-21
29.3162 	0.0588379 	0.436436 	1.28383 	7.77745e-21
29.3863 	0.0588379 	0.436436 	1.28383 	7.77745e-21
29.4564 	0.0588379 	0.436436 	1.28383 	7.77745e-21
29.5266 	0.0588379 	0.436436 	1.28383 	7.77745e-21
29.5967 	0.0588379 	0.436436 	1.28383 	7.77745e-21
29.6668 	0.0588379 	0.436436 	1.28383 	7.77745e-21
29.737 	0.0588379 	0.436436 	1.28383 	7.77745e-21
29.8071 	0.0588379 	0.436436 	1.28383 	7.77745e-21
29.8773 	0.0588379 	0.436436 	1.28383 	7.77745e-21
29.9474 	0.0588379 	0.436436 	1.28383 	7.77745e-21
30.0175 	0.0588379 	0.436436 	1.28383 	7.77745e-21
30.0877 	0.0588379 	0.436436 	1.28383 	7.77745e-21
30.1578 	0.0588379 	0.436436 	1.28383 	7.77745e-21
30.2279 	0.0588379 	0.436436 	1.28383 	7.77745e-21
30.2981 	0.0588379 	0.436436 	1.28383 	7.77745e-21
30.3682 	0.0588379 	0.436436 	1.28383 	7.77745e-21
30.4383 	0.0588379 	0.436436 	1.28383 	7.77745e-21
30.5085 	0.0588379 	0.436436 	1.28383 	7.77745e-21
30.5786 	0.0588379 	0.436436 	1.28383 	7.77745e-21
30.6487 	0.0588379 	0.436436 	1.28383 	7.77745e-21
30.7189 	0.0588379 	0.436436 	1.28383 	7.77745e-21
30.789 	0.0545227 	0.373769 	1.30712 	-7.27172e-20
30.8591 	0.0545227 	0.373769 	1.30712 	-7.27172e-20
30.9293 	0.0545227 	0.373769 	1.30712 	-7.27172e-20
30.9994 	0.0545227 	0.373769 	1.30712 	-7.27172e-20
31.0695 	0.0545227 	0.373769 	1.30712 	-7.27172e-20
31.1397 	0.0545227 	0.373769 	1.30712 	-7.27172e-20
31.2098 	0.0545227 	0.373769 	1.30712 	-7.27172e-20
31.2799 	0.0545227 	0.373769 	1.30712 	-7.27172e-20
31.3501 	0.0545227 	0.373769 	1.30712 	-7.27172e-20
31.4202 	0.0545227 	0.373769 	1.30712 	-7.27172e-20
31.4903 	0.0545227 	0.373769 	1.30712 	-7.27172e-20
31.5605 	0.0545227 	0.373769 	1.30712 	-7.27172e-20
31.6306 	0.0545227 	0.373769 	1.30712 	-7.27172e-20
31.7007 	0.0545227 	0.373769 	1.30712 	-7.27172e-20
31.7709 	0.0545227 	0.373769 	1.30712 	-7.27172e-20
31.841 	0.0545227 	0.373769 	1.30712 	-7.27172e-20
31.9111 	0.0545227 	0.373769 	1.30712 	-7.27172e-20
31.9813 	0.0545227 	0.373769 	1.30712 	-7.27172e-20
32.0514 	0.0545227 	0.373769 	1.30712 	-7.27172e-20
32.1216 	0.0545227 	0.373769 	1.30712 	-7.27172e-20
32.1917 	0.0545227 	0.373769 	1.30712 	-7.27172e-20
32.2618 	0.0545227 	0.373769 	1.30712 	-7.27172e-20
32.332 	0.0545227 	0.373769 	1.30712 	-7.27172e-20
32.4021 	0.0545227 	0.373769 	1.30712 	-7.27172e-20
32.4722 	0.0545227 	0.373769 	1.30712 	-7.27172e-20
32.5424 	0.0545227 	0.373769 	1.30712 	-7.27172e-20
32.6125 	0.0545227 	0.373769 	1.30712 	-7.27172e-20
32.6826 	0.0545227 	0.373769 	1.30712 	-7.27172e-20
32.7528 	0.0545227 	0.373769 	1.30712 	-7.27172e-20
32.8229 	0.0545227 	0.373769 	1.30712 	-7.27172e-20
32.893 	0.0545227 	0.373769 	1.30712 	-7.27172e-20
32.9632 	0.0545227 	0.373769 	1.30712 	-7.27172e-20
33.0333 	0.0545227 	0.373769 	1.30712 	-7.27172e-20
33.1034 	0.0545227 	0.373769 	1.30712 	-7.27172e-20
33.1736 	0.0545227 	0.373769 	1.30712 	-7.27172e-20
33.2437 	0.0545227 	0.373769 	1.30712 	-7.27172e-20
33.3138 	0.0545227 	0.373769 	1.30712 	-7.27172e-20
33.384 	0.0545227 	0.373769 	1.30712 	-7.27172e-20
33.4541 	0.0545227 	0.373769 	1.30712 	-7.27172e-20
33.5242 	0.0545227 	0.373769 	1.30712 	-7.27172e-20
33.5944 	0.0545227 	0.373769 	1.30712 	-7.27172e-20
33.6645 	0.0545227 	0.373769 	1.30712 	-7.27172e-20
33.7346 	0.0138624 	0.371151 	1.38111 	3.71597e-20
33.8048 	0.0138624 	0.371151 	1.38111 	3.71597e-20
33.8749 	0.0138624 	0.371151 	1.38111 	3.71597e-20
33.945 	0.0138624 	0.371151 	1.38111 	3.71597e-20
34.0152 	0.0138624 	0.371151 	1.38111 	3.71597e-20
34.0853 	0.0138624 	0.371151 	1.38111 	3.71597e-20
34.1554 	0.0126225 	0.278226 	1.33918 	-1.03861e-19
34.2256 	0.0126225 	0.278226 	1.33918 	-1.03861e-19
34.2957 	0.0126225 	0.278226 	1.33918 	-1.03861e-19
34.3659 	0.0126225 	0.278226 	1.33918 	-1.03861e-19
34.436 	0.0126225 	0.278226 	1.33918 	-1.03861e-19
34.5061 	0.0126225 	0.278226 	1.33918 	-1.03861e-19
34.5763 	0.0126225 	0.278226 	1.33918 	-1.03861e-19
34.6464 	0.0126225 	0.278226 	1.33918 	-1.03861e-19
34.7165 	0.208473 	0.267603 	1.61609 	1.12832e-19
34.7867 	0.208473 	0.267603 	1.61609 	1.12832e-19
34.8568 	0.208473 	0.267603 	1.61609 	1.12832e-19
34.9269 	0.208473 	0.267603 	1.61609 	1.12832e-19
34.9971 	0.208473 	0.267603 	1.61609 	1.12832e-19
35.0672 	0.208473 	0.267603 	1.61609 	1.12832e-19
35.1373 	0.208473 	0.267603 	1.61609 	1.12832e-19
35.2075 	0.208473 	0.267603 	1.61609 	1.12832e-19
35.2776 	0.208473 	0.267603 	1.61609 	1.12832e-19
35.3477 	0.208473 	0.267603 	1.61609 	1.12832e-19
35.4179 	0.208473 	0.267603 	1.61609 	1.12832e-19
35.488 	0.208473 	0.267603 	1.61609 	1.12832e-19
35.5581 	0.208473 	0.267603 	1.61609 	1.12832e-19
35.6283 	0.208473 	0.267603 	1.61609 	1.12832e-19
35.6984 	0.208473 	0.267603 	1.61609 	1.12832e-19
35.7685 	0.208473 	0.267603 	1.61609 	1.12832e-19
35.8387 	0.208473 	0.267603 	1.61609 	1.12832e-19
35.9088 	0.208473 	0.267603 	1.61609 	1.12832e-19
35.9789 	0.208473 	0.267603 	1.61609 	1.12832e-19
36.0491 	0.180236 	0.242707 	1.57899 	0
36.1192 	0.180236 	0.242707 	1.57899 	0
36.1893 	0.180236 	0.242707 	1.57899 	0
36.2595 	0.180236 	0.242707 	1.57899 	0
36.3296 	0.180236 	0.242707 	1.57899 	0
36.3997 	0.180236 	0.242707 	1.57899 	0
36.4699 	0.180236 	0.242707 	1.57899 	0
36.54 	0.180236 	0.242707 	1.57899 	0
36.6102 	0.180236 	0.242707 	1.57899 	0
36.6803 	0.180236 	0.242707 	1.57899 	0
36.7504 	0.180236 	0.242707 	1.57899 	0
36.8206 	0.180236 	0.242707 	1.57899 	0
36.8907 	0.0525121 	0.193796 	1.46404 	6.1991e-20
36.9608 	0.0525121 	0.193796 	1.46404 	6.1991e-20
37.031 	0.0525121 	0.193796 	1.46404 	6.1991e-20
37.1011 	0.0525121 	0.193796 	1.46404 	6.1991e-20
37.1712 	0.0525121 	0.193796 	1.46404 	6.1991e-20
37.2414 	0.0525121 	0.193796 	1.46404 	6.1991e-20
37.3115 	0.0525121 	0.193796 	1.46404 	6.1991e-20
37.3816 	0.0525121 	0.193796 	1.46404 	6.1991e-20
37.4518 	0.0525121 	0.193796 	1.46404 	6.1991e-20
37.5219 	0.0525121 	0.193796 	1.46404 	6.1991e-20
37.592 	0.0525121 	0.193796 	1.46404 	6.1991e-20
37.6622 	0.0525121 	0.193796 	1.46404 	6.1991e-20
37.7323 	0.0525121 	0.193796 	1.46404 	6.1991e-20
37.8024 	0.0525121 	0.193796 	1.46404 	6.1991e-20
37.8726 	0.0525121 	0.193796 	1.46404 	6.1991e-20
37.9427 	0.0525121 	0.193796 	1.46404 	6.1991e-20
38.0128 	0.0525121 	0.193796 	1.46404 	6.1991e-20
38.083 	0.0525121 	0.193796 	1.46404 	6.1991e-20
38.1531 	0.0525121 	0.193796 	1.46404 	6.1991e-20
38.2232 	0.0752766 	0.136665 	1.59957 	-7.11111e-20
38.2934 	0.0752766 	0.136665 	1.59957 	-7.11111e-20
38.3635 	0.0752766 	0.136665 	1.59957 	-7.11111e-20
38.4336 	0.0752766 	0.136665 	1.59957 	-7.11111e-20
38.5038 	0.0752766 	0.136665 	1.59957 	-7.11111e-20
38.5739 	0.0752766 	0.136665 	1.59957 	-7.11111e-20
38.644 	0.0752766 	0.136665 	1.59957 	-7.11111e-20
38.7142 	0.0752766 	0.136665 	1.59957 	-7.11111e-20
38.7843 	0.0752766 	0.136665 	1.59957 	-7.11111e-20
38.8545 	0.0752766 	0.136665 	1.59957 	-7.11111e-20
38.9246 	0.0752766 	0.136665 	1.59957 	-7.11111e-20
38.9947 	0.0752766 	0.136665 	1.59957 	-7.11111e-20
39.0649 	0.0752766 	0.136665 	1.59957 	-7.11111e-20
39.135 	0.0752766 	0.136665 	1.59957 	-7.11111e-20
39.2051 	0.0364665 	0.118002 	1.57828 	0
39.2753 	0.0364665 	0.118002 	1.57828 	0
39.3454 	0.0364665 	0.118002 	1.57828 	0
39.4155 	0.0364665 	0.118002 	1.57828 	0
39.4857 	0.0364665 	0.118002 	1.57828 	0
39.5558 	0.0364665 	0.118002 	1.57828 	0
39.6259 	0.0364665 	0.118002 	1.57828 	0
39.6961 	0.0364665 	0.118002 	1.57828 	0
39.7662 	0.0364665 	0.118002 	1.57828 	0
39.8363 	0.0364665 	0.118002 	1.57828 	0
39.9065 	0.0364665 	0.118002 	1.57828 	0
39.9766 	0.0364665 	0.118002 	1.57828 	0
40.0467 	0.0364665 	0.118002 	1.57828 	0
40.1169 	0.0364665 	0.118002 	1.57828 	0
40.187 	0.0364665 	0.118002 	1.57828 	0
40.2571 	0.0364665 	0.118002 	1.57828 	0
40.3273 	0.0364665 	0.118002 	1.57828 	0
40.3974 	0.0364665 	0.118002 	1.57828 	0
40.4675 	0.0364665 	0.118002 	1.57828 	0
40.5377 	0.0364665 	0.118002 	1.57828 	0
40.6078 	0.0364665 	0.118002 	1.57828 	0
40.6779 	0.0231489 	0.115368 	1.54554 	-1.50253e-20
40.7481 	0.0231489 	0.115368 	1.54554 	-1.50253e-20
40.8182 	0.0231489 	0.115368 	1.54554 	-1.50253e-20
40.8883 	0.0231489 	0.115368 	1.54554 	-1.50253e-20
40.9585 	0.0231489 	0.115368 	1.54554 	-1.50253e-20
41.0286 	0.0231489 	0.115368 	1.54554 	-1.50253e-20
41.0988 	0.0231489 	0.115368 	1.54554 	-1.50253e-20
41.1689 	0.0231489 	0.115368 	1.54554 	-1.50253e-20
41.239 	0.0274403 	0.0944094 	1.54738 	2.68624e-20
41.3092 	0.0274403 	0.0944094 	1.54738 	2.68624e-20
41.3793 	0.0274403 	0.0944094 	1.54738 	2.68624e-20
41.4494 	0.0274403 	0.0944094 	1.54738 	2.68624e-20
41.5196 	0.0274403 	0.0944094 	1.54738 	2.68624e-20
41.5897 	0.0274403 	0.0944094 	1.54738 	2.68624e-20
41.6598 	0.0274403 	0.0944094 	1.54738 	2.68624e-20
41.73 	0.0274403 	0.0944094 	1.54738 	2.68624e-20
41.8001 	0.0274403 	0.0944094 	1.54738 	2.68624e-20
41.8702 	0.0274403 	0.0944094 	1.54738 	2.68624e-20
41.9404 	0.0274403 	0.0944094 	1.54738 	2.68624e-20
42.0105 	0.0274403 	0.0944094 	1.54738 	2.68624e-20
42.0806 	0.0274403 	0.0944094 	1.54738 	2.68624e-20
42.1508 	0.0274403 	0.0944094 	1.54738 	2.68624e-20
42.2209 	0.0274403 	0.0944094 	1.54738 	2.68624e-20
42.291 	0.0274403 	0.0944094 	1.54738 	2.68624e-20
42.3612 	0.0274403 	0.0944094 	1.54738 	2.68624e-20
42.4313 	0.0274403 	0.0944094 	1.54738 	2.68624e-20
42.5014 	0.0274403 	0.0944094 	1.54738 	2.68624e-20
42.5716 	0.0274403 	0.0944094 	1.54738 	2.68624e-20
42.6417 	0.0274403 	0.0944094 	1.54738 	2.68624e-20
42.7118 	0.0146392 	0.0937831 	1.54861 	0
42.782 	0.0146392 	0.0937831 	1.54861 	0
42.8521 	0.0146392 	0.0937831 	1.54861 	0
42.9222 	0.0146392 	0.0937831 	1.54861 	0
42.9924 	0.0267443 	0.0522853 	1.59019 	0
43.0625 	0.0267443 	0.0522853 	1.59019 	0
43.1327 	0.0267443 	0.0522853 	1.59019 	0
43.2028 	0.0267443 	0.0522853 	1.59019 	0
43.2729 	0.0267443 	0.0522853 	1.59019 	0
43.3431 	0.0267443 	0.0522853 	1.59019 	0
43.4132 	0.0267443 	0.0522853 	1.59019 	0
43.4833 	0.0267443 	0.0522853 	1.59019 	0
43.5535 	0.0267443 	0.0522853 	1.59019 	0
43.6236 	0.0267443 	0.0522853 	1.59019 	0
43.6937 	0.0267443 	0.0522853 	1.59019 	0
43.7639 	0.0267443 	0.0522853 	1.59019 	0
43.834 	0.0267443 	0.0522853 	1.59019 	0
43.9041 	0.0267443 	0.0522853 	1.59019 	0
43.9743 	0.0267443 	0.0522853 	1.59019 	0
44.0444 	0.0267443 	0.0522853 	1.59019 	0
44.1145 	0.0267443 	0.0522853 	1.59019 	0
44.1847 	0.0267443 	0.0522853 	1.59019 	0
44.2548 	0.0267443 	0.0522853 	1.59019 	0
44.3249 	0.0267443 	0.0522853 	1.59019 	0
44.3951 	0.0267443 	0.0522853 	1.59019 	0
44.4652 	0.0267443 	0.0522853 	1.59019 	0
44.5353 	0.0267443 	0.0522853 	1.59019 	0
44.6055 	0.0267443 	0.0522853 	1.59019 	0
44.6756 	0.0267443 	0.0522853 	1.59019 	0
44.7457 	0.0267443 	0.0522853 	1.59019 	0
44.8159 	0.00537893 	0.0409192 	1.61917 	0
44.886 	0.00537893 	0.0409192 	1.61917 	0
44.9561 	0.00537893 	0.0409192 	1.61917 	0
45.0263 	0.00537893 	0.0409192 	1.61917 	0
45.0964 	0.00537893 	0.0409192 	1.61917 	0
45.1665 	0.00537893 	0.0409192 	1.61917 	0
45.2367 	0.00537893 	0.0409192 	1.61917 	0
45.3068 	0.00537893 	0.0409192 	1.61917 	0
45.377 	0.00537893 	0.0409192 	1.61917 	0
45.4471 	0.00537893 	0.0409192 	1.61917 	0
45.5172 	0.00537893 	0.0409192 	1.61917 	0
45.5874 	0.00537893 	0.0409192 	1.61917 	0
45.6575 	0.00537893 	0.0409192 	1.61917 	0
45.7276 	0.00537893 	0.0409192 	1.61917 	0
45.7978 	0.00537893 	0.0409192 	1.61917 	0
45.8679 	0.00537893 	0.0409192 	1.61917 	0
45.938 	0.00537893 	0.0409192 	1.61917 	0
46.0082 	0.00537893 	0.0409192 	1.61917 	0
46.0783 	0.00537893 	0.0409192 	1.61917 	0
46.1484 	0.00537893 	0.0409192 	1.61917 	0
46.2186 	0.00537893 	0.0409192 	1.61917 	0
46.2887 	0.00537893 	0.0409192 	1.61917 	0
46.3588 	0.00537893 	0.0409192 	1.61917 	0
46.429 	0.00537893 	0.0409192 	1.61917 	0
46.4991 	0.00537893 	0.0409192 	1.61917 	0
46.5692 	0.00537893 	0.0409192 	1.61917 	0
46.6394 	-0.0214785 	0.046871 	1.59539 	-2.65295e-20
46.7095 	-0.0214785 	0.046871 	1.59539 	-2.65295e-20
46.7796 	-0.0214785 	0.046871 	1.59539 	-2.65295e-20
46.8498 	-0.0214785 	0.046871 	1.59539 	-2.65295e-20
46.9199 	-0.0214785 	0.046871 	1.59539 	-2.65295e-20
46.99 	-0.0214785 	0.046871 	1.59539 	-2.65295e-20
47.0602 	-0.0214785 	0.046871 	1.59539 	-2.65295e-20
47.1303 	-0.0214785 	0.046871 	1.59539 	-2.65295e-20
47.2004 	-0.0214785 	0.046871 	1.59539 	-2.65295e-20
47.2706 	-0.0214785 	0.046871 	1.59539 	-2.65295e-20
47.3407 	-0.0214785 	0.046871 	1.59539 	-2.65295e-20
47.4108 	-0.0214785 	0.046871 	1.59539 	-2.65295e-20
47.481 	-0.0220669 	0.0379519 	1.5356 	4.12366e-20
47.5511 	-0.0220669 	0.0379519 	1.5356 	4.12366e-20
47.6213 	-0.0220669 	0.0379519 	1.5356 	4.12366e-20
47.6914 	-0.0220669 	0.0379519 	1.5356 	4.12366e-20
47.7615 	-0.0220669 	0.0379519 	1.5356 	4.12366e-20
47.8317 	-0.0220669 	0.0379519 	1.5356 	4.12366e-20
47.9018 	-0.0220669 	0.0379519 	1.5356 	4.12366e-20
47.9719 	-0.0220669 	0.0379519 	1.5356 	4.12366e-20
48.0421 	-0.0220669 	0.0379519 	1.5356 	4.12366e-20
48.1122 	-0.0220669 	0.0379519 	1.5356 	4.12366e-20
48.1823 	-0.0220669 	0.0379519 	1.5356 	4.12366e-20
48.2525 	-0.0220669 	0.0379519 	1.5356 	4.12366e-20
48.3226 	-0.0220669 	0.0379519 	1.5356 	4.12366e-20
48.3927 	-0.0220669 	0.0379519 	1.5356 	4.12366e-20
48.4629 	-0.0220669 	0.0379519 	1.5356 	4.12366e-20
48.533 	-0.0220669 	0.0379519 	1.5356 	4.12366e-20
48.6031 	-0.0220669 	0.0379519 	1.5356 	4.12366e-20
48.6733 	-0.0220669 	0.0379519 	1.5356 	4.12366e-20
48.7434 	-0.030519 	0.0360399 	1.49149 	0
48.8135 	-0.030519 	0.0360399 	1.49149 	0
48.8837 	-0.030519 	0.0360399 	1.49149 	0
48.9538 	-0.030519 	0.0360399 	1.49149 	0
49.0239 	-0.030519 	0.0360399 	1.49149 	0
49.0941 	-0.030519 	0.0360399 	1.49149 	0
49.1642 	-0.030519 	0.0360399 	1.49149 	0
49.2343 	-0.030519 	0.0360399 	1.49149 	0
49.3045 	-0.030519 	0.0360399 	1.49149 	0
49.3746 	-0.030519 	0.0360399 	1.49149 	0
49.4447 	-0.030519 	0.0360399 	1.49149 	0
49.5149 	-0.030519 	0.0360399 	1.49149 	0
49.585 	-0.030519 	0.0360399 	1.49149 	0
49.6551 	-0.030519 	0.0360399 	1.49149 	0
49.7253 	-0.030519 	0.0360399 	1.49149 	0
49.7954 	-0.030519 	0.0360399 	1.49149 	0
49.8656 	-0.030519 	0.0360399 	1.49149 	0
49.9357 	-0.030519 	0.0360399 	1.49149 	0
50.0058 	-0.030519 	0.0360399 	1.49149 	0
50.076 	-0.030519 	0.0360399 	1.49149 	0
50.1461 	-0.030519 	0.0360399 	1.49149 	0
50.2162 	-0.030519 	0.0360399 	1.49149 	0
50.2864 	-0.030519 	0.0360399 	1.49149 	0
50.3565 	-0.030519 	0.0360399 	1.49149 	0
50.4266 	-0.030519 	0.0360399 	1.49149 	0
50.4968 	0.000988972 	0.00428365 	1.98341 	3.50509e-21
50.5669 	0.000988972 	0.00428365 	1.98341 	3.50509e-21
50.637 	0.000988972 	0.00428365 	1.98341 	3.50509e-21
50.7072 	0.000988972 	0.00428365 	1.98341 	3.50509e-21
50.7773 	0.000988972 	0.00428365 	1.98341 	3.50509e-21
50.8474 	0.000988972 	0.00428365 	1.98341 	3.50509e-21
50.9176 	0.000988972 	0.00428365 	1.98341 	3.50509e-21
50.9877 	-0.0079031 	0.0131567 	1.98178 	4.26465e-22
51.0578 	-0.0079031 	0.0131567 	1.98178 	4.26465e-22
51.128 	-0.0121631 	-0.00139534 	1.69145 	-3.52918e-21
51.1981 	-0.0121631 	-0.00139534 	1.69145 	-3.52918e-21
51.2682 	-0.0121631 	-0.00139534 	1.69145 	-3.52918e-21
51.3384 	-0.0121631 	-0.00139534 	1.69145 	-3.52918e-21
51.4085 	-0.0121631 	-0.00139534 	1.69145 	-3.52918e-21
51.4786 	-0.0121631 	-0.00139534 	1.69145 	-3.52918e-21
51.5488 	-0.0121631 	-0.00139534 	1.69145 	-3.52918e-21
51.6189 	-0.0121631 	-0.00139534 	1.69145 	-3.52918e-21
51.689 	-0.0121631 	-0.00139534 	1.69145 	-3.52918e-21
51.7592 	-0.0121631 	-0.00139534 	1.69145 	-3.52918e-21
51.8293 	-0.0121631 	-0.00139534 	1.69145 	-3.52918e-21
51.8994 	-0.0121631 	-0.00139534 	1.69145 	-3.52918e-21
51.9696 	-0.0121631 	-0.00139534 	1.69145 	-3.52918e-21
52.0397 	-0.0121631 	-0.00139534 	1.69145 	-3.52918e-21
52.1099 	-0.0121631 	-0.00139534 	1.69145 	-3.52918e-21
52.18 	-0.0121631 	-0.00139534 	1.69145 	-3.52918e-21
52.2501 	-0.0121631 	-0.00139534 	1.69145 	-3.52918e-21
52.3203 	-0.0121631 	-0.00139534 	1.69145 	-3.52918e-21
52.3904 	-0.0121631 	-0.00139534 	1.69145 	-3.52918e-21
52.4605 	-0.0121631 	-0.00139534 	1.69145 	-3.52918e-21
52.5307 	-0.0121631 	-0.00139534 	1.69145 	-3.52918e-21
52.6008 	-0.0121631 	-0.00139534 	1.69145 	-3.52918e-21
52.6709 	-0.0121631 	-0.00139534 	1.69145 	-3.52918e-21
52.7411 	-0.0121631 	-0.00139534 	1.69145 	-3.52918e-21
52.8112 	-0.0121631 	-0.00139534 	1.69145 	-3.52918e-21
52.8813 	-0.0121631 	-0.00139534 	1.69145 	-3.52918e-21
52.9515 	-0.0121631 	-0.00139534 	1.69145 	-3.52918e-21
53.0216 	-0.0121631 	-0.00139534 	1.69145 	-3.52918e-21
53.0917 	-0.0121631 	-0.00139534 	1.69145 	-3.52918e-21
53.1619 	-0.0121631 	-0.00139534 	1.69145 	-3.52918e-21
53.232 	-0.0121631 	-0.00139534 	1.69145 	-3.52918e-21
53.3021 	-0.0121631 	-0.00139534 	1.69145 	-3.52918e-21
53.3723 	-0.0121631 	-0.00139534 	1.69145 	-3.52918e-21
53.4424 	-0.00629184 	0.00415197 	1.83725 	-3.55975e-21
53.5125 	-0.00629184 	0.00415197 	1.83725 	-3.55975e-21
53.5827 	-0.00629184 	0.00415197 	1.83725 	-3.55975e-21
53.6528 	-0.00629184 	0.00415197 	1.83725 	-3.55975e-21
53.7229 	-0.00629184 	0.00415197 	1.83725 	-3.55975e-21
53.7931 	-0.00629184 	0.00415197 	1.83725 	-3.55975e-21
53.8632 	-0.00629184 	0.00415197 	1.83725 	-3.55975e-21
53.9333 	-0.00629184 	0.00415197 	1.83725 	-3.55975e-21
54.0035 	-0.00629184 	0.00415197 	1.83725 	-3.55975e-21
54.0736 	-0.00629184 	0.00415197 	1.83725 	-3.55975e-21
54.1437 	-0.00629184 	0.00415197 	1.83725 	-3.55975e-21
54.2139 	-0.00629184 	0.00415197 	1.83725 	-3.55975e-21
54.284 	-0.00629184 	0.00415197 	1.83725 	-3.55975e-21
54.3542 	-0.00351883 	-0.00269038 	1.85311 	4.31221e-21
54.4243 	-0.00351883 	-0.00269038 	1.85311 	4.31221e-21
54.4944 	-0.00351883 	-0.00269038 	1.85311 	4.31221e-21
54.5646 	-0.00351883 	-0.00269038 	1.85311 	4.31221e-21
54.6347 	-0.00351883 	-0.00269038 	1.85311 	4.31221e-21
54.7048 	-0.00351883 	-0.00269038 	1.85311 	4.31221e-21
54.775 	-0.00351883 	-0.00269038 	1.85311 	4.31221e-21
54.8451 	-0.00351883 	-0.00269038 	1.85311 	4.31221e-21
54.9152 	-0.00351883 	-0.00269038 	1.85311 	4.31221e-21
54.9854 	-0.00351883 	-0.00269038 	1.85311 	4.31221e-21
55.0555 	-0.00351883 	-0.00269038 	1.85311 	4.31221e-21
55.1256 	-0.00952869 	0.0122103 	1.68779 	0
55.1958 	-0.00952869 	0.0122103 	1.68779 	0
55.2659 	-0.00952869 	0.0122103 	1.68779 	0
55.336 	-0.00952869 	0.0122103 	1.68779 	0
55.4062 	-0.00952869 	0.0122103 	1.68779 	0
55.4763 	-0.00952869 	0.0122103 	1.68779 	0
55.5464 	-0.00952869 	0.0122103 	1.68779 	0
55.6166 	-0.00952869 	0.0122103 	1.68779 	0
55.6867 	-0.00952869 	0.0122103 	1.68779 	0
55.7568 	-0.00952869 	0.0122103 	1.68779 	0
55.827 	-0.00952869 	0.0122103 	1.68779 	0
55.8971 	-0.00952869 	0.0122103 	1.68779 	0
55.9672 	-0.00952869 	0.0122103 	1.68779 	0
56.0374 	-0.00952869 	0.0122103 	1.68779 	0
56.1075 	-0.00952869 	0.0122103 	1.68779 	0
56.1776 	-0.00952869 	0.0122103 	1.68779 	0
56.2478 	-0.00952869 	0.0122103 	1.68779 	0
56.3179 	-0.00952869 	0.0122103 	1.68779 	0
56.3881 	-0.00801527 	-0.00954383 	1.93775 	-1.81437e-21
56.4582 	-0.00801527 	-0.00954383 	1.93775 	-1.81437e-21
56.5283 	-0.00801527 	-0.00954383 	1.93775 	-1.81437e-21
56.5985 	-0.00801527 	-0.00954383 	1.93775 	-1.81437e-21
56.6686 	-0.00801527 	-0.00954383 	1.93775 	-1.81437e-21
56.7387 	-0.00801527 	-0.00954383 	1.93775 	-1.81437e-21
56.8089 	-0.00801527 	-0.00954383 	1.93775 	-1.81437e-21
56.879 	-0.00801527 	-0.00954383 	1.93775 	-1.81437e-21
56.9491 	-0.0121097 	0.00233015 	1.88484 	1.12582e-20
57.0193 	-0.0121097 	0.00233015 	1.88484 	1.12582e-20
57.0894 	-0.0121097 	0.00233015 	1.88484 	1.12582e-20
57.1595 	-0.0121097 	0.00233015 	1.88484 	1.12582e-20
57.2297 	-0.0121097 	0.00233015 	1.88484 	1.12582e-20
57.2998 	-0.0121097 	0.00233015 	1.88484 	1.12582e-20
57.3699 	-0.0121097 	0.00233015 	1.88484 	1.12582e-20
57.4401 	-0.0121097 	0.00233015 	1.88484 	1.12582e-20
57.5102 	-0.0121097 	0.00233015 	1.88484 	1.12582e-20
57.5803 	-0.0121097 	0.00233015 	1.88484 	1.12582e-20
57.6505 	-0.0121097 	0.00233015 	1.88484 	1.12582e-20
57.7206 	-0.0121097 	0.00233015 	1.88484 	1.12582e-20
57.7907 	-0.0121097 	0.00233015 	1.88484 	1.12582e-20
57.8609 	-0.0121097 	0.00233015 	1.88484 	1.12582e-20
57.931 	-0.0121097 	0.00233015 	1.88484 	1.12582e-20
58.0011 	-0.0121097 	0.00233015 	1.88484 	1.12582e-20
58.0713 	-0.0121097 	0.00233015 	1.88484 	1.12582e-20
58.1414 	-0.0121097 	0.00233015 	1.88484 	1.12582e-20
58.2115 	-0.0121097 	0.00233015 	1.88484 	1.12582e-20
58.2817 	-0.0121097 	0.00233015 	1.88484 	1.12582e-20
58.3518 	-0.0121097 	0.00233015 	1.88484 	1.12582e-20
58.4219 	-0.0121097 	0.00233015 	1.88484 	1.12582e-20
58.4921 	-0.0121097 	0.00233015 	1.88484 	1.12582e-20
58.5622 	-0.0112218 	-0.0178337 	2.02296 	0
58.6324 	-0.0112218 	-0.0178337 	2.02296 	0
58.7025 	-0.0112218 	-0.0178337 	2.02296 	0
58.7726 	-0.0112218 	-0.0178337 	2.02296 	0
58.8428 	-0.0112218 	-0.0178337 	2.02296 	0
58.9129 	-0.0378165 	-0.00443142 	1.76101 	-3.03486e-20
58.983 	-0.0378165 	-0.00443142 	1.76101 	-3.03486e-20
59.0532 	-0.0378165 	-0.00443142 	1.76101 	-3.03486e-20
59.1233 	-0.0378165 	-0.00443142 	1.76101 	-3.03486e-20
59.1934 	-0.0378165 	-0.00443142 	1.76101 	-3.03486e-20
59.2636 	-0.0378165 	-0.00443142 	1.76101 	-3.03486e-20
59.3337 	-0.0378165 	-0.00443142 	1.76101 	-3.03486e-20
59.4038 	-0.0378165 	-0.00443142 	1.76101 	-3.03486e-20
59.474 	-0.0378165 	-0.00443142 	1.76101 	-3.03486e-20
59.5441 	-0.0378165 	-0.00443142 	1.76101 	-3.03486e-20
59.6142 	-0.0378165 	-0.00443142 	1.76101 	-3.03486e-20
59.6844 	-0.0378165 	-0.00443142 	1.76101 	-3.03486e-20
59.7545 	-0.0378165 	-0.00443142 	1.76101 	-3.03486e-20
59.8246 	-0.0378165 	-0.00443142 	1.76101 	-3.03486e-20
59.8948 	-0.0378165 	-0.00443142 	1.76101 	-3.03486e-20
59.9649 	-0.0378165 	-0.00443142 	1.76101 	-3.03486e-20
60.035 	-0.0378165 	-0.00443142 	1.76101 	-3.03486e-20
60.1052 	-0.0378165 	-0.00443142 	1.76101 	-3.03486e-20
60.1753 	-0.0378165 	-0.00443142 	1.76101 	-3.03486e-20
60.2454 	-0.0378165 	-0.00443142 	1.76101 	-3.03486e-20
60.3156 	-0.0378165 	-0.00443142 	1.76101 	-3.03486e-20
60.3857 	-0.0378165 	-0.00443142 	1.76101 	-3.03486e-20
60.4558 	-0.0378165 	-0.00443142 	1.76101 	-3.03486e-20
60.526 	-0.0378165 	-0.00443142 	1.76101 	-3.03486e-20
60.5961 	-0.0378165 	-0.00443142 	1.76101 	-3.03486e-20
60.6662 	-0.0342549 	0.000742729 	1.65377 	-4.39491e-21
60.7364 	-0.0342549 	0.000742729 	1.65377 	-4.39491e-21
60.8065 	-0.0342549 	0.000742729 	1.65377 	-4.39491e-21
60.8767 	-0.0342549 	0.000742729 	1.65377 	-4.39491e-21
60.9468 	-0.0342549 	0.000742729 	1.65377 	-4.39491e-21
61.0169 	-0.0342549 	0.000742729 	1.65377 	-4.39491e-21
61.0871 	-0.0342549 	0.000742729 	1.65377 	-4.39491e-21
61.1572 	-0.0342549 	0.000742729 	1.65377 	-4.39491e-21
61.2273 	-0.0342549 	0.000742729 	1.65377 	-4.39491e-21
61.2975 	-0.0342549 	0.000742729 	1.65377 	-4.39491e-21
61.3676 	-0.0342549 	0.000742729 	1.65377 	-4.39491e-21
61.4377 	-0.0342549 	0.000742729 	1.65377 	-4.39491e-21
61.5079 	-0.0342549 	0.000742729 	1.65377 	-4.39491e-21
61.578 	-0.0342549 	0.000742729 	1.65377 	-4.39491e-21
61.6481 	-0.0252001 	0.00373055 	1.62318 	-3.40743e-20
61.7183 	-0.0252001 	0.00373055 	1.62318 	-3.40743e-20
61.7884 	-0.0329268 	0.00293052 	1.57494 	-3.59592e-20
61.8585 	-0.0329268 	0.00293052 	1.57494 	-3.59592e-20
61.9287 	-0.0329268 	0.00293052 	1.57494 	-3.59592e-20
61.9988 	-0.0329268 	0.00293052 	1.57494 	-3.59592e-20
62.0689 	-0.0329268 	0.00293052 	1.57494 	-3.59592e-20
62.1391 	-0.0329268 	0.00293052 	1.57494 	-3.59592e-20
62.2092 	-0.0113251 	-0.0201213 	2.02528 	0
62.2793 	-0.0113251 	-0.0201213 	2.02528 	0
62.3495 	-0.0113251 	-0.0201213 	2.02528 	0
62.4196 	-0.0113251 	-0.0201213 	2.02528 	0
62.4897 	-0.0113251 	-0.0201213 	2.02528 	0
62.5599 	-0.0113251 	-0.0201213 	2.02528 	0
62.63 	-0.0113251 	-0.0201213 	2.02528 	0
62.7001 	-0.0113251 	-0.0201213 	2.02528 	0
62.7703 	-0.0113251 	-0.0201213 	2.02528 	0
62.8404 	-0.0113251 	-0.0201213 	2.02528 	0
62.9105 	-0.0113251 	-0.0201213 	2.02528 	0
62.9807 	-0.0113251 	-0.0201213 	2.02528 	0
63.0508 	-0.0113251 	-0.0201213 	2.02528 	0
63.121 	-0.0113251 	-0.0201213 	2.02528 	0
63.1911 	-0.0113251 	-0.0201213 	2.02528 	0
63.2612 	-0.0113251 	-0.0201213 	2.02528 	0
63.3314 	-0.0113251 	-0.0201213 	2.02528 	0
63.4015 	-0.0113251 	-0.0201213 	2.02528 	0
63.4716 	-0.0113251 	-0.0201213 	2.02528 	0
63.5418 	-0.0113251 	-0.0201213 	2.02528 	0
63.6119 	-0.0113251 	-0.0201213 	2.02528 	0
63.682 	-0.0113251 	-0.0201213 	2.02528 	0
63.7522 	-0.0113251 	-0.0201213 	2.02528 	0
63.8223 	-0.0113251 	-0.0201213 	2.02528 	0
63.8924 	-0.0113251 	-0.0201213 	2.02528 	0
63.9626 	-0.0113251 	-0.0201213 	2.02528 	0
64.0327 	-0.0113251 	-0.0201213 	2.02528 	0
64.1028 	-0.0113251 	-0.0201213 	2.02528 	0
64.173 	-0.00316356 	-0.0240665 	2.01781 	8.32512e-22
64.2431 	-0.00316356 	-0.0240665 	2.01781 	8.32512e-22
64.3132 	-0.00316356 	-0.0240665 	2.01781 	8.32512e-22
64.3834 	-0.00316356 	-0.0240665 	2.01781 	8.32512e-22
64.4535 	-0.00316356 	-0.0240665 	2.01781 	8.32512e-22
64.5236 	-0.00316356 	-0.0240665 	2.01781 	8.32512e-22
64.5938 	-0.00316356 	-0.0240665 	2.01781 	8.32512e-22
64.6639 	-0.00316356 	-0.0240665 	2.01781 	8.32512e-22
64.734 	-0.00316356 	-0.0240665 	2.01781 	8.32512e-22
64.8042 	-0.00316356 	-0.0240665 	2.01781 	8.32512e-22
64.8743 	0.00348075 	-0.0140829 	2.01227 	0
64.9444 	0.00348075 	-0.0140829 	2.01227 	0
65.0146 	0.00348075 	-0.0140829 	2.01227 	0
65.0847 	0.00348075 	-0.0140829 	2.01227 	0
65.1548 	0.00348075 	-0.0140829 	2.01227 	0
65.225 	0.00348075 	-0.0140829 	2.01227 	0
65.2951 	0.00348075 	-0.0140829 	2.01227 	0
65.3653 	0.00348075 	-0.0140829 	2.01227 	0
65.4354 	0.00348075 	-0.0140829 	2.01227 	0
65.5055 	0.00348075 	-0.0140829 	2.01227 	0
65.5757 	0.00348075 	-0.0140829 	2.01227 	0
65.6458 	0.00348075 	-0.0140829 	2.01227 	0
65.7159 	0.00348075 	-0.0140829 	2.01227 	0
65.7861 	0.00348075 	-0.0140829 	2.01227 	0
65.8562 	0.00348075 	-0.0140829 	2.01227 	0
65.9263 	0.00348075 	-0.0140829 	2.01227 	0
65.9965 	0.00348075 	-0.0140829 	2.01227 	0
66.0666 	0.00348075 	-0.0140829 	2.01227 	0
66.1367 	0.00348075 	-0.0140829 	2.01227 	0
66.2069 	0.00348075 	-0.0140829 	2.01227 	0
66.277 	0.00348075 	-0.0140829 	2.01227 	0
66.3471 	0.00348075 	-0.0140829 	2.01227 	0
66.4173 	0.00348075 	-0.0140829 	2.01227 	0
66.4874 	0.00348075 	-0.0140829 	2.01227 	0
66.5575 	0.00348075 	-0.0140829 	2.01227 	0
66.6277 	0.00348075 	-0.0140829 	2.01227 	0
66.6978 	0.00348075 	-0.0140829 	2.01227 	0
66.7679 	0.00348075 	-0.0140829 	2.01227 	0
66.8381 	0.00348075 	-0.0140829 	2.01227 	0
66.9082 	0.00348075 	-0.0140829 	2.01227 	0
66.9783 	0.000811827 	-0.0292044 	1.7387 	0
67.0485 	0.000811827 	-0.0292044 	1.7387 	0
67.1186 	0.000811827 	-0.0292044 	1.7387 	0
67.1887 	0.000811827 	-0.0292044 	1.7387 	0
67.2589 	0.000811827 	-0.0292044 	1.7387 	0
67.329 	0.000811827 	-0.0292044 	1.7387 	0
67.3991 	-0.00936632 	-0.0306442 	1.69582 	0
67.4693 	-0.00936632 	-0.0306442 	1.69582 	0
67.5394 	-0.0106164 	-0.0255757 	1.98672 	0
67.6096 	-0.0106164 	-0.0255757 	1.98672 	0
67.6797 	-0.0106164 	-0.0255757 	1.98672 	0
67.7498 	-0.0106164 	-0.0255757 	1.98672 	0
67.82 	-0.0106164 	-0.0255757 	1.98672 	0
67.8901 	-0.0106164 	-0.0255757 	1.98672 	0
67.9602 	-0.0106164 	-0.0255757 	1.98672 	0
68.0304 	-0.0106164 	-0.0255757 	1.98672 	0
68.1005 	-0.0106164 	-0.0255757 	1.98672 	0
68.1706 	-0.0106164 	-0.0255757 	1.98672 	0
68.2408 	-0.0106164 	-0.0255757 	1.98672 	0
68.3109 	-0.0106164 	-0.0255757 	1.98672 	0
68.381 	-0.0106164 	-0.0255757 	1.98672 	0
68.4512 	-0.0106164 	-0.0255757 	1.98672 	0
68.5213 	-0.0106164 	-0.0255757 	1.98672 	0
68.5914 	-0.0106164 	-0.0255757 	1.98672 	0
68.6616 	-0.0106164 	-0.0255757 	1.98672 	0
68.7317 	-0.0106164 	-0.0255757 	1.98672 	0
68.8018 	-0.0106164 	-0.0255757 	1.98672 	0
68.872 	-0.0106164 	-0.0255757 	1.98672 	0
68.9421 	-0.0106164 	-0.0255757 	1.98672 	0
69.0122 	-0.0106164 	-0.0255757 	1.98672 	0
