0.490941 	2.18962 	0.00437334 	3.00032 	-3.10425e-20
0.561075 	2.18962 	0.00437334 	3.00032 	-3.10425e-20
0.63121 	2.18962 	0.00437334 	3.00032 	-3.10425e-20
0.701344 	2.18962 	0.00437334 	3.00032 	-3.10425e-20
0.771478 	2.18962 	0.00437334 	3.00032 	-3.10425e-20
0.841613 	2.18962 	0.00437334 	3.00032 	-3.10425e-20
0.911747 	2.1646 	0.0144597 	3.00802 	-7.15906e-20
0.981881 	2.1646 	0.0144597 	3.00802 	-7.15906e-20
1.05202 	2.1646 	0.0144597 	3.00802 	-7.15906e-20
1.12215 	2.1646 	0.0144597 	3.00802 	-7.15906e-20
1.19228 	2.1646 	0.0144597 	3.00802 	-7.15906e-20
1.26242 	2.1646 	0.0144597 	3.00802 	-7.15906e-20
1.33255 	2.12065 	0.0193311 	3.02329 	7.15414e-20
1.40269 	2.12065 	0.0193311 	3.02329 	7.15414e-20
1.47282 	2.12065 	0.0193311 	3.02329 	7.15414e-20
1.54296 	2.12065 	0.0193311 	3.02329 	7.15414e-20
1.61309 	2.12065 	0.0193311 	3.02329 	7.15414e-20
1.68323 	2.12065 	0.0193311 	3.02329 	7.15414e-20
1.75336 	2.06031 	0.0246825 	3.04253 	3.43205e-20
1.82349 	2.06031 	0.0246825 	3.04253 	3.43205e-20
1.89363 	2.06031 	0.0246825 	3.04253 	3.43205e-20
1.96376 	2.06031 	0.0246825 	3.04253 	3.43205e-20
2.0339 	2.06031 	0.0246825 	3.04253 	3.43205e-20
2.10403 	2.06031 	0.0246825 	3.04253 	3.43205e-20
2.17417 	1.98903 	0.024239 	3.06665 	0
2.2443 	1.98903 	0.024239 	3.06665 	0
2.31443 	1.98903 	0.024239 	3.06665 	0
2.38457 	1.98903 	0.024239 	3.06665 	0
2.4547 	1.98903 	0.024239 	3.06665 	0
2.52484 	1.98903 	0.024239 	3.06665 	0
2.59497 	1.91268 	0.0255831 	3.09075 	-1.56809e-19
2.66511 	1.91268 	0.0255831 	3.09075 	-1.56809e-19
2.73524 	1.91268 	0.0255831 	3.09075 	-1.56809e-19
2.80538 	1.91268 	0.0255831 	3.09075 	-1.56809e-19
2.87551 	1.91268 	0.0255831 	3.09075 	-1.56809e-19
2.94564 	1.91268 	0.0255831 	3.09075 	-1.56809e-19
3.01578 	1.83633 	0.0233215 	3.11623 	1.24844e-19
3.08591 	1.83633 	0.0233215 	3.11623 	1.24844e-19
3.15605 	1.83633 	0.0233215 	3.11623 	1.24844e-19
3.22618 	1.83633 	0.0233215 	3.11623 	1.24844e-19
3.29632 	1.83633 	0.0233215 	3.11623 	1.24844e-19
3.36645 	1.83633 	0.0233215 	3.11623 	1.24844e-19
3.43659 	1.76184 	0.0248803 	3.13929 	-2.29667e-19
3.50672 	1.76184 	0.0248803 	3.13929 	-2.29667e-19
3.57685 	1.76184 	0.0248803 	3.13929 	-2.29667e-19
3.64699 	1.76184 	0.0248803 	3.13929 	-2.29667e-19
3.71712 	1.76184 	0.0248803 	3.13929 	-2.29667e-19
3.78726 	1.75395 	0.0140532 	3.13812 	-2.55038e-19
3.85739 	1.68075 	0.0119174 	3.16275 	4.70307e-19
3.92753 	1.68075 	0.0119174 	3.16275 	4.70307e-19
3.99766 	1.68075 	0.0119174 	3.16275 	4.70307e-19
4.06779 	1.68075 	0.0119174 	3.16275 	4.70307e-19
4.13793 	1.68075 	0.0119174 	3.16275 	4.70307e-19
4.20806 	1.68075 	0.0119174 	3.16275 	4.70307e-19
4.2782 	1.60953 	0.0142148 	3.18386 	-2.69559e-19
4.34833 	1.60953 	0.0142148 	3.18386 	-2.69559e-19
4.41847 	1.60953 	0.0142148 	3.18386 	-2.69559e-19
4.4886 	1.60953 	0.0142148 	3.18386 	-2.69559e-19
4.55874 	1.60953 	0.0142148 	3.18386 	-2.69559e-19
4.62887 	1.60953 	0.0142148 	3.18386 	-2.69559e-19
4.699 	1.60953 	0.0142148 	3.18386 	-2.69559e-19
4.76914 	1.54011 	0.011842 	3.2071 	-1.98286e-19
4.83927 	1.54011 	0.011842 	3.2071 	-1.98286e-19
4.90941 	1.54011 	0.011842 	3.2071 	-1.98286e-19
4.97954 	1.54011 	0.011842 	3.2071 	-1.98286e-19
5.04968 	1.54011 	0.011842 	3.2071 	-1.98286e-19
5.11981 	1.54011 	0.011842 	3.2071 	-1.98286e-19
5.18994 	1.47238 	0.0138915 	3.2267 	1.74076e-19
5.26008 	1.47238 	0.0138915 	3.2267 	1.74076e-19
5.33021 	1.47238 	0.0138915 	3.2267 	1.74076e-19
5.40035 	1.47238 	0.0138915 	3.2267 	1.74076e-19
5.47048 	1.47238 	0.0138915 	3.2267 	1.74076e-19
5.54062 	1.47238 	0.0138915 	3.2267 	1.74076e-19
5.61075 	1.40726 	0.011205 	3.24844 	-3.39012e-19
5.68089 	1.40726 	0.011205 	3.24844 	-3.39012e-19
5.75102 	1.40726 	0.011205 	3.24844 	-3.39012e-19
5.82115 	1.40726 	0.011205 	3.24844 	-3.39012e-19
5.89129 	1.40726 	0.011205 	3.24844 	-3.39012e-19
5.96142 	1.40726 	0.011205 	3.24844 	-3.39012e-19
6.03156 	1.34531 	0.0134236 	3.26588 	3.61845e-19
6.10169 	1.34531 	0.0134236 	3.26588 	3.61845e-19
6.17183 	1.34531 	0.0134236 	3.26588 	3.61845e-19
6.24196 	1.34531 	0.0134236 	3.26588 	3.61845e-19
6.3121 	1.34531 	0.0134236 	3.26588 	3.61845e-19
6.38223 	1.34531 	0.0134236 	3.26588 	3.61845e-19
6.45236 	1.28737 	0.0109203 	3.28534 	2.10638e-20
6.5225 	1.28737 	0.0109203 	3.28534 	2.10638e-20
6.59263 	1.28737 	0.0109203 	3.28534 	2.10638e-20
6.66277 	1.28737 	0.0109203 	3.28534 	2.10638e-20
6.7329 	1.28737 	0.0109203 	3.28534 	2.10638e-20
6.80304 	1.28737 	0.0109203 	3.28534 	2.10638e-20
6.87317 	1.23351 	0.0137014 	3.29997 	-2.017e-20
6.9433 	1.23351 	0.0137014 	3.29997 	-2.017e-20
7.01344 	1.23351 	0.0137014 	3.29997 	-2.017e-20
7.08357 	1.23351 	0.0137014 	3.29997 	-2.017e-20
7.15371 	1.23351 	0.0137014 	3.29997 	-2.017e-20
7.22384 	1.23351 	0.0137014 	3.29997 	-2.017e-20
7.29398 	1.18392 	0.0115379 	3.31688 	0
7.36411 	1.18392 	0.0115379 	3.31688 	0
7.43425 	1.18392 	0.0115379 	3.31688 	0
7.50438 	1.18392 	0.0115379 	3.31688 	0
7.57451 	1.18392 	0.0115379 	3.31688 	0
7.64465 	1.18392 	0.0115379 	3.31688 	0
7.71478 	1.18392 	0.0115379 	3.31688 	0
7.78492 	1.13808 	0.0149233 	3.32878 	0
7.85505 	1.13808 	0.0149233 	3.32878 	0
7.92519 	1.13808 	0.0149233 	3.32878 	0
7.99532 	1.13808 	0.0149233 	3.32878 	0
8.06545 	1.13808 	0.0149233 	3.32878 	0
8.13559 	1.13808 	0.0149233 	3.32878 	0
8.20572 	1.09581 	0.0130839 	3.34356 	0
8.27586 	1.09581 	0.0130839 	3.34356 	0
8.34599 	1.09581 	0.0130839 	3.34356 	0
8.41613 	1.09581 	0.0130839 	3.34356 	0
8.48626 	1.09581 	0.0130839 	3.34356 	0
8.5564 	1.09581 	0.0130839 	3.34356 	0
8.62653 	1.05642 	0.0172024 	3.35323 	2.13929e-22
8.69666 	1.05642 	0.0172024 	3.35323 	2.13929e-22
8.7668 	1.05642 	0.0172024 	3.35323 	2.13929e-22
8.83693 	1.05642 	0.0172024 	3.35323 	2.13929e-22
8.90707 	1.05642 	0.0172024 	3.35323 	2.13929e-22
8.9772 	1.05642 	0.0172024 	3.35323 	2.13929e-22
9.04734 	1.01971 	0.0158536 	3.36647 	-2.46606e-19
9.11747 	1.01971 	0.0158536 	3.36647 	-2.46606e-19
9.18761 	1.01971 	0.0158536 	3.36647 	-2.46606e-19
9.25774 	1.00565 	0.0118045 	3.36906 	-2.57956e-20
9.32787 	1.00565 	0.0118045 	3.36906 	-2.57956e-20
9.39801 	1.00565 	0.0118045 	3.36906 	-2.57956e-20
9.46814 	1.00565 	0.0118045 	3.36906 	-2.57956e-20
9.53828 	0.970165 	0.0179651 	3.37778 	-2.55584e-19
9.60841 	0.970165 	0.0179651 	3.37778 	-2.55584e-19
9.67855 	0.970165 	0.0179651 	3.37778 	-2.55584e-19
9.74868 	0.970165 	0.0179651 	3.37778 	-2.55584e-19
9.81881 	0.970165 	0.0179651 	3.37778 	-2.55584e-19
9.88895 	0.970165 	0.0179651 	3.37778 	-2.55584e-19
9.95908 	0.936304 	0.0175831 	3.3898 	-1.52661e-20
10.0292 	0.936304 	0.0175831 	3.3898 	-1.52661e-20
10.0994 	0.936304 	0.0175831 	3.3898 	-1.52661e-20
10.1695 	0.936304 	0.0175831 	3.3898 	-1.52661e-20
10.2396 	0.936304 	0.0175831 	3.3898 	-1.52661e-20
10.3098 	0.936304 	0.0175831 	3.3898 	-1.52661e-20
10.3799 	0.903538 	0.0255627 	3.39742 	2.2951e-19
10.45 	0.903538 	0.0255627 	3.39742 	2.2951e-19
10.5202 	0.903538 	0.0255627 	3.39742 	2.2951e-19
10.5903 	0.903538 	0.0255627 	3.39742 	2.2951e-19
10.6604 	0.903538 	0.0255627 	3.39742 	2.2951e-19
10.7306 	0.903538 	0.0255627 	3.39742 	2.2951e-19
10.8007 	0.871737 	0.0268538 	3.40901 	-2.43703e-19
10.8708 	0.871737 	0.0268538 	3.40901 	-2.43703e-19
10.941 	0.871737 	0.0268538 	3.40901 	-2.43703e-19
11.0111 	0.871737 	0.0268538 	3.40901 	-2.43703e-19
11.0812 	0.871737 	0.0268538 	3.40901 	-2.43703e-19
11.1514 	0.871737 	0.0268538 	3.40901 	-2.43703e-19
11.2215 	0.871737 	0.0268538 	3.40901 	-2.43703e-19
11.2916 	0.840339 	0.0377931 	3.41587 	-4.26064e-19
11.3618 	0.840339 	0.0377931 	3.41587 	-4.26064e-19
11.4319 	0.840339 	0.0377931 	3.41587 	-4.26064e-19
11.502 	0.840339 	0.0377931 	3.41587 	-4.26064e-19
11.5722 	0.840339 	0.0377931 	3.41587 	-4.26064e-19
11.6423 	0.840339 	0.0377931 	3.41587 	-4.26064e-19
11.7124 	0.809002 	0.0419849 	3.42751 	4.12376e-19
11.7826 	0.809002 	0.0419849 	3.42751 	4.12376e-19
11.8527 	0.809002 	0.0419849 	3.42751 	4.12376e-19
11.9228 	0.809002 	0.0419849 	3.42751 	4.12376e-19
11.993 	0.809002 	0.0419849 	3.42751 	4.12376e-19
12.0631 	0.809002 	0.0419849 	3.42751 	4.12376e-19
12.1332 	0.776848 	0.0576569 	3.43421 	0
12.2034 	0.776848 	0.0576569 	3.43421 	0
12.2735 	0.776848 	0.0576569 	3.43421 	0
12.3437 	0.776848 	0.0576569 	3.43421 	0
12.4138 	0.776848 	0.0576569 	3.43421 	0
12.4839 	0.776848 	0.0576569 	3.43421 	0
12.5541 	0.776848 	0.0576569 	3.43421 	0
12.6242 	0.743305 	0.0659086 	3.44651 	-1.16321e-20
12.6943 	0.743305 	0.0659086 	3.44651 	-1.16321e-20
12.7645 	0.743305 	0.0659086 	3.44651 	-1.16321e-20
12.8346 	0.743305 	0.0659086 	3.44651 	-1.16321e-20
12.9047 	0.743305 	0.0659086 	3.44651 	-1.16321e-20
12.9749 	0.743305 	0.0659086 	3.44651 	-1.16321e-20
13.045 	0.70757 	0.0884097 	3.45383 	1.17122e-20
13.1151 	0.70757 	0.0884097 	3.45383 	1.17122e-20
13.1853 	0.70757 	0.0884097 	3.45383 	1.17122e-20
13.2554 	0.70757 	0.0884097 	3.45383 	1.17122e-20
13.3255 	0.70757 	0.0884097 	3.45383 	1.17122e-20
13.3957 	0.70757 	0.0884097 	3.45383 	1.17122e-20
13.4658 	0.70757 	0.0884097 	3.45383 	1.17122e-20
13.5359 	0.669607 	0.101611 	3.4672 	0
13.6061 	0.669607 	0.101611 	3.4672 	0
13.6762 	0.669607 	0.101611 	3.4672 	0
13.7463 	0.669607 	0.101611 	3.4672 	0
13.8165 	0.669607 	0.101611 	3.4672 	0
13.8866 	0.669607 	0.101611 	3.4672 	0
13.9567 	0.629796 	0.145693 	3.47831 	7.83525e-22
14.0269 	0.629796 	0.145693 	3.47831 	7.83525e-22
14.097 	0.629796 	0.145693 	3.47831 	7.83525e-22
14.1671 	0.629796 	0.145693 	3.47831 	7.83525e-22
14.2373 	0.629796 	0.145693 	3.47831 	7.83525e-22
14.3074 	0.629796 	0.145693 	3.47831 	7.83525e-22
14.3776 	0.614054 	0.144044 	3.48191 	1.23805e-19
14.4477 	0.518092 	0.147144 	3.5082 	-1.80149e-20
14.5178 	0.518092 	0.147144 	3.5082 	-1.80149e-20
14.588 	0.518092 	0.147144 	3.5082 	-1.80149e-20
14.6581 	0.538409 	0.160119 	3.50107 	0
14.7282 	0.538409 	0.160119 	3.50107 	0
14.7984 	0.457655 	0.174934 	3.52415 	-1.86729e-19
14.8685 	0.488446 	0.197662 	3.51396 	-1.88671e-19
14.9386 	0.488446 	0.197662 	3.51396 	-1.88671e-19
15.0088 	0.488446 	0.197662 	3.51396 	-1.88671e-19
15.0789 	0.488446 	0.197662 	3.51396 	-1.88671e-19
15.149 	0.526918 	0.214215 	3.50305 	1.87027e-19
15.2192 	0.433525 	0.231768 	3.53684 	1.62122e-19
15.2893 	0.433525 	0.231768 	3.53684 	1.62122e-19
15.3594 	0.433525 	0.231768 	3.53684 	1.62122e-19
15.4296 	0.472184 	0.2522 	3.51598 	-5.3885e-19
15.4997 	0.472184 	0.2522 	3.51598 	-5.3885e-19
15.5698 	0.379189 	0.267984 	3.54415 	2.88109e-19
15.64 	0.379189 	0.267984 	3.54415 	2.88109e-19
15.7101 	0.379189 	0.267984 	3.54415 	2.88109e-19
15.7802 	0.422739 	0.285488 	3.53572 	-4.7774e-19
15.8504 	0.422739 	0.285488 	3.53572 	-4.7774e-19
15.9205 	0.329765 	0.305334 	3.55145 	-1.36439e-19
15.9906 	0.329765 	0.305334 	3.55145 	-1.36439e-19
16.0608 	0.329765 	0.305334 	3.55145 	-1.36439e-19
16.1309 	0.384098 	0.330276 	3.53103 	0
16.201 	0.384098 	0.330276 	3.53103 	0
16.2712 	0.291089 	0.343844 	3.56334 	0
16.3413 	0.291089 	0.343844 	3.56334 	0
16.4114 	0.291089 	0.343844 	3.56334 	0
16.4816 	0.291089 	0.343844 	3.56334 	0
16.5517 	0.362216 	0.360045 	3.53986 	-1.97898e-19
16.6219 	0.273574 	0.395317 	3.55929 	5.47858e-20
16.692 	0.273574 	0.395317 	3.55929 	5.47858e-20
16.7621 	0.273574 	0.395317 	3.55929 	5.47858e-20
16.8323 	0.273574 	0.395317 	3.55929 	5.47858e-20
16.9024 	0.273574 	0.395317 	3.55929 	5.47858e-20
16.9725 	0.282207 	0.435541 	3.5514 	0
17.0427 	0.282207 	0.435541 	3.5514 	0
17.1128 	0.282207 	0.435541 	3.5514 	0
17.1829 	0.282207 	0.435541 	3.5514 	0
17.2531 	0.205788 	0.463855 	3.57075 	0
17.3232 	0.205788 	0.463855 	3.57075 	0
17.3933 	0.205788 	0.463855 	3.57075 	0
17.4635 	0.309859 	0.487963 	3.55187 	1.8324e-19
17.5336 	0.309859 	0.487963 	3.55187 	1.8324e-19
17.6037 	0.242442 	0.508324 	3.5599 	0
17.6739 	0.242442 	0.508324 	3.5599 	0
17.744 	0.242442 	0.508324 	3.5599 	0
17.8141 	0.242442 	0.508324 	3.5599 	0
17.8843 	0.242442 	0.508324 	3.5599 	0
17.9544 	0.285975 	0.566015 	3.54921 	1.62687e-19
18.0245 	0.285975 	0.566015 	3.54921 	1.62687e-19
18.0947 	0.285975 	0.566015 	3.54921 	1.62687e-19
18.1648 	0.285975 	0.566015 	3.54921 	1.62687e-19
18.2349 	0.23042 	0.580675 	3.55941 	-2.37315e-19
18.3051 	0.23042 	0.580675 	3.55941 	-2.37315e-19
18.3752 	0.23042 	0.580675 	3.55941 	-2.37315e-19
18.4453 	0.23042 	0.580675 	3.55941 	-2.37315e-19
18.5155 	0.23042 	0.580675 	3.55941 	-2.37315e-19
18.5856 	0.270825 	0.623948 	3.54133 	-3.42317e-19
18.6557 	0.270825 	0.623948 	3.54133 	-3.42317e-19
18.7259 	0.270825 	0.623948 	3.54133 	-3.42317e-19
18.796 	0.270825 	0.623948 	3.54133 	-3.42317e-19
18.8662 	0.218549 	0.641341 	3.55287 	2.87389e-19
18.9363 	0.218549 	0.641341 	3.55287 	2.87389e-19
19.0064 	0.218549 	0.641341 	3.55287 	2.87389e-19
19.0766 	0.218549 	0.641341 	3.55287 	2.87389e-19
19.1467 	0.218549 	0.641341 	3.55287 	2.87389e-19
19.2168 	0.168972 	0.666933 	3.56983 	4.95653e-20
19.287 	0.261579 	0.66711 	3.52638 	1.9432e-19
19.3571 	0.261579 	0.66711 	3.52638 	1.9432e-19
19.4272 	0.261579 	0.66711 	3.52638 	1.9432e-19
19.4974 	0.261579 	0.66711 	3.52638 	1.9432e-19
19.5675 	0.211002 	0.688377 	3.5406 	3.87805e-20
19.6376 	0.211002 	0.688377 	3.5406 	3.87805e-20
19.7078 	0.211002 	0.688377 	3.5406 	3.87805e-20
19.7779 	0.211002 	0.688377 	3.5406 	3.87805e-20
19.848 	0.211002 	0.688377 	3.5406 	3.87805e-20
19.9182 	0.16242 	0.717067 	3.55875 	-8.13733e-20
19.9883 	0.16242 	0.717067 	3.55875 	-8.13733e-20
20.0584 	0.256171 	0.692411 	3.49123 	0
20.1286 	0.256171 	0.692411 	3.49123 	0
20.1987 	0.256171 	0.692411 	3.49123 	0
20.2688 	0.205334 	0.718026 	3.51717 	6.24081e-20
20.339 	0.205334 	0.718026 	3.51717 	6.24081e-20
20.4091 	0.205334 	0.718026 	3.51717 	6.24081e-20
20.4792 	0.205334 	0.718026 	3.51717 	6.24081e-20
20.5494 	0.205334 	0.718026 	3.51717 	6.24081e-20
20.6195 	0.155705 	0.751008 	3.54176 	-2.85718e-20
20.6896 	0.155705 	0.751008 	3.54176 	-2.85718e-20
20.7598 	0.155705 	0.751008 	3.54176 	-2.85718e-20
20.8299 	0.155705 	0.751008 	3.54176 	-2.85718e-20
20.9 	0.249698 	0.699619 	3.38625 	3.41875e-19
20.9702 	0.19896 	0.728792 	3.44472 	1.36769e-19
21.0403 	0.19896 	0.728792 	3.44472 	1.36769e-19
21.1105 	0.19896 	0.728792 	3.44472 	1.36769e-19
21.1806 	0.19896 	0.728792 	3.44472 	1.36769e-19
21.2507 	0.19896 	0.728792 	3.44472 	1.36769e-19
21.3209 	0.151202 	0.764897 	3.49179 	-9.49473e-20
21.391 	0.151202 	0.764897 	3.49179 	-9.49473e-20
21.4611 	0.151202 	0.764897 	3.49179 	-9.49473e-20
21.5313 	0.151202 	0.764897 	3.49179 	-9.49473e-20
21.6014 	0.151202 	0.764897 	3.49179 	-9.49473e-20
21.6715 	0.151202 	0.764897 	3.49179 	-9.49473e-20
21.7417 	0.107281 	0.78824 	3.51766 	1.40153e-20
21.8118 	0.107281 	0.78824 	3.51766 	1.40153e-20
21.8819 	0.107281 	0.78824 	3.51766 	1.40153e-20
21.9521 	0.186273 	0.719244 	3.24719 	4.77331e-20
22.0222 	0.186273 	0.719244 	3.24719 	4.77331e-20
22.0923 	0.148204 	0.756847 	3.33992 	1.37432e-19
22.1625 	0.148204 	0.756847 	3.33992 	1.37432e-19
22.2326 	0.148204 	0.756847 	3.33992 	1.37432e-19
22.3027 	0.148204 	0.756847 	3.33992 	1.37432e-19
22.3729 	0.148204 	0.756847 	3.33992 	1.37432e-19
22.443 	0.148204 	0.756847 	3.33992 	1.37432e-19
22.5131 	0.106183 	0.785795 	3.40784 	-3.72252e-20
22.5833 	0.106183 	0.785795 	3.40784 	-3.72252e-20
22.6534 	0.106183 	0.785795 	3.40784 	-3.72252e-20
22.7235 	0.106183 	0.785795 	3.40784 	-3.72252e-20
22.7937 	0.106183 	0.785795 	3.40784 	-3.72252e-20
22.8638 	0.0626027 	0.818697 	3.46053 	-6.51802e-20
22.9339 	0.0626027 	0.818697 	3.46053 	-6.51802e-20
23.0041 	0.0626027 	0.818697 	3.46053 	-6.51802e-20
23.0742 	0.103119 	0.709096 	2.90975 	1.10627e-19
23.1443 	0.103119 	0.709096 	2.90975 	1.10627e-19
23.2145 	0.103119 	0.709096 	2.90975 	1.10627e-19
23.2846 	0.0679664 	0.749591 	3.07157 	7.74505e-21
23.3548 	0.0679664 	0.749591 	3.07157 	7.74505e-21
23.4249 	0.0679664 	0.749591 	3.07157 	7.74505e-21
23.495 	0.0679664 	0.749591 	3.07157 	7.74505e-21
23.5652 	0.0679664 	0.749591 	3.07157 	7.74505e-21
23.6353 	0.0679664 	0.749591 	3.07157 	7.74505e-21
23.7054 	0.0352203 	0.782545 	3.18166 	1.48233e-20
23.7756 	0.0352203 	0.782545 	3.18166 	1.48233e-20
23.8457 	0.0352203 	0.782545 	3.18166 	1.48233e-20
23.9158 	0.0352203 	0.782545 	3.18166 	1.48233e-20
23.986 	0.0352203 	0.782545 	3.18166 	1.48233e-20
24.0561 	0.0352203 	0.782545 	3.18166 	1.48233e-20
24.1262 	0.00179453 	0.814428 	3.27822 	0
24.1964 	0.00179453 	0.814428 	3.27822 	0
24.2665 	0.00179453 	0.814428 	3.27822 	0
24.3366 	0.00179453 	0.814428 	3.27822 	0
24.4068 	0.00179453 	0.814428 	3.27822 	0
24.4769 	0.0151467 	0.663808 	2.46553 	2.37339e-20
24.547 	0.0151467 	0.663808 	2.46553 	2.37339e-20
24.6172 	-0.0197025 	0.684752 	2.56021 	-3.28353e-20
24.6873 	-0.0197025 	0.684752 	2.56021 	-3.28353e-20
24.7574 	-0.0197025 	0.684752 	2.56021 	-3.28353e-20
24.8276 	-0.0197025 	0.684752 	2.56021 	-3.28353e-20
24.8977 	-0.0197025 	0.684752 	2.56021 	-3.28353e-20
24.9678 	-0.0197025 	0.684752 	2.56021 	-3.28353e-20
25.038 	-0.0520529 	0.730505 	2.74602 	8.39556e-21
25.1081 	-0.0520529 	0.730505 	2.74602 	8.39556e-21
25.1782 	-0.0520529 	0.730505 	2.74602 	8.39556e-21
25.2484 	-0.0520529 	0.730505 	2.74602 	8.39556e-21
25.3185 	-0.0520529 	0.730505 	2.74602 	8.39556e-21
25.3886 	-0.0520529 	0.730505 	2.74602 	8.39556e-21
25.4588 	-0.0821256 	0.75095 	2.82542 	0
25.5289 	-0.0821256 	0.75095 	2.82542 	0
25.5991 	-0.0821256 	0.75095 	2.82542 	0
25.6692 	-0.0821256 	0.75095 	2.82542 	0
25.7393 	-0.0821256 	0.75095 	2.82542 	0
25.8095 	-0.0821256 	0.75095 	2.82542 	0
25.8796 	-0.0821256 	0.75095 	2.82542 	0
25.9497 	-0.110774 	0.791619 	2.97446 	-7.70808e-20
26.0199 	-0.110774 	0.791619 	2.97446 	-7.70808e-20
26.09 	-0.0965332 	0.615716 	2.10793 	-5.93971e-20
26.1601 	-0.0965332 	0.615716 	2.10793 	-5.93971e-20
26.2303 	-0.0965332 	0.615716 	2.10793 	-5.93971e-20
26.3004 	-0.0965332 	0.615716 	2.10793 	-5.93971e-20
26.3705 	-0.0965332 	0.615716 	2.10793 	-5.93971e-20
26.4407 	-0.125492 	0.628351 	2.15687 	1.58684e-19
26.5108 	-0.125492 	0.628351 	2.15687 	1.58684e-19
26.5809 	-0.125492 	0.628351 	2.15687 	1.58684e-19
26.6511 	-0.125492 	0.628351 	2.15687 	1.58684e-19
26.7212 	-0.125492 	0.628351 	2.15687 	1.58684e-19
26.7913 	-0.125492 	0.628351 	2.15687 	1.58684e-19
26.8615 	-0.125492 	0.628351 	2.15687 	1.58684e-19
26.9316 	-0.153974 	0.655038 	2.26826 	-1.10133e-19
27.0017 	-0.153974 	0.655038 	2.26826 	-1.10133e-19
27.0719 	-0.153974 	0.655038 	2.26826 	-1.10133e-19
27.142 	-0.153974 	0.655038 	2.26826 	-1.10133e-19
27.2121 	-0.153974 	0.655038 	2.26826 	-1.10133e-19
27.2823 	-0.153974 	0.655038 	2.26826 	-1.10133e-19
27.3524 	-0.182571 	0.665796 	2.31214 	-4.35523e-20
27.4225 	-0.182571 	0.665796 	2.31214 	-4.35523e-20
27.4927 	-0.182571 	0.665796 	2.31214 	-4.35523e-20
27.5628 	-0.182571 	0.665796 	2.31214 	-4.35523e-20
27.6329 	-0.182571 	0.665796 	2.31214 	-4.35523e-20
27.7031 	-0.182571 	0.665796 	2.31214 	-4.35523e-20
27.7732 	-0.182571 	0.665796 	2.31214 	-4.35523e-20
27.8434 	-0.182571 	0.665796 	2.31214 	-4.35523e-20
27.9135 	-0.208246 	0.689423 	2.41298 	-5.25413e-20
27.9836 	-0.208246 	0.689423 	2.41298 	-5.25413e-20
28.0538 	-0.208246 	0.689423 	2.41298 	-5.25413e-20
28.1239 	-0.208246 	0.689423 	2.41298 	-5.25413e-20
28.194 	-0.208246 	0.689423 	2.41298 	-5.25413e-20
28.2642 	-0.208246 	0.689423 	2.41298 	-5.25413e-20
28.3343 	-0.220797 	0.552888 	1.83985 	6.10919e-20
28.4044 	-0.245963 	0.551939 	1.85979 	-1.05629e-19
28.4746 	-0.245963 	0.551939 	1.85979 	-1.05629e-19
28.5447 	-0.245963 	0.551939 	1.85979 	-1.05629e-19
28.6148 	-0.245963 	0.551939 	1.85979 	-1.05629e-19
28.685 	-0.245963 	0.551939 	1.85979 	-1.05629e-19
28.7551 	-0.245963 	0.551939 	1.85979 	-1.05629e-19
28.8252 	-0.245963 	0.551939 	1.85979 	-1.05629e-19
28.8954 	-0.245963 	0.551939 	1.85979 	-1.05629e-19
28.9655 	-0.269155 	0.559866 	1.90414 	-1.27003e-19
29.0356 	-0.269155 	0.559866 	1.90414 	-1.27003e-19
29.1058 	-0.269155 	0.559866 	1.90414 	-1.27003e-19
29.1759 	-0.269155 	0.559866 	1.90414 	-1.27003e-19
29.246 	-0.269155 	0.559866 	1.90414 	-1.27003e-19
29.3162 	-0.269155 	0.559866 	1.90414 	-1.27003e-19
29.3863 	-0.269155 	0.559866 	1.90414 	-1.27003e-19
29.4564 	-0.291659 	0.555375 	1.91688 	1.17973e-19
29.5266 	-0.291659 	0.555375 	1.91688 	1.17973e-19
29.5967 	-0.291659 	0.555375 	1.91688 	1.17973e-19
29.6668 	-0.291659 	0.555375 	1.91688 	1.17973e-19
29.737 	-0.291659 	0.555375 	1.91688 	1.17973e-19
29.8071 	-0.291659 	0.555375 	1.91688 	1.17973e-19
29.8773 	-0.291659 	0.555375 	1.91688 	1.17973e-19
29.9474 	-0.291659 	0.555375 	1.91688 	1.17973e-19
30.0175 	-0.312474 	0.557452 	1.9483 	-1.35995e-19
30.0877 	-0.312474 	0.557452 	1.9483 	-1.35995e-19
30.1578 	-0.312474 	0.557452 	1.9483 	-1.35995e-19
30.2279 	-0.312474 	0.557452 	1.9483 	-1.35995e-19
30.2981 	-0.312474 	0.557452 	1.9483 	-1.35995e-19
30.3682 	-0.312474 	0.557452 	1.9483 	-1.35995e-19
30.4383 	-0.312474 	0.557452 	1.9483 	-1.35995e-19
30.5085 	-0.312474 	0.557452 	1.9483 	-1.35995e-19
30.5786 	-0.333703 	0.549972 	1.95116 	2.57395e-19
30.6487 	-0.333703 	0.549972 	1.95116 	2.57395e-19
30.7189 	-0.333703 	0.549972 	1.95116 	2.57395e-19
30.789 	-0.333703 	0.549972 	1.95116 	2.57395e-19
30.8591 	-0.333703 	0.549972 	1.95116 	2.57395e-19
30.9293 	-0.333703 	0.549972 	1.95116 	2.57395e-19
30.9994 	-0.333703 	0.549972 	1.95116 	2.57395e-19
31.0695 	-0.333703 	0.549972 	1.95116 	2.57395e-19
31.1397 	-0.352942 	0.545651 	1.96713 	-1.29427e-19
31.2098 	-0.352942 	0.545651 	1.96713 	-1.29427e-19
31.2799 	-0.352942 	0.545651 	1.96713 	-1.29427e-19
31.3501 	-0.352942 	0.545651 	1.96713 	-1.29427e-19
31.4202 	-0.352942 	0.545651 	1.96713 	-1.29427e-19
31.4903 	-0.352942 	0.545651 	1.96713 	-1.29427e-19
31.5605 	-0.370466 	0.504004 	1.75436 	2.26763e-19
31.6306 	-0.370466 	0.504004 	1.75436 	2.26763e-19
31.7007 	-0.38751 	0.500613 	1.75825 	-7.28903e-20
31.7709 	-0.38751 	0.500613 	1.75825 	-7.28903e-20
31.841 	-0.38751 	0.500613 	1.75825 	-7.28903e-20
31.9111 	-0.38751 	0.500613 	1.75825 	-7.28903e-20
31.9813 	-0.38751 	0.500613 	1.75825 	-7.28903e-20
32.0514 	-0.38751 	0.500613 	1.75825 	-7.28903e-20
32.1216 	-0.38751 	0.500613 	1.75825 	-7.28903e-20
32.1917 	-0.38751 	0.500613 	1.75825 	-7.28903e-20
32.2618 	-0.38751 	0.500613 	1.75825 	-7.28903e-20
32.332 	-0.40244 	0.497374 	1.7684 	0
32.4021 	-0.40244 	0.497374 	1.7684 	0
32.4722 	-0.40244 	0.497374 	1.7684 	0
32.5424 	-0.40244 	0.497374 	1.7684 	0
32.6125 	-0.40244 	0.497374 	1.7684 	0
32.6826 	-0.40244 	0.497374 	1.7684 	0
32.7528 	-0.40244 	0.497374 	1.7684 	0
32.8229 	-0.40244 	0.497374 	1.7684 	0
32.893 	-0.40244 	0.497374 	1.7684 	0
32.9632 	-0.415494 	0.493164 	1.76778 	0
33.0333 	-0.415494 	0.493164 	1.76778 	0
33.1034 	-0.415494 	0.493164 	1.76778 	0
33.1736 	-0.415494 	0.493164 	1.76778 	0
33.2437 	-0.415494 	0.493164 	1.76778 	0
33.3138 	-0.415494 	0.493164 	1.76778 	0
33.384 	-0.415494 	0.493164 	1.76778 	0
33.4541 	-0.415494 	0.493164 	1.76778 	0
33.5242 	-0.415494 	0.493164 	1.76778 	0
33.5944 	-0.425422 	0.489265 	1.77121 	3.86865e-20
33.6645 	-0.425422 	0.489265 	1.77121 	3.86865e-20
33.7346 	-0.425422 	0.489265 	1.77121 	3.86865e-20
33.8048 	-0.425422 	0.489265 	1.77121 	3.86865e-20
33.8749 	-0.425422 	0.489265 	1.77121 	3.86865e-20
33.945 	-0.425422 	0.489265 	1.77121 	3.86865e-20
34.0152 	-0.425422 	0.489265 	1.77121 	3.86865e-20
34.0853 	-0.425422 	0.489265 	1.77121 	3.86865e-20
34.1554 	-0.425422 	0.489265 	1.77121 	3.86865e-20
34.2256 	-0.431618 	0.484751 	1.76611 	-3.54855e-20
34.2957 	-0.431618 	0.484751 	1.76611 	-3.54855e-20
34.3659 	-0.431618 	0.484751 	1.76611 	-3.54855e-20
34.436 	-0.431618 	0.484751 	1.76611 	-3.54855e-20
34.5061 	-0.431618 	0.484751 	1.76611 	-3.54855e-20
34.5763 	-0.431618 	0.484751 	1.76611 	-3.54855e-20
34.6464 	-0.431618 	0.484751 	1.76611 	-3.54855e-20
34.7165 	-0.431618 	0.484751 	1.76611 	-3.54855e-20
34.7867 	-0.431618 	0.484751 	1.76611 	-3.54855e-20
34.8568 	-0.431618 	0.484751 	1.76611 	-3.54855e-20
34.9269 	-0.433039 	0.480451 	1.76134 	7.15943e-20
34.9971 	-0.433039 	0.480451 	1.76134 	7.15943e-20
35.0672 	-0.433039 	0.480451 	1.76134 	7.15943e-20
35.1373 	-0.433039 	0.480451 	1.76134 	7.15943e-20
35.2075 	-0.433039 	0.480451 	1.76134 	7.15943e-20
35.2776 	-0.433039 	0.480451 	1.76134 	7.15943e-20
35.3477 	-0.433039 	0.480451 	1.76134 	7.15943e-20
35.4179 	-0.433039 	0.480451 	1.76134 	7.15943e-20
35.488 	-0.433039 	0.480451 	1.76134 	7.15943e-20
35.5581 	-0.433039 	0.480451 	1.76134 	7.15943e-20
35.6283 	-0.430745 	0.472605 	1.75382 	-1.694e-20
35.6984 	-0.430745 	0.472605 	1.75382 	-1.694e-20
35.7685 	-0.430745 	0.472605 	1.75382 	-1.694e-20
35.8387 	-0.430745 	0.472605 	1.75382 	-1.694e-20
35.9088 	-0.430745 	0.472605 	1.75382 	-1.694e-20
35.9789 	-0.430745 	0.472605 	1.75382 	-1.694e-20
36.0491 	-0.430745 	0.472605 	1.75382 	-1.694e-20
36.1192 	-0.430745 	0.472605 	1.75382 	-1.694e-20
36.1893 	-0.430745 	0.472605 	1.75382 	-1.694e-20
36.2595 	-0.430745 	0.472605 	1.75382 	-1.694e-20
36.3296 	-0.425696 	0.462315 	1.74784 	1.62998e-20
36.3997 	-0.425696 	0.462315 	1.74784 	1.62998e-20
36.4699 	-0.425696 	0.462315 	1.74784 	1.62998e-20
36.54 	-0.425696 	0.462315 	1.74784 	1.62998e-20
36.6102 	-0.425696 	0.462315 	1.74784 	1.62998e-20
36.6803 	-0.425696 	0.462315 	1.74784 	1.62998e-20
36.7504 	-0.425696 	0.462315 	1.74784 	1.62998e-20
36.8206 	-0.425696 	0.462315 	1.74784 	1.62998e-20
36.8907 	-0.425696 	0.462315 	1.74784 	1.62998e-20
36.9608 	-0.425696 	0.462315 	1.74784 	1.62998e-20
37.031 	-0.425696 	0.462315 	1.74784 	1.62998e-20
37.1011 	-0.420035 	0.449346 	1.74327 	0
37.1712 	-0.420035 	0.449346 	1.74327 	0
37.2414 	-0.420035 	0.449346 	1.74327 	0
37.3115 	-0.420035 	0.449346 	1.74327 	0
37.3816 	-0.420035 	0.449346 	1.74327 	0
37.4518 	-0.420035 	0.449346 	1.74327 	0
37.5219 	-0.420035 	0.449346 	1.74327 	0
37.592 	-0.420035 	0.449346 	1.74327 	0
37.6622 	-0.413868 	0.436964 	1.73959 	0
37.7323 	-0.413868 	0.436964 	1.73959 	0
37.8024 	-0.413868 	0.436964 	1.73959 	0
37.8726 	-0.413868 	0.436964 	1.73959 	0
37.9427 	-0.413868 	0.436964 	1.73959 	0
38.0128 	-0.413868 	0.436964 	1.73959 	0
38.083 	-0.413868 	0.436964 	1.73959 	0
38.1531 	-0.413868 	0.436964 	1.73959 	0
38.2232 	-0.413868 	0.436964 	1.73959 	0
38.2934 	-0.405902 	0.425351 	1.73507 	0
38.3635 	-0.405902 	0.425351 	1.73507 	0
38.4336 	-0.405902 	0.425351 	1.73507 	0
38.5038 	-0.405902 	0.425351 	1.73507 	0
38.5739 	-0.405902 	0.425351 	1.73507 	0
38.644 	-0.405902 	0.425351 	1.73507 	0
38.7142 	-0.405902 	0.425351 	1.73507 	0
38.7843 	-0.405902 	0.425351 	1.73507 	0
38.8545 	-0.405902 	0.425351 	1.73507 	0
38.9246 	-0.396114 	0.412543 	1.73017 	0
38.9947 	-0.396114 	0.412543 	1.73017 	0
39.0649 	-0.396114 	0.412543 	1.73017 	0
39.135 	-0.396114 	0.412543 	1.73017 	0
39.2051 	-0.396114 	0.412543 	1.73017 	0
39.2753 	-0.396114 	0.412543 	1.73017 	0
39.3454 	-0.396114 	0.412543 	1.73017 	0
39.4155 	-0.396114 	0.412543 	1.73017 	0
39.4857 	-0.396114 	0.412543 	1.73017 	0
39.5558 	-0.384933 	0.399422 	1.72499 	0
39.6259 	-0.384933 	0.399422 	1.72499 	0
39.6961 	-0.384933 	0.399422 	1.72499 	0
39.7662 	-0.384933 	0.399422 	1.72499 	0
39.8363 	-0.384933 	0.399422 	1.72499 	0
39.9065 	-0.384933 	0.399422 	1.72499 	0
39.9766 	-0.384933 	0.399422 	1.72499 	0
40.0467 	-0.384933 	0.399422 	1.72499 	0
40.1169 	-0.373672 	0.382734 	1.72015 	0
40.187 	-0.373672 	0.382734 	1.72015 	0
40.2571 	-0.373672 	0.382734 	1.72015 	0
40.3273 	-0.373672 	0.382734 	1.72015 	0
40.3974 	-0.373672 	0.382734 	1.72015 	0
40.4675 	-0.373672 	0.382734 	1.72015 	0
40.5377 	-0.373672 	0.382734 	1.72015 	0
40.6078 	-0.373672 	0.382734 	1.72015 	0
40.6779 	-0.373672 	0.382734 	1.72015 	0
40.7481 	-0.36368 	0.364188 	1.71742 	0
40.8182 	-0.36368 	0.364188 	1.71742 	0
40.8883 	-0.36368 	0.364188 	1.71742 	0
40.9585 	-0.36368 	0.364188 	1.71742 	0
41.0286 	-0.36368 	0.364188 	1.71742 	0
41.0988 	-0.36368 	0.364188 	1.71742 	0
41.1689 	-0.36368 	0.364188 	1.71742 	0
41.239 	-0.36368 	0.364188 	1.71742 	0
41.3092 	-0.36368 	0.364188 	1.71742 	0
41.3793 	-0.354404 	0.343822 	1.71604 	0
41.4494 	-0.354404 	0.343822 	1.71604 	0
41.5196 	-0.354404 	0.343822 	1.71604 	0
41.5897 	-0.354404 	0.343822 	1.71604 	0
41.6598 	-0.354404 	0.343822 	1.71604 	0
41.73 	-0.354404 	0.343822 	1.71604 	0
41.8001 	-0.354404 	0.343822 	1.71604 	0
41.8702 	-0.354404 	0.343822 	1.71604 	0
41.9404 	-0.354404 	0.343822 	1.71604 	0
42.0105 	-0.344829 	0.322553 	1.71386 	0
42.0806 	-0.344829 	0.322553 	1.71386 	0
42.1508 	-0.344829 	0.322553 	1.71386 	0
42.2209 	-0.344829 	0.322553 	1.71386 	0
42.291 	-0.344829 	0.322553 	1.71386 	0
42.3612 	-0.344829 	0.322553 	1.71386 	0
42.4313 	-0.344829 	0.322553 	1.71386 	0
42.5014 	-0.344829 	0.322553 	1.71386 	0
42.5716 	-0.344829 	0.322553 	1.71386 	0
42.6417 	-0.336017 	0.301491 	1.71172 	0
42.7118 	-0.336017 	0.301491 	1.71172 	0
42.782 	-0.336017 	0.301491 	1.71172 	0
42.8521 	-0.336017 	0.301491 	1.71172 	0
42.9222 	-0.336017 	0.301491 	1.71172 	0
42.9924 	-0.336017 	0.301491 	1.71172 	0
43.0625 	-0.336017 	0.301491 	1.71172 	0
43.1327 	-0.336017 	0.301491 	1.71172 	0
43.2028 	-0.329973 	0.280116 	1.71125 	0
43.2729 	-0.329973 	0.280116 	1.71125 	0
43.3431 	-0.329973 	0.280116 	1.71125 	0
43.4132 	-0.329973 	0.280116 	1.71125 	0
43.4833 	-0.329973 	0.280116 	1.71125 	0
43.5535 	-0.329973 	0.280116 	1.71125 	0
43.6236 	-0.329973 	0.280116 	1.71125 	0
43.6937 	-0.329973 	0.280116 	1.71125 	0
43.7639 	-0.329973 	0.280116 	1.71125 	0
43.834 	-0.327404 	0.258347 	1.71311 	0
43.9041 	-0.327404 	0.258347 	1.71311 	0
43.9743 	-0.327404 	0.258347 	1.71311 	0
44.0444 	-0.327404 	0.258347 	1.71311 	0
44.1145 	-0.327404 	0.258347 	1.71311 	0
44.1847 	-0.327404 	0.258347 	1.71311 	0
44.2548 	-0.327404 	0.258347 	1.71311 	0
44.3249 	-0.327404 	0.258347 	1.71311 	0
44.3951 	-0.327404 	0.258347 	1.71311 	0
44.4652 	-0.327936 	0.236523 	1.7167 	0
44.5353 	-0.327936 	0.236523 	1.7167 	0
44.6055 	-0.327936 	0.236523 	1.7167 	0
44.6756 	-0.327936 	0.236523 	1.7167 	0
44.7457 	-0.327936 	0.236523 	1.7167 	0
44.8159 	-0.327936 	0.236523 	1.7167 	0
44.886 	-0.327936 	0.236523 	1.7167 	0
44.9561 	-0.327936 	0.236523 	1.7167 	0
45.0263 	-0.327936 	0.236523 	1.7167 	0
45.0964 	-0.330988 	0.214793 	1.72153 	0
45.1665 	-0.330988 	0.214793 	1.72153 	0
45.2367 	-0.330988 	0.214793 	1.72153 	0
45.3068 	-0.330988 	0.214793 	1.72153 	0
45.377 	-0.330988 	0.214793 	1.72153 	0
45.4471 	-0.330988 	0.214793 	1.72153 	0
45.5172 	-0.330988 	0.214793 	1.72153 	0
45.5874 	-0.330988 	0.214793 	1.72153 	0
45.6575 	-0.336406 	0.193193 	1.72704 	0
45.7276 	-0.336406 	0.193193 	1.72704 	0
45.7978 	-0.336406 	0.193193 	1.72704 	0
45.8679 	-0.336406 	0.193193 	1.72704 	0
45.938 	-0.336406 	0.193193 	1.72704 	0
46.0082 	-0.336406 	0.193193 	1.72704 	0
46.0783 	-0.336406 	0.193193 	1.72704 	0
46.1484 	-0.336406 	0.193193 	1.72704 	0
46.2186 	-0.336406 	0.193193 	1.72704 	0
46.2887 	-0.343962 	0.172131 	1.73369 	0
46.3588 	-0.343962 	0.172131 	1.73369 	0
46.429 	-0.343962 	0.172131 	1.73369 	0
46.4991 	-0.343962 	0.172131 	1.73369 	0
46.5692 	-0.343962 	0.172131 	1.73369 	0
46.6394 	-0.343962 	0.172131 	1.73369 	0
46.7095 	-0.343962 	0.172131 	1.73369 	0
46.7796 	-0.295294 	0.166305 	1.70725 	0
46.8498 	-0.295294 	0.166305 	1.70725 	0
46.9199 	-0.304428 	0.145573 	1.71244 	0
46.99 	-0.304428 	0.145573 	1.71244 	0
47.0602 	-0.304428 	0.145573 	1.71244 	0
47.1303 	-0.304428 	0.145573 	1.71244 	0
47.2004 	-0.304428 	0.145573 	1.71244 	0
47.2706 	-0.304428 	0.145573 	1.71244 	0
47.3407 	-0.304428 	0.145573 	1.71244 	0
47.4108 	-0.304428 	0.145573 	1.71244 	0
47.481 	-0.304428 	0.145573 	1.71244 	0
47.5511 	-0.313451 	0.124988 	1.71724 	0
47.6213 	-0.313451 	0.124988 	1.71724 	0
47.6914 	-0.313451 	0.124988 	1.71724 	0
47.7615 	-0.313451 	0.124988 	1.71724 	0
47.8317 	-0.313451 	0.124988 	1.71724 	0
47.9018 	-0.313451 	0.124988 	1.71724 	0
47.9719 	-0.313451 	0.124988 	1.71724 	0
48.0421 	-0.313451 	0.124988 	1.71724 	0
48.1122 	-0.313451 	0.124988 	1.71724 	0
48.1823 	-0.322504 	0.104492 	1.72108 	0
48.2525 	-0.322504 	0.104492 	1.72108 	0
48.3226 	-0.322504 	0.104492 	1.72108 	0
48.3927 	-0.322504 	0.104492 	1.72108 	0
48.4629 	-0.322504 	0.104492 	1.72108 	0
48.533 	-0.322504 	0.104492 	1.72108 	0
48.6031 	-0.322504 	0.104492 	1.72108 	0
48.6733 	-0.322504 	0.104492 	1.72108 	0
48.7434 	-0.331461 	0.0842528 	1.72461 	0
48.8135 	-0.331461 	0.0842528 	1.72461 	0
48.8837 	-0.331461 	0.0842528 	1.72461 	0
48.9538 	-0.331461 	0.0842528 	1.72461 	0
49.0239 	-0.331461 	0.0842528 	1.72461 	0
49.0941 	-0.331461 	0.0842528 	1.72461 	0
49.1642 	-0.331461 	0.0842528 	1.72461 	0
49.2343 	-0.331461 	0.0842528 	1.72461 	0
49.3045 	-0.331461 	0.0842528 	1.72461 	0
49.3746 	-0.339194 	0.0639215 	1.72601 	0
49.4447 	-0.339194 	0.0639215 	1.72601 	0
49.5149 	-0.339194 	0.0639215 	1.72601 	0
49.585 	-0.339194 	0.0639215 	1.72601 	0
49.6551 	-0.339194 	0.0639215 	1.72601 	0
49.7253 	-0.339194 	0.0639215 	1.72601 	0
49.7954 	-0.339194 	0.0639215 	1.72601 	0
49.8656 	-0.339194 	0.0639215 	1.72601 	0
49.9357 	-0.339194 	0.0639215 	1.72601 	0
50.0058 	-0.345073 	0.0425871 	1.72563 	0
50.076 	-0.345073 	0.0425871 	1.72563 	0
50.1461 	-0.345073 	0.0425871 	1.72563 	0
50.2162 	-0.345073 	0.0425871 	1.72563 	0
50.2864 	-0.345073 	0.0425871 	1.72563 	0
50.3565 	-0.345073 	0.0425871 	1.72563 	0
50.4266 	-0.345073 	0.0425871 	1.72563 	0
50.4968 	-0.345073 	0.0425871 	1.72563 	0
50.5669 	-0.345073 	0.0425871 	1.72563 	0
50.637 	-0.348519 	0.0209986 	1.7226 	0
50.7072 	-0.348519 	0.0209986 	1.7226 	0
50.7773 	-0.348519 	0.0209986 	1.7226 	0
50.8474 	-0.348519 	0.0209986 	1.7226 	0
50.9176 	-0.348519 	0.0209986 	1.7226 	0
50.9877 	-0.348519 	0.0209986 	1.7226 	0
51.0578 	-0.348519 	0.0209986 	1.7226 	0
51.128 	-0.348519 	0.0209986 	1.7226 	0
51.1981 	-0.348519 	0.0209986 	1.7226 	0
51.2682 	-0.348712 	-0.000748841 	1.71679 	0
51.3384 	-0.348712 	-0.000748841 	1.71679 	0
51.4085 	-0.348712 	-0.000748841 	1.71679 	0
51.4786 	-0.348712 	-0.000748841 	1.71679 	0
51.5488 	-0.348712 	-0.000748841 	1.71679 	0
51.6189 	-0.348712 	-0.000748841 	1.71679 	0
51.689 	-0.348712 	-0.000748841 	1.71679 	0
51.7592 	-0.348712 	-0.000748841 	1.71679 	0
51.8293 	-0.344073 	-0.0231617 	1.70798 	0
51.8994 	-0.344073 	-0.0231617 	1.70798 	0
51.9696 	-0.344073 	-0.0231617 	1.70798 	0
52.0397 	-0.344073 	-0.0231617 	1.70798 	0
52.1099 	-0.344073 	-0.0231617 	1.70798 	0
52.18 	-0.344073 	-0.0231617 	1.70798 	0
52.2501 	-0.344073 	-0.0231617 	1.70798 	0
52.3203 	-0.344073 	-0.0231617 	1.70798 	0
52.3904 	-0.344073 	-0.0231617 	1.70798 	0
52.4605 	-0.333734 	-0.044654 	1.69429 	0
52.5307 	-0.333734 	-0.044654 	1.69429 	0
52.6008 	-0.333734 	-0.044654 	1.69429 	0
52.6709 	-0.333734 	-0.044654 	1.69429 	0
52.7411 	-0.333734 	-0.044654 	1.69429 	0
52.8112 	-0.333734 	-0.044654 	1.69429 	0
52.8813 	-0.333734 	-0.044654 	1.69429 	0
52.9515 	-0.333734 	-0.044654 	1.69429 	0
53.0216 	-0.333734 	-0.044654 	1.69429 	0
53.0917 	-0.317839 	-0.0653528 	1.67752 	0
53.1619 	-0.317839 	-0.0653528 	1.67752 	0
53.232 	-0.317839 	-0.0653528 	1.67752 	0
53.3021 	-0.317839 	-0.0653528 	1.67752 	0
53.3723 	-0.317839 	-0.0653528 	1.67752 	0
53.4424 	-0.317839 	-0.0653528 	1.67752 	0
53.5125 	-0.317839 	-0.0653528 	1.67752 	0
53.5827 	-0.317839 	-0.0653528 	1.67752 	0
53.6528 	-0.317839 	-0.0653528 	1.67752 	0
53.7229 	-0.297301 	-0.0833544 	1.65758 	0
53.7931 	-0.297301 	-0.0833544 	1.65758 	0
53.8632 	-0.297301 	-0.0833544 	1.65758 	0
53.9333 	-0.297301 	-0.0833544 	1.65758 	0
54.0035 	-0.297301 	-0.0833544 	1.65758 	0
54.0736 	-0.297301 	-0.0833544 	1.65758 	0
54.1437 	-0.297301 	-0.0833544 	1.65758 	0
54.2139 	-0.297301 	-0.0833544 	1.65758 	0
54.284 	-0.272803 	-0.0994893 	1.63681 	0
54.3542 	-0.272803 	-0.0994893 	1.63681 	0
54.4243 	-0.272803 	-0.0994893 	1.63681 	0
54.4944 	-0.272803 	-0.0994893 	1.63681 	0
54.5646 	-0.272803 	-0.0994893 	1.63681 	0
54.6347 	-0.272803 	-0.0994893 	1.63681 	0
54.7048 	-0.272803 	-0.0994893 	1.63681 	0
54.775 	-0.272803 	-0.0994893 	1.63681 	0
54.8451 	-0.272803 	-0.0994893 	1.63681 	0
54.9152 	-0.244753 	-0.112554 	1.61449 	0
54.9854 	-0.244753 	-0.112554 	1.61449 	0
55.0555 	-0.244753 	-0.112554 	1.61449 	0
55.1256 	-0.244753 	-0.112554 	1.61449 	0
55.1958 	-0.244753 	-0.112554 	1.61449 	0
55.2659 	-0.244753 	-0.112554 	1.61449 	0
55.336 	-0.244753 	-0.112554 	1.61449 	0
55.4062 	-0.244753 	-0.112554 	1.61449 	0
55.4763 	-0.244753 	-0.112554 	1.61449 	0
55.5464 	-0.214202 	-0.122063 	1.59241 	0
55.6166 	-0.214202 	-0.122063 	1.59241 	0
55.6867 	-0.214202 	-0.122063 	1.59241 	0
55.7568 	-0.214202 	-0.122063 	1.59241 	0
55.827 	-0.214202 	-0.122063 	1.59241 	0
55.8971 	-0.214202 	-0.122063 	1.59241 	0
55.9672 	-0.214202 	-0.122063 	1.59241 	0
56.0374 	-0.214202 	-0.122063 	1.59241 	0
56.1075 	-0.214202 	-0.122063 	1.59241 	0
56.1776 	-0.182674 	-0.127267 	1.57182 	0
56.2478 	-0.182674 	-0.127267 	1.57182 	0
56.3179 	-0.182674 	-0.127267 	1.57182 	0
56.3881 	-0.182674 	-0.127267 	1.57182 	0
56.4582 	-0.182674 	-0.127267 	1.57182 	0
56.5283 	-0.182674 	-0.127267 	1.57182 	0
56.5985 	-0.182674 	-0.127267 	1.57182 	0
56.6686 	-0.182674 	-0.127267 	1.57182 	0
56.7387 	-0.182674 	-0.127267 	1.57182 	0
56.8089 	-0.151465 	-0.128684 	1.55265 	0
56.879 	-0.151465 	-0.128684 	1.55265 	0
56.9491 	-0.151465 	-0.128684 	1.55265 	0
57.0193 	-0.151465 	-0.128684 	1.55265 	0
57.0894 	-0.151465 	-0.128684 	1.55265 	0
57.1595 	-0.151465 	-0.128684 	1.55265 	0
57.2297 	-0.151465 	-0.128684 	1.55265 	0
57.2998 	-0.151465 	-0.128684 	1.55265 	0
57.3699 	-0.121399 	-0.126043 	1.5361 	0
57.4401 	-0.121399 	-0.126043 	1.5361 	0
57.5102 	-0.121399 	-0.126043 	1.5361 	0
57.5803 	-0.121399 	-0.126043 	1.5361 	0
57.6505 	-0.121399 	-0.126043 	1.5361 	0
57.7206 	-0.121399 	-0.126043 	1.5361 	0
57.7907 	-0.121399 	-0.126043 	1.5361 	0
57.8609 	-0.121399 	-0.126043 	1.5361 	0
57.931 	-0.121399 	-0.126043 	1.5361 	0
58.0011 	-0.0932368 	-0.120727 	1.52023 	0
58.0713 	-0.0932368 	-0.120727 	1.52023 	0
58.1414 	-0.0932368 	-0.120727 	1.52023 	0
58.2115 	-0.0932368 	-0.120727 	1.52023 	0
58.2817 	-0.0932368 	-0.120727 	1.52023 	0
58.3518 	-0.0932368 	-0.120727 	1.52023 	0
58.4219 	-0.0932368 	-0.120727 	1.52023 	0
58.4921 	-0.0932368 	-0.120727 	1.52023 	0
58.5622 	-0.0932368 	-0.120727 	1.52023 	0
58.6324 	-0.0676439 	-0.113107 	1.50714 	0
58.7025 	-0.0676439 	-0.113107 	1.50714 	0
58.7726 	-0.0676439 	-0.113107 	1.50714 	0
58.8428 	-0.0676439 	-0.113107 	1.50714 	0
58.9129 	-0.0676439 	-0.113107 	1.50714 	0
58.983 	-0.0676439 	-0.113107 	1.50714 	0
59.0532 	-0.0676439 	-0.113107 	1.50714 	0
59.1233 	-0.0676439 	-0.113107 	1.50714 	0
59.1934 	-0.0676439 	-0.113107 	1.50714 	0
59.2636 	-0.0451288 	-0.103387 	1.49468 	0
59.3337 	-0.0451288 	-0.103387 	1.49468 	0
59.4038 	-0.0451288 	-0.103387 	1.49468 	0
59.474 	-0.0451288 	-0.103387 	1.49468 	0
59.5441 	-0.0451288 	-0.103387 	1.49468 	0
59.6142 	-0.0451288 	-0.103387 	1.49468 	0
59.6844 	-0.0451288 	-0.103387 	1.49468 	0
59.7545 	-0.0451288 	-0.103387 	1.49468 	0
59.8246 	-0.0257128 	-0.0937794 	1.48421 	0
59.8948 	-0.0257128 	-0.0937794 	1.48421 	0
59.9649 	-0.0257128 	-0.0937794 	1.48421 	0
60.035 	-0.0257128 	-0.0937794 	1.48421 	0
60.1052 	-0.0257128 	-0.0937794 	1.48421 	0
60.1753 	-0.0257128 	-0.0937794 	1.48421 	0
60.2454 	-0.0257128 	-0.0937794 	1.48421 	0
60.3156 	-0.0257128 	-0.0937794 	1.48421 	0
60.3857 	-0.0257128 	-0.0937794 	1.48421 	0
60.4558 	-0.00934611 	-0.0817914 	1.47512 	0
60.526 	-0.00934611 	-0.0817914 	1.47512 	0
60.5961 	-0.00934611 	-0.0817914 	1.47512 	0
60.6662 	-0.00934611 	-0.0817914 	1.47512 	0
60.7364 	-0.00934611 	-0.0817914 	1.47512 	0
60.8065 	-0.00934611 	-0.0817914 	1.47512 	0
60.8767 	-0.00934611 	-0.0817914 	1.47512 	0
60.9468 	-0.00934611 	-0.0817914 	1.47512 	0
61.0169 	-0.00934611 	-0.0817914 	1.47512 	0
61.0871 	0.00391441 	-0.0717778 	1.46636 	0
61.1572 	0.00391441 	-0.0717778 	1.46636 	0
61.2273 	0.00391441 	-0.0717778 	1.46636 	0
61.2975 	0.00391441 	-0.0717778 	1.46636 	0
61.3676 	0.00391441 	-0.0717778 	1.46636 	0
61.4377 	0.00391441 	-0.0717778 	1.46636 	0
61.5079 	0.00391441 	-0.0717778 	1.46636 	0
61.578 	0.00391441 	-0.0717778 	1.46636 	0
61.6481 	0.00391441 	-0.0717778 	1.46636 	0
61.7183 	0.014484 	-0.0602068 	1.46014 	0
61.7884 	0.014484 	-0.0602068 	1.46014 	0
61.8585 	0.014484 	-0.0602068 	1.46014 	0
61.9287 	0.014484 	-0.0602068 	1.46014 	0
61.9988 	0.014484 	-0.0602068 	1.46014 	0
62.0689 	0.014484 	-0.0602068 	1.46014 	0
62.1391 	0.014484 	-0.0602068 	1.46014 	0
62.2092 	0.014484 	-0.0602068 	1.46014 	0
62.2793 	0.014484 	-0.0602068 	1.46014 	0
62.3495 	0.0222918 	-0.0502945 	1.45221 	0
62.4196 	0.0222918 	-0.0502945 	1.45221 	0
62.4897 	0.0222918 	-0.0502945 	1.45221 	0
62.5599 	0.0222918 	-0.0502945 	1.45221 	0
62.63 	0.0222918 	-0.0502945 	1.45221 	0
62.7001 	0.0222918 	-0.0502945 	1.45221 	0
62.7703 	0.0222918 	-0.0502945 	1.45221 	0
62.8404 	0.0222918 	-0.0502945 	1.45221 	0
62.9105 	0.0276617 	-0.0404279 	1.4474 	0
62.9807 	0.0276617 	-0.0404279 	1.4474 	0
63.0508 	0.0276617 	-0.0404279 	1.4474 	0
63.121 	0.0276617 	-0.0404279 	1.4474 	0
63.1911 	0.0276617 	-0.0404279 	1.4474 	0
63.2612 	0.0276617 	-0.0404279 	1.4474 	0
63.3314 	0.0276617 	-0.0404279 	1.4474 	0
63.4015 	0.0276617 	-0.0404279 	1.4474 	0
63.4716 	0.0276617 	-0.0404279 	1.4474 	0
63.5418 	0.0308321 	-0.0296942 	1.43933 	0
63.6119 	0.0308321 	-0.0296942 	1.43933 	0
63.682 	0.0308321 	-0.0296942 	1.43933 	0
63.7522 	0.0308321 	-0.0296942 	1.43933 	0
63.8223 	0.0308321 	-0.0296942 	1.43933 	0
63.8924 	0.0308321 	-0.0296942 	1.43933 	0
63.9626 	0.0308321 	-0.0296942 	1.43933 	0
64.0327 	0.0308321 	-0.0296942 	1.43933 	0
64.1028 	0.0308321 	-0.0296942 	1.43933 	0
64.173 	0.03166 	-0.0218454 	1.43268 	0
64.2431 	0.03166 	-0.0218454 	1.43268 	0
64.3132 	0.03166 	-0.0218454 	1.43268 	0
64.3834 	0.03166 	-0.0218454 	1.43268 	0
64.4535 	0.03166 	-0.0218454 	1.43268 	0
64.5236 	0.03166 	-0.0218454 	1.43268 	0
64.5938 	0.03166 	-0.0218454 	1.43268 	0
64.6639 	0.03166 	-0.0218454 	1.43268 	0
64.734 	0.03166 	-0.0218454 	1.43268 	0
64.8042 	0.0305295 	-0.0117908 	1.42429 	0
64.8743 	0.0305295 	-0.0117908 	1.42429 	0
64.9444 	0.0305295 	-0.0117908 	1.42429 	0
65.0146 	0.0305295 	-0.0117908 	1.42429 	0
65.0847 	0.0305295 	-0.0117908 	1.42429 	0
65.1548 	0.0305295 	-0.0117908 	1.42429 	0
65.225 	0.0305295 	-0.0117908 	1.42429 	0
65.2951 	0.0325791 	0.0027064 	1.4749 	0
65.3653 	0.0325791 	0.0027064 	1.4749 	0
65.4354 	0.0288706 	0.00722682 	1.46367 	0
65.5055 	0.0288706 	0.00722682 	1.46367 	0
65.5757 	0.0288706 	0.00722682 	1.46367 	0
65.6458 	0.0288706 	0.00722682 	1.46367 	0
65.7159 	0.0288706 	0.00722682 	1.46367 	0
65.7861 	0.0288706 	0.00722682 	1.46367 	0
65.8562 	0.0288706 	0.00722682 	1.46367 	0
65.9263 	0.0288706 	0.00722682 	1.46367 	0
65.9965 	0.0236808 	0.0149513 	1.45403 	0
66.0666 	0.0236808 	0.0149513 	1.45403 	0
66.1367 	0.0236808 	0.0149513 	1.45403 	0
66.2069 	0.0236808 	0.0149513 	1.45403 	0
66.277 	0.0236808 	0.0149513 	1.45403 	0
66.3471 	0.0236808 	0.0149513 	1.45403 	0
66.4173 	0.0236808 	0.0149513 	1.45403 	0
66.4874 	0.0236808 	0.0149513 	1.45403 	0
66.5575 	0.0236808 	0.0149513 	1.45403 	0
66.6277 	0.0172137 	0.013862 	1.43786 	0
66.6978 	0.0172137 	0.013862 	1.43786 	0
66.7679 	0.0172137 	0.013862 	1.43786 	0
66.8381 	0.0172137 	0.013862 	1.43786 	0
66.9082 	0.0172137 	0.013862 	1.43786 	0
66.9783 	0.0172137 	0.013862 	1.43786 	0
67.0485 	0.0172137 	0.013862 	1.43786 	0
67.1186 	0.0172137 	0.013862 	1.43786 	0
67.1887 	0.0172137 	0.013862 	1.43786 	0
67.2589 	0.0102298 	0.00997446 	1.43081 	0
67.329 	0.0102298 	0.00997446 	1.43081 	0
67.3991 	0.0102298 	0.00997446 	1.43081 	0
67.4693 	0.0102298 	0.00997446 	1.43081 	0
67.5394 	0.0102298 	0.00997446 	1.43081 	0
67.6096 	0.0102298 	0.00997446 	1.43081 	0
67.6797 	0.0102298 	0.00997446 	1.43081 	0
67.7498 	0.0102298 	0.00997446 	1.43081 	0
67.82 	0.0102298 	0.00997446 	1.43081 	0
67.8901 	0.00509469 	0.00352337 	1.41489 	0
67.9602 	0.00509469 	0.00352337 	1.41489 	0
68.0304 	0.00509469 	0.00352337 	1.41489 	0
68.1005 	0.00509469 	0.00352337 	1.41489 	0
68.1706 	0.00509469 	0.00352337 	1.41489 	0
68.2408 	0.00509469 	0.00352337 	1.41489 	0
68.3109 	0.00509469 	0.00352337 	1.41489 	0
68.381 	0.00509469 	0.00352337 	1.41489 	0
68.4512 	8.389e-05 	-0.0205205 	1.4112 	0
68.5213 	8.389e-05 	-0.0205205 	1.4112 	0
68.5914 	8.389e-05 	-0.0205205 	1.4112 	0
68.6616 	8.389e-05 	-0.0205205 	1.4112 	0
68.7317 	8.389e-05 	-0.0205205 	1.4112 	0
68.8018 	8.389e-05 	-0.0205205 	1.4112 	0
68.872 	8.389e-05 	-0.0205205 	1.4112 	0
68.9421 	8.389e-05 	-0.0205205 	1.4112 	0
69.0122 	8.389e-05 	-0.0205205 	1.4112 	0
