0.490941 	1.81811 	0.00433917 	3.00032 	-2.57627e-20
0.561075 	1.81811 	0.00433917 	3.00032 	-2.57627e-20
0.63121 	1.81811 	0.00433917 	3.00032 	-2.57627e-20
0.701344 	1.81811 	0.00433917 	3.00032 	-2.57627e-20
0.771478 	1.81811 	0.00433917 	3.00032 	-2.57627e-20
0.841613 	1.81811 	0.00433917 	3.00032 	-2.57627e-20
0.911747 	1.79307 	0.0145201 	3.00802 	-5.91769e-20
0.981881 	1.79307 	0.0145201 	3.00802 	-5.91769e-20
1.05202 	1.79307 	0.0145201 	3.00802 	-5.91769e-20
1.12215 	1.79307 	0.0145201 	3.00802 	-5.91769e-20
1.19228 	1.79307 	0.0145201 	3.00802 	-5.91769e-20
1.26242 	1.79307 	0.0145201 	3.00802 	-5.91769e-20
1.33255 	1.74912 	0.0192915 	3.0233 	5.91362e-20
1.40269 	1.74912 	0.0192915 	3.0233 	5.91362e-20
1.47282 	1.74912 	0.0192915 	3.0233 	5.91362e-20
1.54296 	1.74912 	0.0192915 	3.0233 	5.91362e-20
1.61309 	1.74912 	0.0192915 	3.0233 	5.91362e-20
1.68323 	1.74912 	0.0192915 	3.0233 	5.91362e-20
1.75336 	1.68876 	0.0247533 	3.04253 	2.81215e-20
1.82349 	1.68876 	0.0247533 	3.04253 	2.81215e-20
1.89363 	1.68876 	0.0247533 	3.04253 	2.81215e-20
1.96376 	1.68876 	0.0247533 	3.04253 	2.81215e-20
2.0339 	1.68876 	0.0247533 	3.04253 	2.81215e-20
2.10403 	1.68876 	0.0247533 	3.04253 	2.81215e-20
2.17417 	1.6175 	0.0242421 	3.06667 	0
2.2443 	1.6175 	0.0242421 	3.06667 	0
2.31443 	1.6175 	0.0242421 	3.06667 	0
2.38457 	1.6175 	0.0242421 	3.06667 	0
2.4547 	1.6175 	0.0242421 	3.06667 	0
2.52484 	1.6175 	0.0242421 	3.06667 	0
2.59497 	1.54118 	0.0257007 	3.09074 	-1.25869e-19
2.66511 	1.54118 	0.0257007 	3.09074 	-1.25869e-19
2.73524 	1.54118 	0.0257007 	3.09074 	-1.25869e-19
2.80538 	1.54118 	0.0257007 	3.09074 	-1.25869e-19
2.87551 	1.54118 	0.0257007 	3.09074 	-1.25869e-19
2.94564 	1.54118 	0.0257007 	3.09074 	-1.25869e-19
3.01578 	1.46487 	0.0233676 	3.11623 	1.00103e-19
3.08591 	1.46487 	0.0233676 	3.11623 	1.00103e-19
3.15605 	1.46487 	0.0233676 	3.11623 	1.00103e-19
3.22618 	1.46487 	0.0233676 	3.11623 	1.00103e-19
3.29632 	1.46487 	0.0233676 	3.11623 	1.00103e-19
3.36645 	1.46487 	0.0233676 	3.11623 	1.00103e-19
3.43659 	1.39042 	0.0250419 	3.13924 	-1.80241e-19
3.50672 	1.39042 	0.0250419 	3.13924 	-1.80241e-19
3.57685 	1.39042 	0.0250419 	3.13924 	-1.80241e-19
3.64699 	1.39042 	0.0250419 	3.13924 	-1.80241e-19
3.71712 	1.39042 	0.0250419 	3.13924 	-1.80241e-19
3.78726 	1.38249 	0.0142466 	3.13798 	-1.99991e-19
3.85739 	1.30932 	0.0119965 	3.16285 	3.66385e-19
3.92753 	1.30932 	0.0119965 	3.16285 	3.66385e-19
3.99766 	1.30932 	0.0119965 	3.16285 	3.66385e-19
4.06779 	1.30932 	0.0119965 	3.16285 	3.66385e-19
4.13793 	1.30932 	0.0119965 	3.16285 	3.66385e-19
4.20806 	1.30932 	0.0119965 	3.16285 	3.66385e-19
4.2782 	1.23812 	0.0144799 	3.18369 	-2.08436e-19
4.34833 	1.23812 	0.0144799 	3.18369 	-2.08436e-19
4.41847 	1.23812 	0.0144799 	3.18369 	-2.08436e-19
4.4886 	1.23812 	0.0144799 	3.18369 	-2.08436e-19
4.55874 	1.23812 	0.0144799 	3.18369 	-2.08436e-19
4.62887 	1.23812 	0.0144799 	3.18369 	-2.08436e-19
4.699 	1.23812 	0.0144799 	3.18369 	-2.08436e-19
4.76914 	1.16873 	0.0120117 	3.2072 	-1.49398e-19
4.83927 	1.16873 	0.0120117 	3.2072 	-1.49398e-19
4.90941 	1.16873 	0.0120117 	3.2072 	-1.49398e-19
4.97954 	1.16873 	0.0120117 	3.2072 	-1.49398e-19
5.04968 	1.16873 	0.0120117 	3.2072 	-1.49398e-19
5.11981 	1.16873 	0.0120117 	3.2072 	-1.49398e-19
5.18994 	1.10102 	0.0142725 	3.22649 	1.31318e-19
5.26008 	1.10102 	0.0142725 	3.22649 	1.31318e-19
5.33021 	1.10102 	0.0142725 	3.22649 	1.31318e-19
5.40035 	1.10102 	0.0142725 	3.22649 	1.31318e-19
5.47048 	1.10102 	0.0142725 	3.22649 	1.31318e-19
5.54062 	1.10102 	0.0142725 	3.22649 	1.31318e-19
5.61075 	1.03593 	0.0115208 	3.24855 	-2.47437e-19
5.68089 	1.03593 	0.0115208 	3.24855 	-2.47437e-19
5.75102 	1.03593 	0.0115208 	3.24855 	-2.47437e-19
5.82115 	1.03593 	0.0115208 	3.24855 	-2.47437e-19
5.89129 	1.03593 	0.0115208 	3.24855 	-2.47437e-19
5.96142 	1.03593 	0.0115208 	3.24855 	-2.47437e-19
6.03156 	0.973999 	0.0139958 	3.26564 	2.64166e-19
6.10169 	0.973999 	0.0139958 	3.26564 	2.64166e-19
6.17183 	0.973999 	0.0139958 	3.26564 	2.64166e-19
6.24196 	0.973999 	0.0139958 	3.26564 	2.64166e-19
6.3121 	0.973999 	0.0139958 	3.26564 	2.64166e-19
6.38223 	0.973999 	0.0139958 	3.26564 	2.64166e-19
6.45236 	0.916103 	0.011476 	3.28545 	1.49577e-20
6.5225 	0.916103 	0.011476 	3.28545 	1.49577e-20
6.59263 	0.916103 	0.011476 	3.28545 	1.49577e-20
6.66277 	0.916103 	0.011476 	3.28545 	1.49577e-20
6.7329 	0.916103 	0.011476 	3.28545 	1.49577e-20
6.80304 	0.916103 	0.011476 	3.28545 	1.49577e-20
6.87317 	0.862282 	0.0145809 	3.29968 	-1.40661e-20
6.9433 	0.862282 	0.0145809 	3.29968 	-1.40661e-20
7.01344 	0.862282 	0.0145809 	3.29968 	-1.40661e-20
7.08357 	0.862282 	0.0145809 	3.29968 	-1.40661e-20
7.15371 	0.862282 	0.0145809 	3.29968 	-1.40661e-20
7.22384 	0.862282 	0.0145809 	3.29968 	-1.40661e-20
7.29398 	0.812752 	0.0124709 	3.31699 	0
7.36411 	0.812752 	0.0124709 	3.31699 	0
7.43425 	0.812752 	0.0124709 	3.31699 	0
7.50438 	0.812752 	0.0124709 	3.31699 	0
7.57451 	0.812752 	0.0124709 	3.31699 	0
7.64465 	0.812752 	0.0124709 	3.31699 	0
7.71478 	0.812752 	0.0124709 	3.31699 	0
7.78492 	0.766959 	0.0162754 	3.32843 	0
7.85505 	0.766959 	0.0162754 	3.32843 	0
7.92519 	0.766959 	0.0162754 	3.32843 	0
7.99532 	0.766959 	0.0162754 	3.32843 	0
8.06545 	0.766959 	0.0162754 	3.32843 	0
8.13559 	0.766959 	0.0162754 	3.32843 	0
8.20572 	0.724759 	0.0145934 	3.34366 	0
8.27586 	0.724759 	0.0145934 	3.34366 	0
8.34599 	0.724759 	0.0145934 	3.34366 	0
8.41613 	0.724759 	0.0145934 	3.34366 	0
8.48626 	0.724759 	0.0145934 	3.34366 	0
8.5564 	0.724759 	0.0145934 	3.34366 	0
8.62653 	0.685418 	0.0192737 	3.35281 	2.24548e-22
8.69666 	0.685418 	0.0192737 	3.35281 	2.24548e-22
8.7668 	0.685418 	0.0192737 	3.35281 	2.24548e-22
8.83693 	0.685418 	0.0192737 	3.35281 	2.24548e-22
8.90707 	0.685418 	0.0192737 	3.35281 	2.24548e-22
8.9772 	0.685418 	0.0192737 	3.35281 	2.24548e-22
9.04734 	0.648745 	0.0182398 	3.36658 	-1.55282e-19
9.11747 	0.648745 	0.0182398 	3.36658 	-1.55282e-19
9.18761 	0.648745 	0.0182398 	3.36658 	-1.55282e-19
9.25774 	0.633815 	0.0143018 	3.3693 	-1.9838e-20
9.32787 	0.633815 	0.0143018 	3.3693 	-1.9838e-20
9.39801 	0.633815 	0.0143018 	3.3693 	-1.9838e-20
9.46814 	0.633815 	0.0143018 	3.3693 	-1.9838e-20
9.53828 	0.598091 	0.0213909 	3.37777 	-1.59355e-19
9.60841 	0.598091 	0.0213909 	3.37777 	-1.59355e-19
9.67855 	0.598091 	0.0213909 	3.37777 	-1.59355e-19
9.74868 	0.598091 	0.0213909 	3.37777 	-1.59355e-19
9.81881 	0.598091 	0.0213909 	3.37777 	-1.59355e-19
9.88895 	0.598091 	0.0213909 	3.37777 	-1.59355e-19
9.95908 	0.563868 	0.0214873 	3.39023 	-9.2565e-21
10.0292 	0.563868 	0.0214873 	3.39023 	-9.2565e-21
10.0994 	0.563868 	0.0214873 	3.39023 	-9.2565e-21
10.1695 	0.563868 	0.0214873 	3.39023 	-9.2565e-21
10.2396 	0.563868 	0.0214873 	3.39023 	-9.2565e-21
10.3098 	0.563868 	0.0214873 	3.39023 	-9.2565e-21
10.3799 	0.530553 	0.0307561 	3.39765 	1.32928e-19
10.45 	0.530553 	0.0307561 	3.39765 	1.32928e-19
10.5202 	0.530553 	0.0307561 	3.39765 	1.32928e-19
10.5903 	0.530553 	0.0307561 	3.39765 	1.32928e-19
10.6604 	0.530553 	0.0307561 	3.39765 	1.32928e-19
10.7306 	0.530553 	0.0307561 	3.39765 	1.32928e-19
10.8007 	0.497949 	0.0328873 	3.40982 	-1.41159e-19
10.8708 	0.497949 	0.0328873 	3.40982 	-1.41159e-19
10.941 	0.497949 	0.0328873 	3.40982 	-1.41159e-19
11.0111 	0.497949 	0.0328873 	3.40982 	-1.41159e-19
11.0812 	0.497949 	0.0328873 	3.40982 	-1.41159e-19
11.1514 	0.497949 	0.0328873 	3.40982 	-1.41159e-19
11.2215 	0.497949 	0.0328873 	3.40982 	-1.41159e-19
11.2916 	0.465351 	0.0456328 	3.41664 	-2.31795e-19
11.3618 	0.465351 	0.0456328 	3.41664 	-2.31795e-19
11.4319 	0.465351 	0.0456328 	3.41664 	-2.31795e-19
11.502 	0.465351 	0.0456328 	3.41664 	-2.31795e-19
11.5722 	0.465351 	0.0456328 	3.41664 	-2.31795e-19
11.6423 	0.465351 	0.0456328 	3.41664 	-2.31795e-19
11.7124 	0.432267 	0.05117 	3.42911 	2.24388e-19
11.7826 	0.432267 	0.05117 	3.42911 	2.24388e-19
11.8527 	0.432267 	0.05117 	3.42911 	2.24388e-19
11.9228 	0.432267 	0.05117 	3.42911 	2.24388e-19
11.993 	0.432267 	0.05117 	3.42911 	2.24388e-19
12.0631 	0.432267 	0.05117 	3.42911 	2.24388e-19
12.1332 	0.397515 	0.0695319 	3.43622 	0
12.2034 	0.397515 	0.0695319 	3.43622 	0
12.2735 	0.397515 	0.0695319 	3.43622 	0
12.3437 	0.397515 	0.0695319 	3.43622 	0
12.4138 	0.397515 	0.0695319 	3.43622 	0
12.4839 	0.397515 	0.0695319 	3.43622 	0
12.5541 	0.397515 	0.0695319 	3.43622 	0
12.6242 	0.360191 	0.0794569 	3.44975 	-5.41694e-21
12.6943 	0.360191 	0.0794569 	3.44975 	-5.41694e-21
12.7645 	0.360191 	0.0794569 	3.44975 	-5.41694e-21
12.8346 	0.360191 	0.0794569 	3.44975 	-5.41694e-21
12.9047 	0.360191 	0.0794569 	3.44975 	-5.41694e-21
12.9749 	0.360191 	0.0794569 	3.44975 	-5.41694e-21
13.045 	0.319073 	0.105903 	3.45841 	5.52058e-21
13.1151 	0.319073 	0.105903 	3.45841 	5.52058e-21
13.1853 	0.319073 	0.105903 	3.45841 	5.52058e-21
13.2554 	0.319073 	0.105903 	3.45841 	5.52058e-21
13.3255 	0.319073 	0.105903 	3.45841 	5.52058e-21
13.3957 	0.319073 	0.105903 	3.45841 	5.52058e-21
13.4658 	0.319073 	0.105903 	3.45841 	5.52058e-21
13.5359 	0.273816 	0.121065 	3.47366 	0
13.6061 	0.273816 	0.121065 	3.47366 	0
13.6762 	0.273816 	0.121065 	3.47366 	0
13.7463 	0.273816 	0.121065 	3.47366 	0
13.8165 	0.273816 	0.121065 	3.47366 	0
13.8866 	0.273816 	0.121065 	3.47366 	0
13.9567 	0.224814 	0.171284 	3.48822 	9.15489e-22
14.0269 	0.224814 	0.171284 	3.48822 	9.15489e-22
14.097 	0.224814 	0.171284 	3.48822 	9.15489e-22
14.1671 	0.224814 	0.171284 	3.48822 	9.15489e-22
14.2373 	0.224814 	0.171284 	3.48822 	9.15489e-22
14.3074 	0.224814 	0.171284 	3.48822 	9.15489e-22
14.3776 	0.20102 	0.169673 	3.49284 	4.38447e-20
14.4477 	0.0922085 	0.171923 	3.52275 	-2.96633e-21
14.5178 	0.0922085 	0.171923 	3.52275 	-2.96633e-21
14.588 	0.0922085 	0.171923 	3.52275 	-2.96633e-21
14.6581 	0.11223 	0.186448 	3.51541 	0
14.7282 	0.11223 	0.186448 	3.51541 	0
14.7984 	0.0215369 	0.202046 	3.54153 	-8.50926e-21
14.8685 	0.0533402 	0.227631 	3.53066 	-1.58524e-20
14.9386 	0.0533402 	0.227631 	3.53066 	-1.58524e-20
15.0088 	0.0533402 	0.227631 	3.53066 	-1.58524e-20
15.0789 	0.0533402 	0.227631 	3.53066 	-1.58524e-20
15.149 	0.0925107 	0.246297 	3.51919 	4.27246e-22
15.2192 	-0.0115917 	0.265066 	3.55596 	-2.87896e-20
15.2893 	-0.0115917 	0.265066 	3.55596 	-2.87896e-20
15.3594 	-0.0115917 	0.265066 	3.55596 	-2.87896e-20
15.4296 	0.0269222 	0.287755 	3.53416 	-6.07251e-20
15.4997 	0.0269222 	0.287755 	3.53416 	-6.07251e-20
15.5698 	-0.0771698 	0.302934 	3.56521 	-3.98212e-20
15.64 	-0.0771698 	0.302934 	3.56521 	-3.98212e-20
15.7101 	-0.0771698 	0.302934 	3.56521 	-3.98212e-20
15.7802 	-0.033728 	0.323295 	3.55872 	1.74664e-20
15.8504 	-0.033728 	0.323295 	3.55872 	1.74664e-20
15.9205 	-0.137791 	0.344462 	3.57317 	3.07825e-20
15.9906 	-0.137791 	0.344462 	3.57317 	3.07825e-20
16.0608 	-0.137791 	0.344462 	3.57317 	3.07825e-20
16.1309 	-0.0822471 	0.371932 	3.55344 	0
16.201 	-0.0822471 	0.371932 	3.55344 	0
16.2712 	-0.185522 	0.384531 	3.58816 	0
16.3413 	-0.185522 	0.384531 	3.58816 	0
16.4114 	-0.185522 	0.384531 	3.58816 	0
16.4816 	-0.185522 	0.384531 	3.58816 	0
16.5517 	-0.110526 	0.403425 	3.56368 	9.87578e-20
16.6219 	-0.2073 	0.439264 	3.58855 	5.95877e-20
16.692 	-0.2073 	0.439264 	3.58855 	5.95877e-20
16.7621 	-0.2073 	0.439264 	3.58855 	5.95877e-20
16.8323 	-0.2073 	0.439264 	3.58855 	5.95877e-20
16.9024 	-0.2073 	0.439264 	3.58855 	5.95877e-20
16.9725 	-0.198775 	0.484249 	3.58103 	0
17.0427 	-0.198775 	0.484249 	3.58103 	0
17.1128 	-0.198775 	0.484249 	3.58103 	0
17.1829 	-0.198775 	0.484249 	3.58103 	0
17.2531 	-0.280928 	0.516216 	3.59825 	0
17.3232 	-0.280928 	0.516216 	3.59825 	0
17.3933 	-0.280928 	0.516216 	3.59825 	0
17.4635 	-0.169422 	0.545174 	3.57771 	-7.00057e-20
17.5336 	-0.169422 	0.545174 	3.57771 	-7.00057e-20
17.6037 	-0.240969 	0.56513 	3.58568 	0
17.6739 	-0.240969 	0.56513 	3.58568 	0
17.744 	-0.240969 	0.56513 	3.58568 	0
17.8141 	-0.240969 	0.56513 	3.58568 	0
17.8843 	-0.240969 	0.56513 	3.58568 	0
17.9544 	-0.192056 	0.624597 	3.57282 	-1.74319e-19
18.0245 	-0.192056 	0.624597 	3.57282 	-1.74319e-19
18.0947 	-0.192056 	0.624597 	3.57282 	-1.74319e-19
18.1648 	-0.192056 	0.624597 	3.57282 	-1.74319e-19
18.2349 	-0.250403 	0.643878 	3.58173 	2.03332e-19
18.3051 	-0.250403 	0.643878 	3.58173 	2.03332e-19
18.3752 	-0.250403 	0.643878 	3.58173 	2.03332e-19
18.4453 	-0.250403 	0.643878 	3.58173 	2.03332e-19
18.5155 	-0.250403 	0.643878 	3.58173 	2.03332e-19
18.5856 	-0.201647 	0.683173 	3.56016 	2.58905e-19
18.6557 	-0.201647 	0.683173 	3.56016 	2.58905e-19
18.7259 	-0.201647 	0.683173 	3.56016 	2.58905e-19
18.796 	-0.201647 	0.683173 	3.56016 	2.58905e-19
18.8662 	-0.256997 	0.704289 	3.57089 	-3.27964e-19
18.9363 	-0.256997 	0.704289 	3.57089 	-3.27964e-19
19.0064 	-0.256997 	0.704289 	3.57089 	-3.27964e-19
19.0766 	-0.256997 	0.704289 	3.57089 	-3.27964e-19
19.1467 	-0.256997 	0.704289 	3.57089 	-3.27964e-19
19.2168 	-0.309273 	0.736401 	3.58824 	-1.46488e-19
19.287 	-0.202986 	0.724425 	3.53449 	-1.17339e-19
19.3571 	-0.202986 	0.724425 	3.53449 	-1.17339e-19
19.4272 	-0.202986 	0.724425 	3.53449 	-1.17339e-19
19.4974 	-0.202986 	0.724425 	3.53449 	-1.17339e-19
19.5675 	-0.255806 	0.750386 	3.55167 	-1.22299e-19
19.6376 	-0.255806 	0.750386 	3.55167 	-1.22299e-19
19.7078 	-0.255806 	0.750386 	3.55167 	-1.22299e-19
19.7779 	-0.255806 	0.750386 	3.55167 	-1.22299e-19
19.848 	-0.255806 	0.750386 	3.55167 	-1.22299e-19
19.9182 	-0.307096 	0.786284 	3.57269 	6.27713e-20
19.9883 	-0.307096 	0.786284 	3.57269 	6.27713e-20
20.0584 	-0.196751 	0.750081 	3.47546 	0
20.1286 	-0.196751 	0.750081 	3.47546 	0
20.1987 	-0.196751 	0.750081 	3.47546 	0
20.2688 	-0.249515 	0.779671 	3.51022 	-7.64027e-20
20.339 	-0.249515 	0.779671 	3.51022 	-7.64027e-20
20.4091 	-0.249515 	0.779671 	3.51022 	-7.64027e-20
20.4792 	-0.249515 	0.779671 	3.51022 	-7.64027e-20
20.5494 	-0.249515 	0.779671 	3.51022 	-7.64027e-20
20.6195 	-0.301054 	0.819902 	3.54293 	-3.00926e-20
20.6896 	-0.301054 	0.819902 	3.54293 	-3.00926e-20
20.7598 	-0.301054 	0.819902 	3.54293 	-3.00926e-20
20.8299 	-0.301054 	0.819902 	3.54293 	-3.00926e-20
20.9 	-0.193751 	0.756151 	3.31172 	-2.14353e-19
20.9702 	-0.243994 	0.790722 	3.39019 	-1.93327e-19
21.0403 	-0.243994 	0.790722 	3.39019 	-1.93327e-19
21.1105 	-0.243994 	0.790722 	3.39019 	-1.93327e-19
21.1806 	-0.243994 	0.790722 	3.39019 	-1.93327e-19
21.2507 	-0.243994 	0.790722 	3.39019 	-1.93327e-19
21.3209 	-0.296129 	0.833358 	3.45449 	1.07187e-19
21.391 	-0.296129 	0.833358 	3.45449 	1.07187e-19
21.4611 	-0.296129 	0.833358 	3.45449 	1.07187e-19
21.5313 	-0.296129 	0.833358 	3.45449 	1.07187e-19
21.6014 	-0.296129 	0.833358 	3.45449 	1.07187e-19
21.6715 	-0.296129 	0.833358 	3.45449 	1.07187e-19
21.7417 	-0.347323 	0.863154 	3.49403 	-9.27972e-20
21.8118 	-0.347323 	0.863154 	3.49403 	-9.27972e-20
21.8819 	-0.347323 	0.863154 	3.49403 	-9.27972e-20
21.9521 	-0.267514 	0.772359 	3.08432 	-5.99414e-20
22.0222 	-0.267514 	0.772359 	3.08432 	-5.99414e-20
22.0923 	-0.30496 	0.819331 	3.20714 	-3.74872e-19
22.1625 	-0.30496 	0.819331 	3.20714 	-3.74872e-19
22.2326 	-0.30496 	0.819331 	3.20714 	-3.74872e-19
22.3027 	-0.30496 	0.819331 	3.20714 	-3.74872e-19
22.3729 	-0.30496 	0.819331 	3.20714 	-3.74872e-19
22.443 	-0.30496 	0.819331 	3.20714 	-3.74872e-19
22.5131 	-0.345806 	0.857458 	3.30454 	-3.78401e-20
22.5833 	-0.345806 	0.857458 	3.30454 	-3.78401e-20
22.6534 	-0.345806 	0.857458 	3.30454 	-3.78401e-20
22.7235 	-0.345806 	0.857458 	3.30454 	-3.78401e-20
22.7937 	-0.345806 	0.857458 	3.30454 	-3.78401e-20
22.8638 	-0.390466 	0.899637 	3.37755 	2.15726e-19
22.9339 	-0.390466 	0.899637 	3.37755 	2.15726e-19
23.0041 	-0.390466 	0.899637 	3.37755 	2.15726e-19
23.0742 	-0.332034 	0.743779 	2.61727 	-2.90603e-19
23.1443 	-0.332034 	0.743779 	2.61727 	-2.90603e-19
23.2145 	-0.332034 	0.743779 	2.61727 	-2.90603e-19
23.2846 	-0.369191 	0.796593 	2.80138 	-7.52219e-20
23.3548 	-0.369191 	0.796593 	2.80138 	-7.52219e-20
23.4249 	-0.369191 	0.796593 	2.80138 	-7.52219e-20
23.495 	-0.369191 	0.796593 	2.80138 	-7.52219e-20
23.5652 	-0.369191 	0.796593 	2.80138 	-7.52219e-20
23.6353 	-0.369191 	0.796593 	2.80138 	-7.52219e-20
23.7054 	-0.405938 	0.837425 	2.89556 	-1.32943e-19
23.7756 	-0.405938 	0.837425 	2.89556 	-1.32943e-19
23.8457 	-0.405938 	0.837425 	2.89556 	-1.32943e-19
23.9158 	-0.405938 	0.837425 	2.89556 	-1.32943e-19
23.986 	-0.405938 	0.837425 	2.89556 	-1.32943e-19
24.0561 	-0.405938 	0.837425 	2.89556 	-1.32943e-19
24.1262 	-0.443125 	0.887142 	3.03875 	0
24.1964 	-0.443125 	0.887142 	3.03875 	0
24.2665 	-0.443125 	0.887142 	3.03875 	0
24.3366 	-0.443125 	0.887142 	3.03875 	0
24.4068 	-0.443125 	0.887142 	3.03875 	0
24.4769 	-0.395321 	0.681766 	2.15251 	-2.71828e-19
24.547 	-0.395321 	0.681766 	2.15251 	-2.71828e-19
24.6172 	-0.430626 	0.710394 	2.20836 	-4.50657e-19
24.6873 	-0.430626 	0.710394 	2.20836 	-4.50657e-19
24.7574 	-0.430626 	0.710394 	2.20836 	-4.50657e-19
24.8276 	-0.430626 	0.710394 	2.20836 	-4.50657e-19
24.8977 	-0.430626 	0.710394 	2.20836 	-4.50657e-19
24.9678 	-0.430626 	0.710394 	2.20836 	-4.50657e-19
25.038 	-0.465653 	0.755248 	2.34268 	1.45311e-19
25.1081 	-0.465653 	0.755248 	2.34268 	1.45311e-19
25.1782 	-0.465653 	0.755248 	2.34268 	1.45311e-19
25.2484 	-0.465653 	0.755248 	2.34268 	1.45311e-19
25.3185 	-0.465653 	0.755248 	2.34268 	1.45311e-19
25.3886 	-0.465653 	0.755248 	2.34268 	1.45311e-19
25.4588 	-0.49953 	0.78256 	2.39258 	0
25.5289 	-0.49953 	0.78256 	2.39258 	0
25.5991 	-0.49953 	0.78256 	2.39258 	0
25.6692 	-0.49953 	0.78256 	2.39258 	0
25.7393 	-0.49953 	0.78256 	2.39258 	0
25.8095 	-0.49953 	0.78256 	2.39258 	0
25.8796 	-0.49953 	0.78256 	2.39258 	0
25.9497 	-0.529334 	0.828914 	2.50875 	-3.37376e-19
26.0199 	-0.529334 	0.828914 	2.50875 	-3.37376e-19
26.09 	-0.504228 	0.62947 	1.82627 	-2.77959e-19
26.1601 	-0.504228 	0.62947 	1.82627 	-2.77959e-19
26.2303 	-0.504228 	0.62947 	1.82627 	-2.77959e-19
26.3004 	-0.504228 	0.62947 	1.82627 	-2.77959e-19
26.3705 	-0.504228 	0.62947 	1.82627 	-2.77959e-19
26.4407 	-0.52855 	0.640979 	1.84779 	6.68436e-19
26.5108 	-0.52855 	0.640979 	1.84779 	6.68436e-19
26.5809 	-0.52855 	0.640979 	1.84779 	6.68436e-19
26.6511 	-0.52855 	0.640979 	1.84779 	6.68436e-19
26.7212 	-0.52855 	0.640979 	1.84779 	6.68436e-19
26.7913 	-0.52855 	0.640979 	1.84779 	6.68436e-19
26.8615 	-0.52855 	0.640979 	1.84779 	6.68436e-19
26.9316 	-0.551311 	0.664485 	1.89683 	-4.11142e-19
27.0017 	-0.551311 	0.664485 	1.89683 	-4.11142e-19
27.0719 	-0.551311 	0.664485 	1.89683 	-4.11142e-19
27.142 	-0.551311 	0.664485 	1.89683 	-4.11142e-19
27.2121 	-0.551311 	0.664485 	1.89683 	-4.11142e-19
27.2823 	-0.551311 	0.664485 	1.89683 	-4.11142e-19
27.3524 	-0.573542 	0.672164 	1.90879 	-1.37107e-19
27.4225 	-0.573542 	0.672164 	1.90879 	-1.37107e-19
27.4927 	-0.573542 	0.672164 	1.90879 	-1.37107e-19
27.5628 	-0.573542 	0.672164 	1.90879 	-1.37107e-19
27.6329 	-0.573542 	0.672164 	1.90879 	-1.37107e-19
27.7031 	-0.573542 	0.672164 	1.90879 	-1.37107e-19
27.7732 	-0.573542 	0.672164 	1.90879 	-1.37107e-19
27.8434 	-0.573542 	0.672164 	1.90879 	-1.37107e-19
27.9135 	-0.594893 	0.688749 	1.93772 	-1.31477e-19
27.9836 	-0.594893 	0.688749 	1.93772 	-1.31477e-19
28.0538 	-0.594893 	0.688749 	1.93772 	-1.31477e-19
28.1239 	-0.594893 	0.688749 	1.93772 	-1.31477e-19
28.194 	-0.594893 	0.688749 	1.93772 	-1.31477e-19
28.2642 	-0.594893 	0.688749 	1.93772 	-1.31477e-19
28.3343 	-0.594469 	0.580192 	1.63112 	1.4891e-19
28.4044 	-0.609825 	0.582679 	1.63352 	-2.72504e-19
28.4746 	-0.609825 	0.582679 	1.63352 	-2.72504e-19
28.5447 	-0.609825 	0.582679 	1.63352 	-2.72504e-19
28.6148 	-0.609825 	0.582679 	1.63352 	-2.72504e-19
28.685 	-0.609825 	0.582679 	1.63352 	-2.72504e-19
28.7551 	-0.609825 	0.582679 	1.63352 	-2.72504e-19
28.8252 	-0.609825 	0.582679 	1.63352 	-2.72504e-19
28.8954 	-0.609825 	0.582679 	1.63352 	-2.72504e-19
28.9655 	-0.620419 	0.589724 	1.63679 	-2.75416e-19
29.0356 	-0.620419 	0.589724 	1.63679 	-2.75416e-19
29.1058 	-0.620419 	0.589724 	1.63679 	-2.75416e-19
29.1759 	-0.620419 	0.589724 	1.63679 	-2.75416e-19
29.246 	-0.620419 	0.589724 	1.63679 	-2.75416e-19
29.3162 	-0.620419 	0.589724 	1.63679 	-2.75416e-19
29.3863 	-0.620419 	0.589724 	1.63679 	-2.75416e-19
29.4564 	-0.627897 	0.590055 	1.63002 	2.59284e-19
29.5266 	-0.627897 	0.590055 	1.63002 	2.59284e-19
29.5967 	-0.627897 	0.590055 	1.63002 	2.59284e-19
29.6668 	-0.627897 	0.590055 	1.63002 	2.59284e-19
29.737 	-0.627897 	0.590055 	1.63002 	2.59284e-19
29.8071 	-0.627897 	0.590055 	1.63002 	2.59284e-19
29.8773 	-0.627897 	0.590055 	1.63002 	2.59284e-19
29.9474 	-0.627897 	0.590055 	1.63002 	2.59284e-19
30.0175 	-0.62971 	0.597494 	1.62414 	-2.67232e-19
30.0877 	-0.62971 	0.597494 	1.62414 	-2.67232e-19
30.1578 	-0.62971 	0.597494 	1.62414 	-2.67232e-19
30.2279 	-0.62971 	0.597494 	1.62414 	-2.67232e-19
30.2981 	-0.62971 	0.597494 	1.62414 	-2.67232e-19
30.3682 	-0.62971 	0.597494 	1.62414 	-2.67232e-19
30.4383 	-0.62971 	0.597494 	1.62414 	-2.67232e-19
30.5085 	-0.62971 	0.597494 	1.62414 	-2.67232e-19
30.5786 	-0.625719 	0.595754 	1.60659 	4.96003e-19
30.6487 	-0.625719 	0.595754 	1.60659 	4.96003e-19
30.7189 	-0.625719 	0.595754 	1.60659 	4.96003e-19
30.789 	-0.625719 	0.595754 	1.60659 	4.96003e-19
30.8591 	-0.625719 	0.595754 	1.60659 	4.96003e-19
30.9293 	-0.625719 	0.595754 	1.60659 	4.96003e-19
30.9994 	-0.625719 	0.595754 	1.60659 	4.96003e-19
31.0695 	-0.625719 	0.595754 	1.60659 	4.96003e-19
31.1397 	-0.613058 	0.596854 	1.58635 	-2.46492e-19
31.2098 	-0.613058 	0.596854 	1.58635 	-2.46492e-19
31.2799 	-0.613058 	0.596854 	1.58635 	-2.46492e-19
31.3501 	-0.613058 	0.596854 	1.58635 	-2.46492e-19
31.4202 	-0.613058 	0.596854 	1.58635 	-2.46492e-19
31.4903 	-0.613058 	0.596854 	1.58635 	-2.46492e-19
31.5605 	-0.616934 	0.565584 	1.55023 	3.83769e-19
31.6306 	-0.616934 	0.565584 	1.55023 	3.83769e-19
31.7007 	-0.600403 	0.555857 	1.53751 	-1.14744e-19
31.7709 	-0.600403 	0.555857 	1.53751 	-1.14744e-19
31.841 	-0.600403 	0.555857 	1.53751 	-1.14744e-19
31.9111 	-0.600403 	0.555857 	1.53751 	-1.14744e-19
31.9813 	-0.600403 	0.555857 	1.53751 	-1.14744e-19
32.0514 	-0.600403 	0.555857 	1.53751 	-1.14744e-19
32.1216 	-0.600403 	0.555857 	1.53751 	-1.14744e-19
32.1917 	-0.600403 	0.555857 	1.53751 	-1.14744e-19
32.2618 	-0.600403 	0.555857 	1.53751 	-1.14744e-19
32.332 	-0.577858 	0.542219 	1.51913 	0
32.4021 	-0.577858 	0.542219 	1.51913 	0
32.4722 	-0.577858 	0.542219 	1.51913 	0
32.5424 	-0.577858 	0.542219 	1.51913 	0
32.6125 	-0.577858 	0.542219 	1.51913 	0
32.6826 	-0.577858 	0.542219 	1.51913 	0
32.7528 	-0.577858 	0.542219 	1.51913 	0
32.8229 	-0.577858 	0.542219 	1.51913 	0
32.893 	-0.577858 	0.542219 	1.51913 	0
32.9632 	-0.550912 	0.517796 	1.50002 	0
33.0333 	-0.550912 	0.517796 	1.50002 	0
33.1034 	-0.550912 	0.517796 	1.50002 	0
33.1736 	-0.550912 	0.517796 	1.50002 	0
33.2437 	-0.550912 	0.517796 	1.50002 	0
33.3138 	-0.550912 	0.517796 	1.50002 	0
33.384 	-0.550912 	0.517796 	1.50002 	0
33.4541 	-0.550912 	0.517796 	1.50002 	0
33.5242 	-0.550912 	0.517796 	1.50002 	0
33.5944 	-0.522342 	0.486705 	1.48165 	4.93931e-20
33.6645 	-0.522342 	0.486705 	1.48165 	4.93931e-20
33.7346 	-0.522342 	0.486705 	1.48165 	4.93931e-20
33.8048 	-0.522342 	0.486705 	1.48165 	4.93931e-20
33.8749 	-0.522342 	0.486705 	1.48165 	4.93931e-20
33.945 	-0.522342 	0.486705 	1.48165 	4.93931e-20
34.0152 	-0.522342 	0.486705 	1.48165 	4.93931e-20
34.0853 	-0.522342 	0.486705 	1.48165 	4.93931e-20
34.1554 	-0.522342 	0.486705 	1.48165 	4.93931e-20
34.2256 	-0.494004 	0.447381 	1.46655 	-3.92065e-20
34.2957 	-0.494004 	0.447381 	1.46655 	-3.92065e-20
34.3659 	-0.494004 	0.447381 	1.46655 	-3.92065e-20
34.436 	-0.494004 	0.447381 	1.46655 	-3.92065e-20
34.5061 	-0.494004 	0.447381 	1.46655 	-3.92065e-20
34.5763 	-0.494004 	0.447381 	1.46655 	-3.92065e-20
34.6464 	-0.494004 	0.447381 	1.46655 	-3.92065e-20
34.7165 	-0.494004 	0.447381 	1.46655 	-3.92065e-20
34.7867 	-0.494004 	0.447381 	1.46655 	-3.92065e-20
34.8568 	-0.494004 	0.447381 	1.46655 	-3.92065e-20
34.9269 	-0.470284 	0.409015 	1.45295 	7.63703e-20
34.9971 	-0.470284 	0.409015 	1.45295 	7.63703e-20
35.0672 	-0.470284 	0.409015 	1.45295 	7.63703e-20
35.1373 	-0.470284 	0.409015 	1.45295 	7.63703e-20
35.2075 	-0.470284 	0.409015 	1.45295 	7.63703e-20
35.2776 	-0.470284 	0.409015 	1.45295 	7.63703e-20
35.3477 	-0.470284 	0.409015 	1.45295 	7.63703e-20
35.4179 	-0.470284 	0.409015 	1.45295 	7.63703e-20
35.488 	-0.470284 	0.409015 	1.45295 	7.63703e-20
35.5581 	-0.470284 	0.409015 	1.45295 	7.63703e-20
35.6283 	-0.453418 	0.370606 	1.44406 	-1.97609e-20
35.6984 	-0.453418 	0.370606 	1.44406 	-1.97609e-20
35.7685 	-0.453418 	0.370606 	1.44406 	-1.97609e-20
35.8387 	-0.453418 	0.370606 	1.44406 	-1.97609e-20
35.9088 	-0.453418 	0.370606 	1.44406 	-1.97609e-20
35.9789 	-0.453418 	0.370606 	1.44406 	-1.97609e-20
36.0491 	-0.453418 	0.370606 	1.44406 	-1.97609e-20
36.1192 	-0.453418 	0.370606 	1.44406 	-1.97609e-20
36.1893 	-0.453418 	0.370606 	1.44406 	-1.97609e-20
36.2595 	-0.453418 	0.370606 	1.44406 	-1.97609e-20
36.3296 	-0.443268 	0.32958 	1.43857 	1.65194e-20
36.3997 	-0.443268 	0.32958 	1.43857 	1.65194e-20
36.4699 	-0.443268 	0.32958 	1.43857 	1.65194e-20
36.54 	-0.443268 	0.32958 	1.43857 	1.65194e-20
36.6102 	-0.443268 	0.32958 	1.43857 	1.65194e-20
36.6803 	-0.443268 	0.32958 	1.43857 	1.65194e-20
36.7504 	-0.443268 	0.32958 	1.43857 	1.65194e-20
36.8206 	-0.443268 	0.32958 	1.43857 	1.65194e-20
36.8907 	-0.443268 	0.32958 	1.43857 	1.65194e-20
36.9608 	-0.443268 	0.32958 	1.43857 	1.65194e-20
37.031 	-0.443268 	0.32958 	1.43857 	1.65194e-20
37.1011 	-0.439653 	0.291794 	1.43803 	0
37.1712 	-0.439653 	0.291794 	1.43803 	0
37.2414 	-0.439653 	0.291794 	1.43803 	0
37.3115 	-0.439653 	0.291794 	1.43803 	0
37.3816 	-0.439653 	0.291794 	1.43803 	0
37.4518 	-0.439653 	0.291794 	1.43803 	0
37.5219 	-0.439653 	0.291794 	1.43803 	0
37.592 	-0.439653 	0.291794 	1.43803 	0
37.6622 	-0.439776 	0.258079 	1.44023 	0
37.7323 	-0.439776 	0.258079 	1.44023 	0
37.8024 	-0.439776 	0.258079 	1.44023 	0
37.8726 	-0.439776 	0.258079 	1.44023 	0
37.9427 	-0.439776 	0.258079 	1.44023 	0
38.0128 	-0.439776 	0.258079 	1.44023 	0
38.083 	-0.439776 	0.258079 	1.44023 	0
38.1531 	-0.439776 	0.258079 	1.44023 	0
38.2232 	-0.439776 	0.258079 	1.44023 	0
38.2934 	-0.441786 	0.225835 	1.4436 	0
38.3635 	-0.441786 	0.225835 	1.4436 	0
38.4336 	-0.441786 	0.225835 	1.4436 	0
38.5038 	-0.441786 	0.225835 	1.4436 	0
38.5739 	-0.441786 	0.225835 	1.4436 	0
38.644 	-0.441786 	0.225835 	1.4436 	0
38.7142 	-0.441786 	0.225835 	1.4436 	0
38.7843 	-0.441786 	0.225835 	1.4436 	0
38.8545 	-0.441786 	0.225835 	1.4436 	0
38.9246 	-0.44475 	0.195293 	1.44802 	0
38.9947 	-0.44475 	0.195293 	1.44802 	0
39.0649 	-0.44475 	0.195293 	1.44802 	0
39.135 	-0.44475 	0.195293 	1.44802 	0
39.2051 	-0.44475 	0.195293 	1.44802 	0
39.2753 	-0.44475 	0.195293 	1.44802 	0
39.3454 	-0.44475 	0.195293 	1.44802 	0
39.4155 	-0.44475 	0.195293 	1.44802 	0
39.4857 	-0.44475 	0.195293 	1.44802 	0
39.5558 	-0.4481 	0.166547 	1.45308 	0
39.6259 	-0.4481 	0.166547 	1.45308 	0
39.6961 	-0.4481 	0.166547 	1.45308 	0
39.7662 	-0.4481 	0.166547 	1.45308 	0
39.8363 	-0.4481 	0.166547 	1.45308 	0
39.9065 	-0.4481 	0.166547 	1.45308 	0
39.9766 	-0.4481 	0.166547 	1.45308 	0
40.0467 	-0.4481 	0.166547 	1.45308 	0
40.1169 	-0.450929 	0.140299 	1.45776 	0
40.187 	-0.450929 	0.140299 	1.45776 	0
40.2571 	-0.450929 	0.140299 	1.45776 	0
40.3273 	-0.450929 	0.140299 	1.45776 	0
40.3974 	-0.450929 	0.140299 	1.45776 	0
40.4675 	-0.450929 	0.140299 	1.45776 	0
40.5377 	-0.450929 	0.140299 	1.45776 	0
40.6078 	-0.450929 	0.140299 	1.45776 	0
40.6779 	-0.450929 	0.140299 	1.45776 	0
40.7481 	-0.452757 	0.117818 	1.46114 	0
40.8182 	-0.452757 	0.117818 	1.46114 	0
40.8883 	-0.452757 	0.117818 	1.46114 	0
40.9585 	-0.452757 	0.117818 	1.46114 	0
41.0286 	-0.452757 	0.117818 	1.46114 	0
41.0988 	-0.452757 	0.117818 	1.46114 	0
41.1689 	-0.452757 	0.117818 	1.46114 	0
41.239 	-0.452757 	0.117818 	1.46114 	0
41.3092 	-0.452757 	0.117818 	1.46114 	0
41.3793 	-0.453848 	0.098994 	1.46454 	0
41.4494 	-0.453848 	0.098994 	1.46454 	0
41.5196 	-0.453848 	0.098994 	1.46454 	0
41.5897 	-0.453848 	0.098994 	1.46454 	0
41.6598 	-0.453848 	0.098994 	1.46454 	0
41.73 	-0.453848 	0.098994 	1.46454 	0
41.8001 	-0.453848 	0.098994 	1.46454 	0
41.8702 	-0.453848 	0.098994 	1.46454 	0
41.9404 	-0.453848 	0.098994 	1.46454 	0
42.0105 	-0.454383 	0.0825886 	1.46851 	0
42.0806 	-0.454383 	0.0825886 	1.46851 	0
42.1508 	-0.454383 	0.0825886 	1.46851 	0
42.2209 	-0.454383 	0.0825886 	1.46851 	0
42.291 	-0.454383 	0.0825886 	1.46851 	0
42.3612 	-0.454383 	0.0825886 	1.46851 	0
42.4313 	-0.454383 	0.0825886 	1.46851 	0
42.5014 	-0.454383 	0.0825886 	1.46851 	0
42.5716 	-0.454383 	0.0825886 	1.46851 	0
42.6417 	-0.454305 	0.0682445 	1.47306 	0
42.7118 	-0.454305 	0.0682445 	1.47306 	0
42.782 	-0.454305 	0.0682445 	1.47306 	0
42.8521 	-0.454305 	0.0682445 	1.47306 	0
42.9222 	-0.454305 	0.0682445 	1.47306 	0
42.9924 	-0.454305 	0.0682445 	1.47306 	0
43.0625 	-0.454305 	0.0682445 	1.47306 	0
43.1327 	-0.454305 	0.0682445 	1.47306 	0
43.2028 	-0.453835 	0.0572873 	1.47689 	0
43.2729 	-0.453835 	0.0572873 	1.47689 	0
43.3431 	-0.453835 	0.0572873 	1.47689 	0
43.4132 	-0.453835 	0.0572873 	1.47689 	0
43.4833 	-0.453835 	0.0572873 	1.47689 	0
43.5535 	-0.453835 	0.0572873 	1.47689 	0
43.6236 	-0.453835 	0.0572873 	1.47689 	0
43.6937 	-0.453835 	0.0572873 	1.47689 	0
43.7639 	-0.453835 	0.0572873 	1.47689 	0
43.834 	-0.45329 	0.0510605 	1.48046 	0
43.9041 	-0.45329 	0.0510605 	1.48046 	0
43.9743 	-0.45329 	0.0510605 	1.48046 	0
44.0444 	-0.45329 	0.0510605 	1.48046 	0
44.1145 	-0.45329 	0.0510605 	1.48046 	0
44.1847 	-0.45329 	0.0510605 	1.48046 	0
44.2548 	-0.45329 	0.0510605 	1.48046 	0
44.3249 	-0.45329 	0.0510605 	1.48046 	0
44.3951 	-0.45329 	0.0510605 	1.48046 	0
44.4652 	-0.452425 	0.0497625 	1.4831 	0
44.5353 	-0.452425 	0.0497625 	1.4831 	0
44.6055 	-0.452425 	0.0497625 	1.4831 	0
44.6756 	-0.452425 	0.0497625 	1.4831 	0
44.7457 	-0.452425 	0.0497625 	1.4831 	0
44.8159 	-0.452425 	0.0497625 	1.4831 	0
44.886 	-0.452425 	0.0497625 	1.4831 	0
44.9561 	-0.452425 	0.0497625 	1.4831 	0
45.0263 	-0.452425 	0.0497625 	1.4831 	0
45.0964 	-0.452151 	0.051482 	1.48471 	0
45.1665 	-0.452151 	0.051482 	1.48471 	0
45.2367 	-0.452151 	0.051482 	1.48471 	0
45.3068 	-0.452151 	0.051482 	1.48471 	0
45.377 	-0.452151 	0.051482 	1.48471 	0
45.4471 	-0.452151 	0.051482 	1.48471 	0
45.5172 	-0.452151 	0.051482 	1.48471 	0
45.5874 	-0.452151 	0.051482 	1.48471 	0
45.6575 	-0.452475 	0.0551456 	1.48749 	0
45.7276 	-0.452475 	0.0551456 	1.48749 	0
45.7978 	-0.452475 	0.0551456 	1.48749 	0
45.8679 	-0.452475 	0.0551456 	1.48749 	0
45.938 	-0.452475 	0.0551456 	1.48749 	0
46.0082 	-0.452475 	0.0551456 	1.48749 	0
46.0783 	-0.452475 	0.0551456 	1.48749 	0
46.1484 	-0.452475 	0.0551456 	1.48749 	0
46.2186 	-0.452475 	0.0551456 	1.48749 	0
46.2887 	-0.452779 	0.0586204 	1.49187 	0
46.3588 	-0.452779 	0.0586204 	1.49187 	0
46.429 	-0.452779 	0.0586204 	1.49187 	0
46.4991 	-0.452779 	0.0586204 	1.49187 	0
46.5692 	-0.452779 	0.0586204 	1.49187 	0
46.6394 	-0.452779 	0.0586204 	1.49187 	0
46.7095 	-0.452779 	0.0586204 	1.49187 	0
46.7796 	-0.436432 	0.0514694 	1.50875 	0
46.8498 	-0.436432 	0.0514694 	1.50875 	0
46.9199 	-0.438294 	0.0566219 	1.51877 	0
46.99 	-0.438294 	0.0566219 	1.51877 	0
47.0602 	-0.438294 	0.0566219 	1.51877 	0
47.1303 	-0.438294 	0.0566219 	1.51877 	0
47.2004 	-0.438294 	0.0566219 	1.51877 	0
47.2706 	-0.438294 	0.0566219 	1.51877 	0
47.3407 	-0.438294 	0.0566219 	1.51877 	0
47.4108 	-0.438294 	0.0566219 	1.51877 	0
47.481 	-0.438294 	0.0566219 	1.51877 	0
47.5511 	-0.439943 	0.0695517 	1.53003 	0
47.6213 	-0.439943 	0.0695517 	1.53003 	0
47.6914 	-0.439943 	0.0695517 	1.53003 	0
47.7615 	-0.439943 	0.0695517 	1.53003 	0
47.8317 	-0.439943 	0.0695517 	1.53003 	0
47.9018 	-0.439943 	0.0695517 	1.53003 	0
47.9719 	-0.439943 	0.0695517 	1.53003 	0
48.0421 	-0.439943 	0.0695517 	1.53003 	0
48.1122 	-0.439943 	0.0695517 	1.53003 	0
48.1823 	-0.441626 	0.0934547 	1.54365 	0
48.2525 	-0.441626 	0.0934547 	1.54365 	0
48.3226 	-0.441626 	0.0934547 	1.54365 	0
48.3927 	-0.441626 	0.0934547 	1.54365 	0
48.4629 	-0.441626 	0.0934547 	1.54365 	0
48.533 	-0.441626 	0.0934547 	1.54365 	0
48.6031 	-0.441626 	0.0934547 	1.54365 	0
48.6733 	-0.441626 	0.0934547 	1.54365 	0
48.7434 	-0.443985 	0.129444 	1.56123 	0
48.8135 	-0.443985 	0.129444 	1.56123 	0
48.8837 	-0.443985 	0.129444 	1.56123 	0
48.9538 	-0.443985 	0.129444 	1.56123 	0
49.0239 	-0.443985 	0.129444 	1.56123 	0
49.0941 	-0.443985 	0.129444 	1.56123 	0
49.1642 	-0.443985 	0.129444 	1.56123 	0
49.2343 	-0.443985 	0.129444 	1.56123 	0
49.3045 	-0.443985 	0.129444 	1.56123 	0
49.3746 	-0.448261 	0.176446 	1.58161 	0
49.4447 	-0.448261 	0.176446 	1.58161 	0
49.5149 	-0.448261 	0.176446 	1.58161 	0
49.585 	-0.448261 	0.176446 	1.58161 	0
49.6551 	-0.448261 	0.176446 	1.58161 	0
49.7253 	-0.448261 	0.176446 	1.58161 	0
49.7954 	-0.448261 	0.176446 	1.58161 	0
49.8656 	-0.448261 	0.176446 	1.58161 	0
49.9357 	-0.448261 	0.176446 	1.58161 	0
50.0058 	-0.456623 	0.232959 	1.60427 	0
50.076 	-0.456623 	0.232959 	1.60427 	0
50.1461 	-0.456623 	0.232959 	1.60427 	0
50.2162 	-0.456623 	0.232959 	1.60427 	0
50.2864 	-0.456623 	0.232959 	1.60427 	0
50.3565 	-0.456623 	0.232959 	1.60427 	0
50.4266 	-0.456623 	0.232959 	1.60427 	0
50.4968 	-0.456623 	0.232959 	1.60427 	0
50.5669 	-0.456623 	0.232959 	1.60427 	0
50.637 	-0.47212 	0.297683 	1.62723 	0
50.7072 	-0.47212 	0.297683 	1.62723 	0
50.7773 	-0.47212 	0.297683 	1.62723 	0
50.8474 	-0.47212 	0.297683 	1.62723 	0
50.9176 	-0.47212 	0.297683 	1.62723 	0
50.9877 	-0.47212 	0.297683 	1.62723 	0
51.0578 	-0.47212 	0.297683 	1.62723 	0
51.128 	-0.47212 	0.297683 	1.62723 	0
51.1981 	-0.47212 	0.297683 	1.62723 	0
51.2682 	-0.498942 	0.368737 	1.651 	0
51.3384 	-0.498942 	0.368737 	1.651 	0
51.4085 	-0.498942 	0.368737 	1.651 	0
51.4786 	-0.498942 	0.368737 	1.651 	0
51.5488 	-0.498942 	0.368737 	1.651 	0
51.6189 	-0.498942 	0.368737 	1.651 	0
51.689 	-0.498942 	0.368737 	1.651 	0
51.7592 	-0.498942 	0.368737 	1.651 	0
51.8293 	-0.542136 	0.441165 	1.67658 	0
51.8994 	-0.542136 	0.441165 	1.67658 	0
51.9696 	-0.542136 	0.441165 	1.67658 	0
52.0397 	-0.542136 	0.441165 	1.67658 	0
52.1099 	-0.542136 	0.441165 	1.67658 	0
52.18 	-0.542136 	0.441165 	1.67658 	0
52.2501 	-0.542136 	0.441165 	1.67658 	0
52.3203 	-0.542136 	0.441165 	1.67658 	0
52.3904 	-0.542136 	0.441165 	1.67658 	0
52.4605 	-0.606991 	0.50589 	1.7078 	0
52.5307 	-0.606991 	0.50589 	1.7078 	0
52.6008 	-0.606991 	0.50589 	1.7078 	0
52.6709 	-0.606991 	0.50589 	1.7078 	0
52.7411 	-0.606991 	0.50589 	1.7078 	0
52.8112 	-0.606991 	0.50589 	1.7078 	0
52.8813 	-0.606991 	0.50589 	1.7078 	0
52.9515 	-0.606991 	0.50589 	1.7078 	0
53.0216 	-0.606991 	0.50589 	1.7078 	0
53.0917 	-0.69804 	0.553819 	1.74748 	0
53.1619 	-0.69804 	0.553819 	1.74748 	0
53.232 	-0.69804 	0.553819 	1.74748 	0
53.3021 	-0.69804 	0.553819 	1.74748 	0
53.3723 	-0.69804 	0.553819 	1.74748 	0
53.4424 	-0.69804 	0.553819 	1.74748 	0
53.5125 	-0.69804 	0.553819 	1.74748 	0
53.5827 	-0.69804 	0.553819 	1.74748 	0
53.6528 	-0.69804 	0.553819 	1.74748 	0
53.7229 	-0.817523 	0.584563 	1.79447 	0
53.7931 	-0.817523 	0.584563 	1.79447 	0
53.8632 	-0.817523 	0.584563 	1.79447 	0
53.9333 	-0.817523 	0.584563 	1.79447 	0
54.0035 	-0.817523 	0.584563 	1.79447 	0
54.0736 	-0.817523 	0.584563 	1.79447 	0
54.1437 	-0.817523 	0.584563 	1.79447 	0
54.2139 	-0.817523 	0.584563 	1.79447 	0
54.284 	-0.967102 	0.600875 	1.84089 	0
54.3542 	-0.967102 	0.600875 	1.84089 	0
54.4243 	-0.967102 	0.600875 	1.84089 	0
54.4944 	-0.967102 	0.600875 	1.84089 	0
54.5646 	-0.967102 	0.600875 	1.84089 	0
54.6347 	-0.967102 	0.600875 	1.84089 	0
54.7048 	-0.967102 	0.600875 	1.84089 	0
54.775 	-0.967102 	0.600875 	1.84089 	0
54.8451 	-0.967102 	0.600875 	1.84089 	0
54.9152 	-1.14579 	0.588679 	1.8895 	0
54.9854 	-1.14579 	0.588679 	1.8895 	0
55.0555 	-1.14579 	0.588679 	1.8895 	0
55.1256 	-1.14579 	0.588679 	1.8895 	0
55.1958 	-1.14579 	0.588679 	1.8895 	0
55.2659 	-1.14579 	0.588679 	1.8895 	0
55.336 	-1.14579 	0.588679 	1.8895 	0
55.4062 	-1.14579 	0.588679 	1.8895 	0
55.4763 	-1.14579 	0.588679 	1.8895 	0
55.5464 	-1.34066 	0.534098 	1.94471 	0
55.6166 	-1.34066 	0.534098 	1.94471 	0
55.6867 	-1.34066 	0.534098 	1.94471 	0
55.7568 	-1.34066 	0.534098 	1.94471 	0
55.827 	-1.34066 	0.534098 	1.94471 	0
55.8971 	-1.34066 	0.534098 	1.94471 	0
55.9672 	-1.34066 	0.534098 	1.94471 	0
56.0374 	-1.34066 	0.534098 	1.94471 	0
56.1075 	-1.34066 	0.534098 	1.94471 	0
56.1776 	-1.54003 	0.437122 	1.99989 	0
56.2478 	-1.54003 	0.437122 	1.99989 	0
56.3179 	-1.54003 	0.437122 	1.99989 	0
56.3881 	-1.54003 	0.437122 	1.99989 	0
56.4582 	-1.54003 	0.437122 	1.99989 	0
56.5283 	-1.54003 	0.437122 	1.99989 	0
56.5985 	-1.54003 	0.437122 	1.99989 	0
56.6686 	-1.54003 	0.437122 	1.99989 	0
56.7387 	-1.54003 	0.437122 	1.99989 	0
56.8089 	-1.72085 	0.306543 	2.04957 	0
56.879 	-1.72085 	0.306543 	2.04957 	0
56.9491 	-1.72085 	0.306543 	2.04957 	0
57.0193 	-1.72085 	0.306543 	2.04957 	0
57.0894 	-1.72085 	0.306543 	2.04957 	0
57.1595 	-1.72085 	0.306543 	2.04957 	0
57.2297 	-1.72085 	0.306543 	2.04957 	0
57.2998 	-1.72085 	0.306543 	2.04957 	0
57.3699 	-1.86105 	0.149353 	2.09263 	0
57.4401 	-1.86105 	0.149353 	2.09263 	0
57.5102 	-1.86105 	0.149353 	2.09263 	0
57.5803 	-1.86105 	0.149353 	2.09263 	0
57.6505 	-1.86105 	0.149353 	2.09263 	0
57.7206 	-1.86105 	0.149353 	2.09263 	0
57.7907 	-1.86105 	0.149353 	2.09263 	0
57.8609 	-1.86105 	0.149353 	2.09263 	0
57.931 	-1.86105 	0.149353 	2.09263 	0
58.0011 	-1.95016 	-0.0258925 	2.13107 	0
58.0713 	-1.95016 	-0.0258925 	2.13107 	0
58.1414 	-1.95016 	-0.0258925 	2.13107 	0
58.2115 	-1.95016 	-0.0258925 	2.13107 	0
58.2817 	-1.95016 	-0.0258925 	2.13107 	0
58.3518 	-1.95016 	-0.0258925 	2.13107 	0
58.4219 	-1.95016 	-0.0258925 	2.13107 	0
58.4921 	-1.95016 	-0.0258925 	2.13107 	0
58.5622 	-1.95016 	-0.0258925 	2.13107 	0
58.6324 	-1.96705 	-0.207057 	2.16711 	0
58.7025 	-1.96705 	-0.207057 	2.16711 	0
58.7726 	-1.96705 	-0.207057 	2.16711 	0
58.8428 	-1.96705 	-0.207057 	2.16711 	0
58.9129 	-1.96705 	-0.207057 	2.16711 	0
58.983 	-1.96705 	-0.207057 	2.16711 	0
59.0532 	-1.96705 	-0.207057 	2.16711 	0
59.1233 	-1.96705 	-0.207057 	2.16711 	0
59.1934 	-1.96705 	-0.207057 	2.16711 	0
59.2636 	-1.91522 	-0.381849 	2.19955 	0
59.3337 	-1.91522 	-0.381849 	2.19955 	0
59.4038 	-1.91522 	-0.381849 	2.19955 	0
59.474 	-1.91522 	-0.381849 	2.19955 	0
59.5441 	-1.91522 	-0.381849 	2.19955 	0
59.6142 	-1.91522 	-0.381849 	2.19955 	0
59.6844 	-1.91522 	-0.381849 	2.19955 	0
59.7545 	-1.91522 	-0.381849 	2.19955 	0
59.8246 	-1.80144 	-0.53276 	2.22789 	0
59.8948 	-1.80144 	-0.53276 	2.22789 	0
59.9649 	-1.80144 	-0.53276 	2.22789 	0
60.035 	-1.80144 	-0.53276 	2.22789 	0
60.1052 	-1.80144 	-0.53276 	2.22789 	0
60.1753 	-1.80144 	-0.53276 	2.22789 	0
60.2454 	-1.80144 	-0.53276 	2.22789 	0
60.3156 	-1.80144 	-0.53276 	2.22789 	0
60.3857 	-1.80144 	-0.53276 	2.22789 	0
60.4558 	-1.64509 	-0.645816 	2.25002 	0
60.526 	-1.64509 	-0.645816 	2.25002 	0
60.5961 	-1.64509 	-0.645816 	2.25002 	0
60.6662 	-1.64509 	-0.645816 	2.25002 	0
60.7364 	-1.64509 	-0.645816 	2.25002 	0
60.8065 	-1.64509 	-0.645816 	2.25002 	0
60.8767 	-1.64509 	-0.645816 	2.25002 	0
60.9468 	-1.64509 	-0.645816 	2.25002 	0
61.0169 	-1.64509 	-0.645816 	2.25002 	0
61.0871 	-1.46944 	-0.721428 	2.26127 	0
61.1572 	-1.46944 	-0.721428 	2.26127 	0
61.2273 	-1.46944 	-0.721428 	2.26127 	0
61.2975 	-1.46944 	-0.721428 	2.26127 	0
61.3676 	-1.46944 	-0.721428 	2.26127 	0
61.4377 	-1.46944 	-0.721428 	2.26127 	0
61.5079 	-1.46944 	-0.721428 	2.26127 	0
61.578 	-1.46944 	-0.721428 	2.26127 	0
61.6481 	-1.46944 	-0.721428 	2.26127 	0
61.7183 	-1.29029 	-0.772592 	2.25735 	0
61.7884 	-1.29029 	-0.772592 	2.25735 	0
61.8585 	-1.29029 	-0.772592 	2.25735 	0
61.9287 	-1.29029 	-0.772592 	2.25735 	0
61.9988 	-1.29029 	-0.772592 	2.25735 	0
62.0689 	-1.29029 	-0.772592 	2.25735 	0
62.1391 	-1.29029 	-0.772592 	2.25735 	0
62.2092 	-1.29029 	-0.772592 	2.25735 	0
62.2793 	-1.29029 	-0.772592 	2.25735 	0
62.3495 	-1.11178 	-0.816509 	2.23906 	0
62.4196 	-1.11178 	-0.816509 	2.23906 	0
62.4897 	-1.11178 	-0.816509 	2.23906 	0
62.5599 	-1.11178 	-0.816509 	2.23906 	0
62.63 	-1.11178 	-0.816509 	2.23906 	0
62.7001 	-1.11178 	-0.816509 	2.23906 	0
62.7703 	-1.11178 	-0.816509 	2.23906 	0
62.8404 	-1.11178 	-0.816509 	2.23906 	0
62.9105 	-0.930266 	-0.859684 	2.21546 	0
62.9807 	-0.930266 	-0.859684 	2.21546 	0
63.0508 	-0.930266 	-0.859684 	2.21546 	0
63.121 	-0.930266 	-0.859684 	2.21546 	0
63.1911 	-0.930266 	-0.859684 	2.21546 	0
63.2612 	-0.930266 	-0.859684 	2.21546 	0
63.3314 	-0.930266 	-0.859684 	2.21546 	0
63.4015 	-0.930266 	-0.859684 	2.21546 	0
63.4716 	-0.930266 	-0.859684 	2.21546 	0
63.5418 	-0.744123 	-0.894594 	2.19549 	0
63.6119 	-0.744123 	-0.894594 	2.19549 	0
63.682 	-0.744123 	-0.894594 	2.19549 	0
63.7522 	-0.744123 	-0.894594 	2.19549 	0
63.8223 	-0.744123 	-0.894594 	2.19549 	0
63.8924 	-0.744123 	-0.894594 	2.19549 	0
63.9626 	-0.744123 	-0.894594 	2.19549 	0
64.0327 	-0.744123 	-0.894594 	2.19549 	0
64.1028 	-0.744123 	-0.894594 	2.19549 	0
64.173 	-0.560847 	-0.908908 	2.18624 	0
64.2431 	-0.560847 	-0.908908 	2.18624 	0
64.3132 	-0.560847 	-0.908908 	2.18624 	0
64.3834 	-0.560847 	-0.908908 	2.18624 	0
64.4535 	-0.560847 	-0.908908 	2.18624 	0
64.5236 	-0.560847 	-0.908908 	2.18624 	0
64.5938 	-0.560847 	-0.908908 	2.18624 	0
64.6639 	-0.560847 	-0.908908 	2.18624 	0
64.734 	-0.560847 	-0.908908 	2.18624 	0
64.8042 	-0.391328 	-0.906386 	2.18097 	0
64.8743 	-0.391328 	-0.906386 	2.18097 	0
64.9444 	-0.391328 	-0.906386 	2.18097 	0
65.0146 	-0.391328 	-0.906386 	2.18097 	0
65.0847 	-0.391328 	-0.906386 	2.18097 	0
65.1548 	-0.391328 	-0.906386 	2.18097 	0
65.225 	-0.391328 	-0.906386 	2.18097 	0
65.2951 	-0.378775 	-0.894069 	2.45309 	0
65.3653 	-0.378775 	-0.894069 	2.45309 	0
65.4354 	-0.225923 	-0.856492 	2.43528 	0
65.5055 	-0.225923 	-0.856492 	2.43528 	0
65.5757 	-0.225923 	-0.856492 	2.43528 	0
65.6458 	-0.225923 	-0.856492 	2.43528 	0
65.7159 	-0.225923 	-0.856492 	2.43528 	0
65.7861 	-0.225923 	-0.856492 	2.43528 	0
65.8562 	-0.225923 	-0.856492 	2.43528 	0
65.9263 	-0.225923 	-0.856492 	2.43528 	0
65.9965 	-0.115345 	-0.729363 	2.3736 	0
66.0666 	-0.115345 	-0.729363 	2.3736 	0
66.1367 	-0.115345 	-0.729363 	2.3736 	0
66.2069 	-0.115345 	-0.729363 	2.3736 	0
66.277 	-0.115345 	-0.729363 	2.3736 	0
66.3471 	-0.115345 	-0.729363 	2.3736 	0
66.4173 	-0.115345 	-0.729363 	2.3736 	0
66.4874 	-0.115345 	-0.729363 	2.3736 	0
66.5575 	-0.115345 	-0.729363 	2.3736 	0
66.6277 	-0.034381 	-0.587794 	2.33506 	0
66.6978 	-0.034381 	-0.587794 	2.33506 	0
66.7679 	-0.034381 	-0.587794 	2.33506 	0
66.8381 	-0.034381 	-0.587794 	2.33506 	0
66.9082 	-0.034381 	-0.587794 	2.33506 	0
66.9783 	-0.034381 	-0.587794 	2.33506 	0
67.0485 	-0.034381 	-0.587794 	2.33506 	0
67.1186 	-0.034381 	-0.587794 	2.33506 	0
67.1887 	-0.034381 	-0.587794 	2.33506 	0
67.2589 	-0.00106237 	-0.436181 	2.2531 	0
67.329 	-0.00106237 	-0.436181 	2.2531 	0
67.3991 	-0.00106237 	-0.436181 	2.2531 	0
67.4693 	-0.00106237 	-0.436181 	2.2531 	0
67.5394 	-0.00106237 	-0.436181 	2.2531 	0
67.6096 	-0.00106237 	-0.436181 	2.2531 	0
67.6797 	-0.00106237 	-0.436181 	2.2531 	0
67.7498 	-0.00106237 	-0.436181 	2.2531 	0
67.82 	-0.00106237 	-0.436181 	2.2531 	0
67.8901 	0.00880708 	-0.352886 	2.22421 	0
67.9602 	0.00880708 	-0.352886 	2.22421 	0
68.0304 	0.00880708 	-0.352886 	2.22421 	0
68.1005 	0.00880708 	-0.352886 	2.22421 	0
68.1706 	0.00880708 	-0.352886 	2.22421 	0
68.2408 	0.00880708 	-0.352886 	2.22421 	0
68.3109 	0.00880708 	-0.352886 	2.22421 	0
68.381 	0.00880708 	-0.352886 	2.22421 	0
68.4512 	0.00524929 	-0.236216 	2.13018 	0
68.5213 	0.00524929 	-0.236216 	2.13018 	0
68.5914 	0.00524929 	-0.236216 	2.13018 	0
68.6616 	0.00524929 	-0.236216 	2.13018 	0
68.7317 	0.00524929 	-0.236216 	2.13018 	0
68.8018 	0.00524929 	-0.236216 	2.13018 	0
68.872 	0.00524929 	-0.236216 	2.13018 	0
68.9421 	0.00524929 	-0.236216 	2.13018 	0
69.0122 	0.00524929 	-0.236216 	2.13018 	0
