0.490941 	0.84246 	0.00613867 	3.00284 	0
0.561075 	0.84246 	0.00613867 	3.00284 	0
0.63121 	0.84246 	0.00613867 	3.00284 	0
0.701344 	0.84246 	0.00613867 	3.00284 	0
0.771478 	0.84246 	0.00613867 	3.00284 	0
0.841613 	0.84246 	0.00613867 	3.00284 	0
0.911747 	0.84246 	0.00613867 	3.00284 	0
0.981881 	0.84246 	0.00613867 	3.00284 	0
1.05202 	0.84246 	0.00613867 	3.00284 	0
1.12215 	0.84246 	0.00613867 	3.00284 	0
1.19228 	0.84246 	0.00613867 	3.00284 	0
1.26242 	0.816316 	0.011528 	3.00789 	0
1.33255 	0.816316 	0.011528 	3.00789 	0
1.40269 	0.816316 	0.011528 	3.00789 	0
1.47282 	0.816316 	0.011528 	3.00789 	0
1.54296 	0.816316 	0.011528 	3.00789 	0
1.61309 	0.816316 	0.011528 	3.00789 	0
1.68323 	0.816316 	0.011528 	3.00789 	0
1.75336 	0.816316 	0.011528 	3.00789 	0
1.82349 	0.76652 	0.0147919 	3.02406 	2.92695e-19
1.89363 	0.76652 	0.0147919 	3.02406 	2.92695e-19
1.96376 	0.76652 	0.0147919 	3.02406 	2.92695e-19
2.0339 	0.76652 	0.0147919 	3.02406 	2.92695e-19
2.10403 	0.76652 	0.0147919 	3.02406 	2.92695e-19
2.17417 	0.76652 	0.0147919 	3.02406 	2.92695e-19
2.2443 	0.76652 	0.0147919 	3.02406 	2.92695e-19
2.31443 	0.76652 	0.0147919 	3.02406 	2.92695e-19
2.38457 	0.76652 	0.0147919 	3.02406 	2.92695e-19
2.4547 	0.76652 	0.0147919 	3.02406 	2.92695e-19
2.52484 	0.76652 	0.0147919 	3.02406 	2.92695e-19
2.59497 	0.731996 	0.00730518 	3.03677 	-4.56788e-19
2.66511 	0.731996 	0.00730518 	3.03677 	-4.56788e-19
2.73524 	0.731996 	0.00730518 	3.03677 	-4.56788e-19
2.80538 	0.731996 	0.00730518 	3.03677 	-4.56788e-19
2.87551 	0.731996 	0.00730518 	3.03677 	-4.56788e-19
2.94564 	0.731996 	0.00730518 	3.03677 	-4.56788e-19
3.01578 	0.731996 	0.00730518 	3.03677 	-4.56788e-19
3.08591 	0.731996 	0.00730518 	3.03677 	-4.56788e-19
3.15605 	0.731996 	0.00730518 	3.03677 	-4.56788e-19
3.22618 	0.731996 	0.00730518 	3.03677 	-4.56788e-19
3.29632 	0.699604 	0.0200242 	3.04346 	4.61651e-19
3.36645 	0.699604 	0.0200242 	3.04346 	4.61651e-19
3.43659 	0.699604 	0.0200242 	3.04346 	4.61651e-19
3.50672 	0.699604 	0.0200242 	3.04346 	4.61651e-19
3.57685 	0.699604 	0.0200242 	3.04346 	4.61651e-19
3.64699 	0.699604 	0.0200242 	3.04346 	4.61651e-19
3.71712 	0.699604 	0.0200242 	3.04346 	4.61651e-19
3.78726 	0.699604 	0.0200242 	3.04346 	4.61651e-19
3.85739 	0.699604 	0.0200242 	3.04346 	4.61651e-19
3.92753 	0.699604 	0.0200242 	3.04346 	4.61651e-19
3.99766 	0.699604 	0.0200242 	3.04346 	4.61651e-19
4.06779 	0.681238 	0.00372246 	3.05022 	-1.28406e-20
4.13793 	0.681238 	0.00372246 	3.05022 	-1.28406e-20
4.20806 	0.681238 	0.00372246 	3.05022 	-1.28406e-20
4.2782 	0.681238 	0.00372246 	3.05022 	-1.28406e-20
4.34833 	0.681238 	0.00372246 	3.05022 	-1.28406e-20
4.41847 	0.681238 	0.00372246 	3.05022 	-1.28406e-20
4.4886 	0.656158 	0.0164661 	3.0579 	0
4.55874 	0.656158 	0.0164661 	3.0579 	0
4.62887 	0.656158 	0.0164661 	3.0579 	0
4.699 	0.656158 	0.0164661 	3.0579 	0
4.76914 	0.656158 	0.0164661 	3.0579 	0
4.83927 	0.656158 	0.0164661 	3.0579 	0
4.90941 	0.656158 	0.0164661 	3.0579 	0
4.97954 	0.656158 	0.0164661 	3.0579 	0
5.04968 	0.656158 	0.0164661 	3.0579 	0
5.11981 	0.656158 	0.0164661 	3.0579 	0
5.18994 	0.633725 	0.0059146 	3.06493 	-5.93733e-21
5.26008 	0.633725 	0.0059146 	3.06493 	-5.93733e-21
5.33021 	0.633725 	0.0059146 	3.06493 	-5.93733e-21
5.40035 	0.633725 	0.0059146 	3.06493 	-5.93733e-21
5.47048 	0.633725 	0.0059146 	3.06493 	-5.93733e-21
5.54062 	0.633725 	0.0059146 	3.06493 	-5.93733e-21
5.61075 	0.633725 	0.0059146 	3.06493 	-5.93733e-21
5.68089 	0.605011 	0.0111017 	3.07451 	0
5.75102 	0.605011 	0.0111017 	3.07451 	0
5.82115 	0.605011 	0.0111017 	3.07451 	0
5.89129 	0.605011 	0.0111017 	3.07451 	0
5.96142 	0.605011 	0.0111017 	3.07451 	0
6.03156 	0.605011 	0.0111017 	3.07451 	0
6.10169 	0.605011 	0.0111017 	3.07451 	0
6.17183 	0.605011 	0.0111017 	3.07451 	0
6.24196 	0.605011 	0.0111017 	3.07451 	0
6.3121 	0.575803 	0.00718052 	3.08236 	0
6.38223 	0.575803 	0.00718052 	3.08236 	0
6.45236 	0.575803 	0.00718052 	3.08236 	0
6.5225 	0.575803 	0.00718052 	3.08236 	0
6.59263 	0.575803 	0.00718052 	3.08236 	0
6.66277 	0.575803 	0.00718052 	3.08236 	0
6.7329 	0.575803 	0.00718052 	3.08236 	0
6.80304 	0.575803 	0.00718052 	3.08236 	0
6.87317 	0.549841 	0.00624049 	3.09205 	1.87065e-19
6.9433 	0.549841 	0.00624049 	3.09205 	1.87065e-19
7.01344 	0.549841 	0.00624049 	3.09205 	1.87065e-19
7.08357 	0.549841 	0.00624049 	3.09205 	1.87065e-19
7.15371 	0.549841 	0.00624049 	3.09205 	1.87065e-19
7.22384 	0.549841 	0.00624049 	3.09205 	1.87065e-19
7.29398 	0.549841 	0.00624049 	3.09205 	1.87065e-19
7.36411 	0.549841 	0.00624049 	3.09205 	1.87065e-19
7.43425 	0.549841 	0.00624049 	3.09205 	1.87065e-19
7.50438 	0.519441 	0.0086058 	3.09871 	-1.3672e-18
7.57451 	0.519441 	0.0086058 	3.09871 	-1.3672e-18
7.64465 	0.519441 	0.0086058 	3.09871 	-1.3672e-18
7.71478 	0.519441 	0.0086058 	3.09871 	-1.3672e-18
7.78492 	0.519441 	0.0086058 	3.09871 	-1.3672e-18
7.85505 	0.519441 	0.0086058 	3.09871 	-1.3672e-18
7.92519 	0.519441 	0.0086058 	3.09871 	-1.3672e-18
7.99532 	0.519441 	0.0086058 	3.09871 	-1.3672e-18
8.06545 	0.498073 	0.00187972 	3.10638 	1.35789e-18
8.13559 	0.498073 	0.00187972 	3.10638 	1.35789e-18
8.20572 	0.498073 	0.00187972 	3.10638 	1.35789e-18
8.27586 	0.498073 	0.00187972 	3.10638 	1.35789e-18
8.34599 	0.498073 	0.00187972 	3.10638 	1.35789e-18
8.41613 	0.498073 	0.00187972 	3.10638 	1.35789e-18
8.48626 	0.498073 	0.00187972 	3.10638 	1.35789e-18
8.5564 	0.498073 	0.00187972 	3.10638 	1.35789e-18
8.62653 	0.498073 	0.00187972 	3.10638 	1.35789e-18
8.69666 	0.467531 	0.0139961 	3.11851 	1.06344e-18
8.7668 	0.467531 	0.0139961 	3.11851 	1.06344e-18
8.83693 	0.467531 	0.0139961 	3.11851 	1.06344e-18
8.90707 	0.467531 	0.0139961 	3.11851 	1.06344e-18
8.9772 	0.467531 	0.0139961 	3.11851 	1.06344e-18
9.04734 	0.467531 	0.0139961 	3.11851 	1.06344e-18
9.11747 	0.467531 	0.0139961 	3.11851 	1.06344e-18
9.18761 	0.467531 	0.0139961 	3.11851 	1.06344e-18
9.25774 	0.437233 	0.00585889 	3.11797 	-9.8211e-19
9.32787 	0.437233 	0.00585889 	3.11797 	-9.8211e-19
9.39801 	0.437233 	0.00585889 	3.11797 	-9.8211e-19
9.46814 	0.437233 	0.00585889 	3.11797 	-9.8211e-19
9.53828 	0.437233 	0.00585889 	3.11797 	-9.8211e-19
9.60841 	0.437233 	0.00585889 	3.11797 	-9.8211e-19
9.67855 	0.437233 	0.00585889 	3.11797 	-9.8211e-19
9.74868 	0.437233 	0.00585889 	3.11797 	-9.8211e-19
9.81881 	0.420789 	0.0179727 	3.12943 	-3.30368e-19
9.88895 	0.420789 	0.0179727 	3.12943 	-3.30368e-19
9.95908 	0.420789 	0.0179727 	3.12943 	-3.30368e-19
10.0292 	0.420789 	0.0179727 	3.12943 	-3.30368e-19
10.0994 	0.420789 	0.0179727 	3.12943 	-3.30368e-19
10.1695 	0.420789 	0.0179727 	3.12943 	-3.30368e-19
10.2396 	0.420789 	0.0179727 	3.12943 	-3.30368e-19
10.3098 	0.420789 	0.0179727 	3.12943 	-3.30368e-19
10.3799 	0.420789 	0.0179727 	3.12943 	-3.30368e-19
10.45 	0.420789 	0.0179727 	3.12943 	-3.30368e-19
10.5202 	0.420789 	0.0179727 	3.12943 	-3.30368e-19
10.5903 	0.420789 	0.0179727 	3.12943 	-3.30368e-19
10.6604 	0.443104 	0.0155416 	3.12542 	4.86252e-19
10.7306 	0.390195 	0.0369004 	3.1399 	0
10.8007 	0.390195 	0.0369004 	3.1399 	0
10.8708 	0.390195 	0.0369004 	3.1399 	0
10.941 	0.390195 	0.0369004 	3.1399 	0
11.0111 	0.390195 	0.0369004 	3.1399 	0
11.0812 	0.390195 	0.0369004 	3.1399 	0
11.1514 	0.390195 	0.0369004 	3.1399 	0
11.2215 	0.390195 	0.0369004 	3.1399 	0
11.2916 	0.390195 	0.0369004 	3.1399 	0
11.3618 	0.390195 	0.0369004 	3.1399 	0
11.4319 	0.390195 	0.0369004 	3.1399 	0
11.502 	0.390195 	0.0369004 	3.1399 	0
11.5722 	0.390195 	0.0369004 	3.1399 	0
11.6423 	0.390195 	0.0369004 	3.1399 	0
11.7124 	0.399144 	0.0240734 	3.12904 	0
11.7826 	0.336302 	0.0794748 	3.16171 	4.95394e-19
11.8527 	0.336302 	0.0794748 	3.16171 	4.95394e-19
11.9228 	0.336302 	0.0794748 	3.16171 	4.95394e-19
11.993 	0.336302 	0.0794748 	3.16171 	4.95394e-19
12.0631 	0.336302 	0.0794748 	3.16171 	4.95394e-19
12.1332 	0.336302 	0.0794748 	3.16171 	4.95394e-19
12.2034 	0.235421 	0.0722061 	3.18858 	-2.12974e-19
12.2735 	0.235421 	0.0722061 	3.18858 	-2.12974e-19
12.3437 	0.235421 	0.0722061 	3.18858 	-2.12974e-19
12.4138 	0.235421 	0.0722061 	3.18858 	-2.12974e-19
12.4839 	0.235421 	0.0722061 	3.18858 	-2.12974e-19
12.5541 	0.235421 	0.0722061 	3.18858 	-2.12974e-19
12.6242 	0.235421 	0.0722061 	3.18858 	-2.12974e-19
12.6943 	0.235421 	0.0722061 	3.18858 	-2.12974e-19
12.7645 	0.235421 	0.0722061 	3.18858 	-2.12974e-19
12.8346 	0.118429 	0.0385684 	3.18218 	1.10636e-19
12.9047 	0.102212 	0.14128 	3.22513 	6.7601e-22
12.9749 	0.102212 	0.14128 	3.22513 	6.7601e-22
13.045 	0.102212 	0.14128 	3.22513 	6.7601e-22
13.1151 	0.102212 	0.14128 	3.22513 	6.7601e-22
13.1853 	0.102212 	0.14128 	3.22513 	6.7601e-22
13.2554 	0.102212 	0.14128 	3.22513 	6.7601e-22
13.3255 	0.102212 	0.14128 	3.22513 	6.7601e-22
13.3957 	0.331585 	0.146788 	3.19595 	8.13237e-19
13.4658 	0.331585 	0.146788 	3.19595 	8.13237e-19
13.5359 	0.331585 	0.146788 	3.19595 	8.13237e-19
13.6061 	0.331585 	0.146788 	3.19595 	8.13237e-19
13.6762 	0.331585 	0.146788 	3.19595 	8.13237e-19
13.7463 	0.331585 	0.146788 	3.19595 	8.13237e-19
13.8165 	0.409676 	0.12229 	2.8705 	-6.62868e-19
13.8866 	0.605731 	0.144388 	2.96469 	1.36574e-19
13.9567 	0.605731 	0.144388 	2.96469 	1.36574e-19
14.0269 	0.0216461 	0.253155 	3.03842 	-7.63972e-19
14.097 	0.0216461 	0.253155 	3.03842 	-7.63972e-19
14.1671 	0.0216461 	0.253155 	3.03842 	-7.63972e-19
14.2373 	0.0216461 	0.253155 	3.03842 	-7.63972e-19
14.3074 	0.0216461 	0.253155 	3.03842 	-7.63972e-19
14.3776 	0.0216461 	0.253155 	3.03842 	-7.63972e-19
14.4477 	0.0216461 	0.253155 	3.03842 	-7.63972e-19
14.5178 	0.0216461 	0.253155 	3.03842 	-7.63972e-19
14.588 	0.0216461 	0.253155 	3.03842 	-7.63972e-19
14.6581 	0.0216461 	0.253155 	3.03842 	-7.63972e-19
14.7282 	0.0216461 	0.253155 	3.03842 	-7.63972e-19
14.7984 	0.0216461 	0.253155 	3.03842 	-7.63972e-19
14.8685 	0.0216461 	0.253155 	3.03842 	-7.63972e-19
14.9386 	-0.158623 	0.347645 	3.19821 	0
15.0088 	-0.158623 	0.347645 	3.19821 	0
15.0789 	-0.158623 	0.347645 	3.19821 	0
15.149 	-0.158623 	0.347645 	3.19821 	0
15.2192 	-0.158623 	0.347645 	3.19821 	0
15.2893 	-0.669248 	0.345016 	3.42913 	-4.41522e-19
15.3594 	-0.669248 	0.345016 	3.42913 	-4.41522e-19
15.4296 	-0.669248 	0.345016 	3.42913 	-4.41522e-19
15.4997 	-0.669248 	0.345016 	3.42913 	-4.41522e-19
15.5698 	-0.669248 	0.345016 	3.42913 	-4.41522e-19
15.64 	-0.669248 	0.345016 	3.42913 	-4.41522e-19
15.7101 	-1.17049 	0.400252 	3.50081 	0
15.7802 	-1.17049 	0.400252 	3.50081 	0
15.8504 	-1.07101 	0.653881 	3.56126 	1.66216e-18
15.9205 	-1.07101 	0.653881 	3.56126 	1.66216e-18
15.9906 	-1.07101 	0.653881 	3.56126 	1.66216e-18
16.0608 	-1.07101 	0.653881 	3.56126 	1.66216e-18
16.1309 	-1.07101 	0.653881 	3.56126 	1.66216e-18
16.201 	-1.07101 	0.653881 	3.56126 	1.66216e-18
16.2712 	-1.07101 	0.653881 	3.56126 	1.66216e-18
16.3413 	-1.07101 	0.653881 	3.56126 	1.66216e-18
16.4114 	-1.07101 	0.653881 	3.56126 	1.66216e-18
16.4816 	-1.07101 	0.653881 	3.56126 	1.66216e-18
16.5517 	-1.07101 	0.653881 	3.56126 	1.66216e-18
16.6219 	-1.07101 	0.653881 	3.56126 	1.66216e-18
16.692 	-1.07101 	0.653881 	3.56126 	1.66216e-18
16.7621 	-1.07101 	0.653881 	3.56126 	1.66216e-18
16.8323 	-0.626498 	0.881757 	3.12636 	3.78544e-19
16.9024 	-0.626498 	0.881757 	3.12636 	3.78544e-19
16.9725 	-0.626498 	0.881757 	3.12636 	3.78544e-19
17.0427 	-0.626498 	0.881757 	3.12636 	3.78544e-19
17.1128 	-0.626498 	0.881757 	3.12636 	3.78544e-19
17.1829 	-0.626498 	0.881757 	3.12636 	3.78544e-19
17.2531 	-0.626498 	0.881757 	3.12636 	3.78544e-19
17.3232 	-0.626498 	0.881757 	3.12636 	3.78544e-19
17.3933 	-0.626498 	0.881757 	3.12636 	3.78544e-19
17.4635 	-0.626498 	0.881757 	3.12636 	3.78544e-19
17.5336 	-0.543654 	0.918453 	3.04433 	-4.30365e-19
17.6037 	-0.543654 	0.918453 	3.04433 	-4.30365e-19
17.6739 	-0.543654 	0.918453 	3.04433 	-4.30365e-19
17.744 	-0.636374 	1.04744 	3.17536 	4.84492e-19
17.8141 	-0.636374 	1.04744 	3.17536 	4.84492e-19
17.8843 	-0.636374 	1.04744 	3.17536 	4.84492e-19
17.9544 	-0.636374 	1.04744 	3.17536 	4.84492e-19
18.0245 	-0.636374 	1.04744 	3.17536 	4.84492e-19
18.0947 	-0.636374 	1.04744 	3.17536 	4.84492e-19
18.1648 	-0.636374 	1.04744 	3.17536 	4.84492e-19
18.2349 	-0.636374 	1.04744 	3.17536 	4.84492e-19
18.3051 	-0.636374 	1.04744 	3.17536 	4.84492e-19
18.3752 	-0.34635 	1.00757 	2.78232 	-3.68321e-19
18.4453 	-0.34635 	1.00757 	2.78232 	-3.68321e-19
18.5155 	-0.34635 	1.00757 	2.78232 	-3.68321e-19
18.5856 	-0.34635 	1.00757 	2.78232 	-3.68321e-19
18.6557 	-0.34635 	1.00757 	2.78232 	-3.68321e-19
18.7259 	-0.34635 	1.00757 	2.78232 	-3.68321e-19
18.796 	-0.34635 	1.00757 	2.78232 	-3.68321e-19
18.8662 	-0.271167 	1.0406 	2.8375 	2.90203e-19
18.9363 	-0.271167 	1.0406 	2.8375 	2.90203e-19
19.0064 	-0.271167 	1.0406 	2.8375 	2.90203e-19
19.0766 	-0.271167 	1.0406 	2.8375 	2.90203e-19
19.1467 	-0.271167 	1.0406 	2.8375 	2.90203e-19
19.2168 	-0.271167 	1.0406 	2.8375 	2.90203e-19
19.287 	-0.271167 	1.0406 	2.8375 	2.90203e-19
19.3571 	-0.271167 	1.0406 	2.8375 	2.90203e-19
19.4272 	-0.271167 	1.0406 	2.8375 	2.90203e-19
19.4974 	-0.271167 	1.0406 	2.8375 	2.90203e-19
19.5675 	-0.271167 	1.0406 	2.8375 	2.90203e-19
19.6376 	-0.271167 	1.0406 	2.8375 	2.90203e-19
19.7078 	-0.271167 	1.0406 	2.8375 	2.90203e-19
19.7779 	-0.122599 	0.991786 	2.46528 	-6.82469e-20
19.848 	-0.122599 	0.991786 	2.46528 	-6.82469e-20
19.9182 	-0.122599 	0.991786 	2.46528 	-6.82469e-20
19.9883 	-0.122599 	0.991786 	2.46528 	-6.82469e-20
20.0584 	-0.122599 	0.991786 	2.46528 	-6.82469e-20
20.1286 	-0.122599 	0.991786 	2.46528 	-6.82469e-20
20.1987 	-0.122599 	0.991786 	2.46528 	-6.82469e-20
20.2688 	-0.126889 	0.994445 	2.46339 	-1.65698e-19
20.339 	-0.126889 	0.994445 	2.46339 	-1.65698e-19
20.4091 	-0.126889 	0.994445 	2.46339 	-1.65698e-19
20.4792 	-0.126889 	0.994445 	2.46339 	-1.65698e-19
20.5494 	-0.126889 	0.994445 	2.46339 	-1.65698e-19
20.6195 	-0.126889 	0.994445 	2.46339 	-1.65698e-19
20.6896 	-0.126889 	0.994445 	2.46339 	-1.65698e-19
20.7598 	-0.126889 	0.994445 	2.46339 	-1.65698e-19
20.8299 	-0.126889 	0.994445 	2.46339 	-1.65698e-19
20.9 	-0.126889 	0.994445 	2.46339 	-1.65698e-19
20.9702 	-0.126889 	0.994445 	2.46339 	-1.65698e-19
21.0403 	-0.126889 	0.994445 	2.46339 	-1.65698e-19
21.1105 	-0.126889 	0.994445 	2.46339 	-1.65698e-19
21.1806 	-0.126889 	0.994445 	2.46339 	-1.65698e-19
21.2507 	-0.126889 	0.994445 	2.46339 	-1.65698e-19
21.3209 	-0.126889 	0.994445 	2.46339 	-1.65698e-19
21.391 	-0.126889 	0.994445 	2.46339 	-1.65698e-19
21.4611 	-0.114736 	0.703757 	1.92746 	1.13353e-19
21.5313 	-0.114736 	0.703757 	1.92746 	1.13353e-19
21.6014 	-0.114736 	0.703757 	1.92746 	1.13353e-19
21.6715 	-0.220305 	0.618426 	1.43731 	1.98127e-19
21.7417 	-0.220305 	0.618426 	1.43731 	1.98127e-19
21.8118 	-0.220305 	0.618426 	1.43731 	1.98127e-19
21.8819 	-0.220305 	0.618426 	1.43731 	1.98127e-19
21.9521 	-0.220305 	0.618426 	1.43731 	1.98127e-19
22.0222 	-0.353253 	0.934846 	2.36926 	-2.8606e-19
22.0923 	-0.353253 	0.934846 	2.36926 	-2.8606e-19
22.1625 	-0.353253 	0.934846 	2.36926 	-2.8606e-19
22.2326 	-0.353253 	0.934846 	2.36926 	-2.8606e-19
22.3027 	-0.353253 	0.934846 	2.36926 	-2.8606e-19
22.3729 	-0.353253 	0.934846 	2.36926 	-2.8606e-19
22.443 	-0.353253 	0.934846 	2.36926 	-2.8606e-19
22.5131 	-0.353253 	0.934846 	2.36926 	-2.8606e-19
22.5833 	-0.353253 	0.934846 	2.36926 	-2.8606e-19
22.6534 	-0.353253 	0.934846 	2.36926 	-2.8606e-19
22.7235 	-0.353253 	0.934846 	2.36926 	-2.8606e-19
22.7937 	-0.353253 	0.934846 	2.36926 	-2.8606e-19
22.8638 	-0.353253 	0.934846 	2.36926 	-2.8606e-19
22.9339 	-0.353253 	0.934846 	2.36926 	-2.8606e-19
23.0041 	-0.353253 	0.934846 	2.36926 	-2.8606e-19
23.0742 	-0.353253 	0.934846 	2.36926 	-2.8606e-19
23.1443 	-0.353253 	0.934846 	2.36926 	-2.8606e-19
23.2145 	-0.353253 	0.934846 	2.36926 	-2.8606e-19
23.2846 	-0.353253 	0.934846 	2.36926 	-2.8606e-19
23.3548 	-0.353253 	0.934846 	2.36926 	-2.8606e-19
23.4249 	-0.353253 	0.934846 	2.36926 	-2.8606e-19
23.495 	-0.171611 	0.901893 	2.34366 	3.64812e-20
23.5652 	-0.171611 	0.901893 	2.34366 	3.64812e-20
23.6353 	-0.171611 	0.901893 	2.34366 	3.64812e-20
23.7054 	-0.171611 	0.901893 	2.34366 	3.64812e-20
23.7756 	-0.171611 	0.901893 	2.34366 	3.64812e-20
23.8457 	-0.171611 	0.901893 	2.34366 	3.64812e-20
23.9158 	-0.171611 	0.901893 	2.34366 	3.64812e-20
23.986 	-0.0415654 	0.844286 	2.23046 	-1.83599e-21
24.0561 	-0.0415654 	0.844286 	2.23046 	-1.83599e-21
24.1262 	-0.0415654 	0.844286 	2.23046 	-1.83599e-21
24.1964 	-0.0415654 	0.844286 	2.23046 	-1.83599e-21
24.2665 	-0.0415654 	0.844286 	2.23046 	-1.83599e-21
24.3366 	-0.0415654 	0.844286 	2.23046 	-1.83599e-21
24.4068 	-0.0415654 	0.844286 	2.23046 	-1.83599e-21
24.4769 	-0.0415654 	0.844286 	2.23046 	-1.83599e-21
24.547 	-0.0415654 	0.844286 	2.23046 	-1.83599e-21
24.6172 	-0.0415654 	0.844286 	2.23046 	-1.83599e-21
24.6873 	-0.0415654 	0.844286 	2.23046 	-1.83599e-21
24.7574 	-0.0415654 	0.844286 	2.23046 	-1.83599e-21
24.8276 	-0.0415654 	0.844286 	2.23046 	-1.83599e-21
24.8977 	-0.0415654 	0.844286 	2.23046 	-1.83599e-21
24.9678 	-0.0415654 	0.844286 	2.23046 	-1.83599e-21
25.038 	-0.0415654 	0.844286 	2.23046 	-1.83599e-21
25.1081 	-0.0415654 	0.844286 	2.23046 	-1.83599e-21
25.1782 	-0.0937147 	0.492559 	1.37066 	0
25.2484 	-0.0937147 	0.492559 	1.37066 	0
25.3185 	-0.0937147 	0.492559 	1.37066 	0
25.3886 	-0.0937147 	0.492559 	1.37066 	0
25.4588 	-0.0937147 	0.492559 	1.37066 	0
25.5289 	-0.0937147 	0.492559 	1.37066 	0
25.5991 	-0.0937147 	0.492559 	1.37066 	0
25.6692 	-0.0937147 	0.492559 	1.37066 	0
25.7393 	-0.0937147 	0.492559 	1.37066 	0
25.8095 	-0.0937147 	0.492559 	1.37066 	0
25.8796 	-0.0937147 	0.492559 	1.37066 	0
25.9497 	-0.0937147 	0.492559 	1.37066 	0
26.0199 	-0.0937147 	0.492559 	1.37066 	0
26.09 	-0.0937147 	0.492559 	1.37066 	0
26.1601 	-0.0937147 	0.492559 	1.37066 	0
26.2303 	-0.185387 	0.486565 	1.38243 	4.24279e-19
26.3004 	-0.185387 	0.486565 	1.38243 	4.24279e-19
26.3705 	-0.185387 	0.486565 	1.38243 	4.24279e-19
26.4407 	-0.185387 	0.486565 	1.38243 	4.24279e-19
26.5108 	-0.185387 	0.486565 	1.38243 	4.24279e-19
26.5809 	-0.185387 	0.486565 	1.38243 	4.24279e-19
26.6511 	-0.185387 	0.486565 	1.38243 	4.24279e-19
26.7212 	-0.185387 	0.486565 	1.38243 	4.24279e-19
26.7913 	-0.185387 	0.486565 	1.38243 	4.24279e-19
26.8615 	-0.185387 	0.486565 	1.38243 	4.24279e-19
26.9316 	-0.185387 	0.486565 	1.38243 	4.24279e-19
27.0017 	-0.185387 	0.486565 	1.38243 	4.24279e-19
27.0719 	-0.185387 	0.486565 	1.38243 	4.24279e-19
27.142 	-0.185387 	0.486565 	1.38243 	4.24279e-19
27.2121 	-0.185387 	0.486565 	1.38243 	4.24279e-19
27.2823 	-0.185387 	0.486565 	1.38243 	4.24279e-19
27.3524 	-0.239433 	0.47735 	1.38707 	-4.55788e-19
27.4225 	-0.239433 	0.47735 	1.38707 	-4.55788e-19
27.4927 	-0.239433 	0.47735 	1.38707 	-4.55788e-19
27.5628 	-0.239433 	0.47735 	1.38707 	-4.55788e-19
27.6329 	-0.239433 	0.47735 	1.38707 	-4.55788e-19
27.7031 	-0.239433 	0.47735 	1.38707 	-4.55788e-19
27.7732 	-0.239433 	0.47735 	1.38707 	-4.55788e-19
27.8434 	-0.239433 	0.47735 	1.38707 	-4.55788e-19
27.9135 	-0.239433 	0.47735 	1.38707 	-4.55788e-19
27.9836 	-0.239433 	0.47735 	1.38707 	-4.55788e-19
28.0538 	-0.239433 	0.47735 	1.38707 	-4.55788e-19
28.1239 	-0.239433 	0.47735 	1.38707 	-4.55788e-19
28.194 	-0.239433 	0.47735 	1.38707 	-4.55788e-19
28.2642 	-0.239433 	0.47735 	1.38707 	-4.55788e-19
28.3343 	-0.239433 	0.47735 	1.38707 	-4.55788e-19
28.4044 	-0.239433 	0.47735 	1.38707 	-4.55788e-19
28.4746 	-0.239433 	0.47735 	1.38707 	-4.55788e-19
28.5447 	-0.239433 	0.47735 	1.38707 	-4.55788e-19
28.6148 	-0.239433 	0.47735 	1.38707 	-4.55788e-19
28.685 	-0.239433 	0.47735 	1.38707 	-4.55788e-19
28.7551 	-0.239433 	0.47735 	1.38707 	-4.55788e-19
28.8252 	-0.239433 	0.47735 	1.38707 	-4.55788e-19
28.8954 	-0.239433 	0.47735 	1.38707 	-4.55788e-19
28.9655 	-0.278246 	0.421185 	1.29661 	-2.5882e-20
29.0356 	-0.278246 	0.421185 	1.29661 	-2.5882e-20
29.1058 	-0.278246 	0.421185 	1.29661 	-2.5882e-20
29.1759 	-0.278246 	0.421185 	1.29661 	-2.5882e-20
29.246 	-0.278246 	0.421185 	1.29661 	-2.5882e-20
29.3162 	-0.278246 	0.421185 	1.29661 	-2.5882e-20
29.3863 	-0.278246 	0.421185 	1.29661 	-2.5882e-20
29.4564 	-0.278246 	0.421185 	1.29661 	-2.5882e-20
29.5266 	-0.278246 	0.421185 	1.29661 	-2.5882e-20
29.5967 	-0.278246 	0.421185 	1.29661 	-2.5882e-20
29.6668 	-0.278246 	0.421185 	1.29661 	-2.5882e-20
29.737 	-0.278246 	0.421185 	1.29661 	-2.5882e-20
29.8071 	-0.278246 	0.421185 	1.29661 	-2.5882e-20
29.8773 	-0.278246 	0.421185 	1.29661 	-2.5882e-20
29.9474 	-0.278246 	0.421185 	1.29661 	-2.5882e-20
30.0175 	-0.278246 	0.421185 	1.29661 	-2.5882e-20
30.0877 	-0.278246 	0.421185 	1.29661 	-2.5882e-20
30.1578 	-0.278246 	0.421185 	1.29661 	-2.5882e-20
30.2279 	-0.278246 	0.421185 	1.29661 	-2.5882e-20
30.2981 	-0.278246 	0.421185 	1.29661 	-2.5882e-20
30.3682 	-0.278246 	0.421185 	1.29661 	-2.5882e-20
30.4383 	-0.278246 	0.421185 	1.29661 	-2.5882e-20
30.5085 	-0.278246 	0.421185 	1.29661 	-2.5882e-20
30.5786 	-0.278246 	0.421185 	1.29661 	-2.5882e-20
30.6487 	-0.278246 	0.421185 	1.29661 	-2.5882e-20
30.7189 	-0.278246 	0.421185 	1.29661 	-2.5882e-20
30.789 	-0.281604 	0.367769 	1.28293 	6.50228e-19
30.8591 	-0.281604 	0.367769 	1.28293 	6.50228e-19
30.9293 	-0.281604 	0.367769 	1.28293 	6.50228e-19
30.9994 	-0.281604 	0.367769 	1.28293 	6.50228e-19
31.0695 	-0.281604 	0.367769 	1.28293 	6.50228e-19
31.1397 	-0.281604 	0.367769 	1.28293 	6.50228e-19
31.2098 	-0.281604 	0.367769 	1.28293 	6.50228e-19
31.2799 	-0.281604 	0.367769 	1.28293 	6.50228e-19
31.3501 	-0.281604 	0.367769 	1.28293 	6.50228e-19
31.4202 	-0.281604 	0.367769 	1.28293 	6.50228e-19
31.4903 	-0.281604 	0.367769 	1.28293 	6.50228e-19
31.5605 	-0.281604 	0.367769 	1.28293 	6.50228e-19
31.6306 	-0.281604 	0.367769 	1.28293 	6.50228e-19
31.7007 	-0.281604 	0.367769 	1.28293 	6.50228e-19
31.7709 	-0.281604 	0.367769 	1.28293 	6.50228e-19
31.841 	-0.281604 	0.367769 	1.28293 	6.50228e-19
31.9111 	-0.281604 	0.367769 	1.28293 	6.50228e-19
31.9813 	-0.281604 	0.367769 	1.28293 	6.50228e-19
32.0514 	-0.281604 	0.367769 	1.28293 	6.50228e-19
32.1216 	-0.281604 	0.367769 	1.28293 	6.50228e-19
32.1917 	-0.281604 	0.367769 	1.28293 	6.50228e-19
32.2618 	-0.281604 	0.367769 	1.28293 	6.50228e-19
32.332 	-0.281604 	0.367769 	1.28293 	6.50228e-19
32.4021 	-0.281604 	0.367769 	1.28293 	6.50228e-19
32.4722 	-0.281604 	0.367769 	1.28293 	6.50228e-19
32.5424 	-0.281604 	0.367769 	1.28293 	6.50228e-19
32.6125 	-0.281604 	0.367769 	1.28293 	6.50228e-19
32.6826 	-0.281604 	0.367769 	1.28293 	6.50228e-19
32.7528 	-0.281604 	0.367769 	1.28293 	6.50228e-19
32.8229 	-0.281604 	0.367769 	1.28293 	6.50228e-19
32.893 	-0.281604 	0.367769 	1.28293 	6.50228e-19
32.9632 	-0.281604 	0.367769 	1.28293 	6.50228e-19
33.0333 	-0.281604 	0.367769 	1.28293 	6.50228e-19
33.1034 	-0.281604 	0.367769 	1.28293 	6.50228e-19
33.1736 	-0.281604 	0.367769 	1.28293 	6.50228e-19
33.2437 	-0.281604 	0.367769 	1.28293 	6.50228e-19
33.3138 	-0.281604 	0.367769 	1.28293 	6.50228e-19
33.384 	-0.281604 	0.367769 	1.28293 	6.50228e-19
33.4541 	-0.281604 	0.367769 	1.28293 	6.50228e-19
33.5242 	-0.281604 	0.367769 	1.28293 	6.50228e-19
33.5944 	-0.281604 	0.367769 	1.28293 	6.50228e-19
33.6645 	-0.281604 	0.367769 	1.28293 	6.50228e-19
33.7346 	-0.318123 	0.368535 	1.35278 	-3.95281e-19
33.8048 	-0.318123 	0.368535 	1.35278 	-3.95281e-19
33.8749 	-0.318123 	0.368535 	1.35278 	-3.95281e-19
33.945 	-0.318123 	0.368535 	1.35278 	-3.95281e-19
34.0152 	-0.318123 	0.368535 	1.35278 	-3.95281e-19
34.0853 	-0.318123 	0.368535 	1.35278 	-3.95281e-19
34.1554 	-0.326346 	0.280612 	1.30461 	3.2097e-19
34.2256 	-0.326346 	0.280612 	1.30461 	3.2097e-19
34.2957 	-0.326346 	0.280612 	1.30461 	3.2097e-19
34.3659 	-0.326346 	0.280612 	1.30461 	3.2097e-19
34.436 	-0.326346 	0.280612 	1.30461 	3.2097e-19
34.5061 	-0.326346 	0.280612 	1.30461 	3.2097e-19
34.5763 	-0.326346 	0.280612 	1.30461 	3.2097e-19
34.6464 	-0.326346 	0.280612 	1.30461 	3.2097e-19
34.7165 	-0.123189 	0.253938 	1.62732 	-2.13053e-19
34.7867 	-0.123189 	0.253938 	1.62732 	-2.13053e-19
34.8568 	-0.123189 	0.253938 	1.62732 	-2.13053e-19
34.9269 	-0.123189 	0.253938 	1.62732 	-2.13053e-19
34.9971 	-0.123189 	0.253938 	1.62732 	-2.13053e-19
35.0672 	-0.123189 	0.253938 	1.62732 	-2.13053e-19
35.1373 	-0.123189 	0.253938 	1.62732 	-2.13053e-19
35.2075 	-0.123189 	0.253938 	1.62732 	-2.13053e-19
35.2776 	-0.123189 	0.253938 	1.62732 	-2.13053e-19
35.3477 	-0.123189 	0.253938 	1.62732 	-2.13053e-19
35.4179 	-0.123189 	0.253938 	1.62732 	-2.13053e-19
35.488 	-0.123189 	0.253938 	1.62732 	-2.13053e-19
35.5581 	-0.123189 	0.253938 	1.62732 	-2.13053e-19
35.6283 	-0.123189 	0.253938 	1.62732 	-2.13053e-19
35.6984 	-0.123189 	0.253938 	1.62732 	-2.13053e-19
35.7685 	-0.123189 	0.253938 	1.62732 	-2.13053e-19
35.8387 	-0.123189 	0.253938 	1.62732 	-2.13053e-19
35.9088 	-0.123189 	0.253938 	1.62732 	-2.13053e-19
35.9789 	-0.123189 	0.253938 	1.62732 	-2.13053e-19
36.0491 	-0.139809 	0.254339 	1.58167 	0
36.1192 	-0.139809 	0.254339 	1.58167 	0
36.1893 	-0.139809 	0.254339 	1.58167 	0
36.2595 	-0.139809 	0.254339 	1.58167 	0
36.3296 	-0.139809 	0.254339 	1.58167 	0
36.3997 	-0.139809 	0.254339 	1.58167 	0
36.4699 	-0.139809 	0.254339 	1.58167 	0
36.54 	-0.139809 	0.254339 	1.58167 	0
36.6102 	-0.139809 	0.254339 	1.58167 	0
36.6803 	-0.139809 	0.254339 	1.58167 	0
36.7504 	-0.139809 	0.254339 	1.58167 	0
36.8206 	-0.139809 	0.254339 	1.58167 	0
36.8907 	-0.265999 	0.159513 	1.45657 	-2.39292e-19
36.9608 	-0.265999 	0.159513 	1.45657 	-2.39292e-19
37.031 	-0.265999 	0.159513 	1.45657 	-2.39292e-19
37.1011 	-0.265999 	0.159513 	1.45657 	-2.39292e-19
37.1712 	-0.265999 	0.159513 	1.45657 	-2.39292e-19
37.2414 	-0.265999 	0.159513 	1.45657 	-2.39292e-19
37.3115 	-0.265999 	0.159513 	1.45657 	-2.39292e-19
37.3816 	-0.265999 	0.159513 	1.45657 	-2.39292e-19
37.4518 	-0.265999 	0.159513 	1.45657 	-2.39292e-19
37.5219 	-0.265999 	0.159513 	1.45657 	-2.39292e-19
37.592 	-0.265999 	0.159513 	1.45657 	-2.39292e-19
37.6622 	-0.265999 	0.159513 	1.45657 	-2.39292e-19
37.7323 	-0.265999 	0.159513 	1.45657 	-2.39292e-19
37.8024 	-0.265999 	0.159513 	1.45657 	-2.39292e-19
37.8726 	-0.265999 	0.159513 	1.45657 	-2.39292e-19
37.9427 	-0.265999 	0.159513 	1.45657 	-2.39292e-19
38.0128 	-0.265999 	0.159513 	1.45657 	-2.39292e-19
38.083 	-0.265999 	0.159513 	1.45657 	-2.39292e-19
38.1531 	-0.265999 	0.159513 	1.45657 	-2.39292e-19
38.2232 	-0.232914 	0.115715 	1.5945 	2.73883e-19
38.2934 	-0.232914 	0.115715 	1.5945 	2.73883e-19
38.3635 	-0.232914 	0.115715 	1.5945 	2.73883e-19
38.4336 	-0.232914 	0.115715 	1.5945 	2.73883e-19
38.5038 	-0.232914 	0.115715 	1.5945 	2.73883e-19
38.5739 	-0.232914 	0.115715 	1.5945 	2.73883e-19
38.644 	-0.232914 	0.115715 	1.5945 	2.73883e-19
38.7142 	-0.232914 	0.115715 	1.5945 	2.73883e-19
38.7843 	-0.232914 	0.115715 	1.5945 	2.73883e-19
38.8545 	-0.232914 	0.115715 	1.5945 	2.73883e-19
38.9246 	-0.232914 	0.115715 	1.5945 	2.73883e-19
38.9947 	-0.232914 	0.115715 	1.5945 	2.73883e-19
39.0649 	-0.232914 	0.115715 	1.5945 	2.73883e-19
39.135 	-0.232914 	0.115715 	1.5945 	2.73883e-19
39.2051 	-0.259983 	0.0728735 	1.56208 	0
39.2753 	-0.259983 	0.0728735 	1.56208 	0
39.3454 	-0.259983 	0.0728735 	1.56208 	0
39.4155 	-0.259983 	0.0728735 	1.56208 	0
39.4857 	-0.259983 	0.0728735 	1.56208 	0
39.5558 	-0.259983 	0.0728735 	1.56208 	0
39.6259 	-0.259983 	0.0728735 	1.56208 	0
39.6961 	-0.259983 	0.0728735 	1.56208 	0
39.7662 	-0.259983 	0.0728735 	1.56208 	0
39.8363 	-0.259983 	0.0728735 	1.56208 	0
39.9065 	-0.259983 	0.0728735 	1.56208 	0
39.9766 	-0.259983 	0.0728735 	1.56208 	0
40.0467 	-0.259983 	0.0728735 	1.56208 	0
40.1169 	-0.259983 	0.0728735 	1.56208 	0
40.187 	-0.259983 	0.0728735 	1.56208 	0
40.2571 	-0.259983 	0.0728735 	1.56208 	0
40.3273 	-0.259983 	0.0728735 	1.56208 	0
40.3974 	-0.259983 	0.0728735 	1.56208 	0
40.4675 	-0.259983 	0.0728735 	1.56208 	0
40.5377 	-0.259983 	0.0728735 	1.56208 	0
40.6078 	-0.259983 	0.0728735 	1.56208 	0
40.6779 	-0.270109 	0.12392 	1.48117 	1.57697e-19
40.7481 	-0.270109 	0.12392 	1.48117 	1.57697e-19
40.8182 	-0.270109 	0.12392 	1.48117 	1.57697e-19
40.8883 	-0.270109 	0.12392 	1.48117 	1.57697e-19
40.9585 	-0.270109 	0.12392 	1.48117 	1.57697e-19
41.0286 	-0.270109 	0.12392 	1.48117 	1.57697e-19
41.0988 	-0.270109 	0.12392 	1.48117 	1.57697e-19
41.1689 	-0.270109 	0.12392 	1.48117 	1.57697e-19
41.239 	-0.271393 	0.117177 	1.52802 	-2.89401e-19
41.3092 	-0.271393 	0.117177 	1.52802 	-2.89401e-19
41.3793 	-0.271393 	0.117177 	1.52802 	-2.89401e-19
41.4494 	-0.271393 	0.117177 	1.52802 	-2.89401e-19
41.5196 	-0.271393 	0.117177 	1.52802 	-2.89401e-19
41.5897 	-0.271393 	0.117177 	1.52802 	-2.89401e-19
41.6598 	-0.271393 	0.117177 	1.52802 	-2.89401e-19
41.73 	-0.271393 	0.117177 	1.52802 	-2.89401e-19
41.8001 	-0.271393 	0.117177 	1.52802 	-2.89401e-19
41.8702 	-0.271393 	0.117177 	1.52802 	-2.89401e-19
41.9404 	-0.271393 	0.117177 	1.52802 	-2.89401e-19
42.0105 	-0.271393 	0.117177 	1.52802 	-2.89401e-19
42.0806 	-0.271393 	0.117177 	1.52802 	-2.89401e-19
42.1508 	-0.271393 	0.117177 	1.52802 	-2.89401e-19
42.2209 	-0.271393 	0.117177 	1.52802 	-2.89401e-19
42.291 	-0.271393 	0.117177 	1.52802 	-2.89401e-19
42.3612 	-0.271393 	0.117177 	1.52802 	-2.89401e-19
42.4313 	-0.271393 	0.117177 	1.52802 	-2.89401e-19
42.5014 	-0.271393 	0.117177 	1.52802 	-2.89401e-19
42.5716 	-0.271393 	0.117177 	1.52802 	-2.89401e-19
42.6417 	-0.271393 	0.117177 	1.52802 	-2.89401e-19
42.7118 	-0.302501 	0.176286 	1.54314 	0
42.782 	-0.302501 	0.176286 	1.54314 	0
42.8521 	-0.302501 	0.176286 	1.54314 	0
42.9222 	-0.302501 	0.176286 	1.54314 	0
42.9924 	-0.302992 	0.120959 	1.63852 	0
43.0625 	-0.302992 	0.120959 	1.63852 	0
43.1327 	-0.302992 	0.120959 	1.63852 	0
43.2028 	-0.302992 	0.120959 	1.63852 	0
43.2729 	-0.302992 	0.120959 	1.63852 	0
43.3431 	-0.302992 	0.120959 	1.63852 	0
43.4132 	-0.302992 	0.120959 	1.63852 	0
43.4833 	-0.302992 	0.120959 	1.63852 	0
43.5535 	-0.302992 	0.120959 	1.63852 	0
43.6236 	-0.302992 	0.120959 	1.63852 	0
43.6937 	-0.302992 	0.120959 	1.63852 	0
43.7639 	-0.302992 	0.120959 	1.63852 	0
43.834 	-0.302992 	0.120959 	1.63852 	0
43.9041 	-0.302992 	0.120959 	1.63852 	0
43.9743 	-0.302992 	0.120959 	1.63852 	0
44.0444 	-0.302992 	0.120959 	1.63852 	0
44.1145 	-0.302992 	0.120959 	1.63852 	0
44.1847 	-0.302992 	0.120959 	1.63852 	0
44.2548 	-0.302992 	0.120959 	1.63852 	0
44.3249 	-0.302992 	0.120959 	1.63852 	0
44.3951 	-0.302992 	0.120959 	1.63852 	0
44.4652 	-0.302992 	0.120959 	1.63852 	0
44.5353 	-0.302992 	0.120959 	1.63852 	0
44.6055 	-0.302992 	0.120959 	1.63852 	0
44.6756 	-0.302992 	0.120959 	1.63852 	0
44.7457 	-0.302992 	0.120959 	1.63852 	0
44.8159 	-0.347791 	0.151491 	1.73856 	0
44.886 	-0.347791 	0.151491 	1.73856 	0
44.9561 	-0.347791 	0.151491 	1.73856 	0
45.0263 	-0.347791 	0.151491 	1.73856 	0
45.0964 	-0.347791 	0.151491 	1.73856 	0
45.1665 	-0.347791 	0.151491 	1.73856 	0
45.2367 	-0.347791 	0.151491 	1.73856 	0
45.3068 	-0.347791 	0.151491 	1.73856 	0
45.377 	-0.347791 	0.151491 	1.73856 	0
45.4471 	-0.347791 	0.151491 	1.73856 	0
45.5172 	-0.347791 	0.151491 	1.73856 	0
45.5874 	-0.347791 	0.151491 	1.73856 	0
45.6575 	-0.347791 	0.151491 	1.73856 	0
45.7276 	-0.347791 	0.151491 	1.73856 	0
45.7978 	-0.347791 	0.151491 	1.73856 	0
45.8679 	-0.347791 	0.151491 	1.73856 	0
45.938 	-0.347791 	0.151491 	1.73856 	0
46.0082 	-0.347791 	0.151491 	1.73856 	0
46.0783 	-0.347791 	0.151491 	1.73856 	0
46.1484 	-0.347791 	0.151491 	1.73856 	0
46.2186 	-0.347791 	0.151491 	1.73856 	0
46.2887 	-0.347791 	0.151491 	1.73856 	0
46.3588 	-0.347791 	0.151491 	1.73856 	0
46.429 	-0.347791 	0.151491 	1.73856 	0
46.4991 	-0.347791 	0.151491 	1.73856 	0
46.5692 	-0.347791 	0.151491 	1.73856 	0
46.6394 	-0.388637 	0.167712 	1.74282 	-5.83136e-19
46.7095 	-0.388637 	0.167712 	1.74282 	-5.83136e-19
46.7796 	-0.388637 	0.167712 	1.74282 	-5.83136e-19
46.8498 	-0.388637 	0.167712 	1.74282 	-5.83136e-19
46.9199 	-0.388637 	0.167712 	1.74282 	-5.83136e-19
46.99 	-0.388637 	0.167712 	1.74282 	-5.83136e-19
47.0602 	-0.388637 	0.167712 	1.74282 	-5.83136e-19
47.1303 	-0.388637 	0.167712 	1.74282 	-5.83136e-19
47.2004 	-0.388637 	0.167712 	1.74282 	-5.83136e-19
47.2706 	-0.388637 	0.167712 	1.74282 	-5.83136e-19
47.3407 	-0.388637 	0.167712 	1.74282 	-5.83136e-19
47.4108 	-0.388637 	0.167712 	1.74282 	-5.83136e-19
47.481 	-0.461996 	0.155973 	1.68039 	7.55838e-19
47.5511 	-0.461996 	0.155973 	1.68039 	7.55838e-19
47.6213 	-0.461996 	0.155973 	1.68039 	7.55838e-19
47.6914 	-0.461996 	0.155973 	1.68039 	7.55838e-19
47.7615 	-0.461996 	0.155973 	1.68039 	7.55838e-19
47.8317 	-0.461996 	0.155973 	1.68039 	7.55838e-19
47.9018 	-0.461996 	0.155973 	1.68039 	7.55838e-19
47.9719 	-0.461996 	0.155973 	1.68039 	7.55838e-19
48.0421 	-0.461996 	0.155973 	1.68039 	7.55838e-19
48.1122 	-0.461996 	0.155973 	1.68039 	7.55838e-19
48.1823 	-0.461996 	0.155973 	1.68039 	7.55838e-19
48.2525 	-0.461996 	0.155973 	1.68039 	7.55838e-19
48.3226 	-0.461996 	0.155973 	1.68039 	7.55838e-19
48.3927 	-0.461996 	0.155973 	1.68039 	7.55838e-19
48.4629 	-0.461996 	0.155973 	1.68039 	7.55838e-19
48.533 	-0.461996 	0.155973 	1.68039 	7.55838e-19
48.6031 	-0.461996 	0.155973 	1.68039 	7.55838e-19
48.6733 	-0.461996 	0.155973 	1.68039 	7.55838e-19
48.7434 	-0.52826 	0.141258 	1.63264 	0
48.8135 	-0.52826 	0.141258 	1.63264 	0
48.8837 	-0.52826 	0.141258 	1.63264 	0
48.9538 	-0.52826 	0.141258 	1.63264 	0
49.0239 	-0.52826 	0.141258 	1.63264 	0
49.0941 	-0.52826 	0.141258 	1.63264 	0
49.1642 	-0.52826 	0.141258 	1.63264 	0
49.2343 	-0.52826 	0.141258 	1.63264 	0
49.3045 	-0.52826 	0.141258 	1.63264 	0
49.3746 	-0.52826 	0.141258 	1.63264 	0
49.4447 	-0.52826 	0.141258 	1.63264 	0
49.5149 	-0.52826 	0.141258 	1.63264 	0
49.585 	-0.52826 	0.141258 	1.63264 	0
49.6551 	-0.52826 	0.141258 	1.63264 	0
49.7253 	-0.52826 	0.141258 	1.63264 	0
49.7954 	-0.52826 	0.141258 	1.63264 	0
49.8656 	-0.52826 	0.141258 	1.63264 	0
49.9357 	-0.52826 	0.141258 	1.63264 	0
50.0058 	-0.52826 	0.141258 	1.63264 	0
50.076 	-0.52826 	0.141258 	1.63264 	0
50.1461 	-0.52826 	0.141258 	1.63264 	0
50.2162 	-0.52826 	0.141258 	1.63264 	0
50.2864 	-0.52826 	0.141258 	1.63264 	0
50.3565 	-0.52826 	0.141258 	1.63264 	0
50.4266 	-0.52826 	0.141258 	1.63264 	0
50.4968 	-0.538678 	-0.00824325 	2.26875 	4.55106e-19
50.5669 	-0.538678 	-0.00824325 	2.26875 	4.55106e-19
50.637 	-0.538678 	-0.00824325 	2.26875 	4.55106e-19
50.7072 	-0.538678 	-0.00824325 	2.26875 	4.55106e-19
50.7773 	-0.538678 	-0.00824325 	2.26875 	4.55106e-19
50.8474 	-0.538678 	-0.00824325 	2.26875 	4.55106e-19
50.9176 	-0.538678 	-0.00824325 	2.26875 	4.55106e-19
50.9877 	-0.540375 	-0.0268335 	2.30467 	-3.34028e-19
51.0578 	-0.540375 	-0.0268335 	2.30467 	-3.34028e-19
51.128 	-0.591688 	-0.196466 	2.09977 	-2.08246e-19
51.1981 	-0.591688 	-0.196466 	2.09977 	-2.08246e-19
51.2682 	-0.591688 	-0.196466 	2.09977 	-2.08246e-19
51.3384 	-0.591688 	-0.196466 	2.09977 	-2.08246e-19
51.4085 	-0.591688 	-0.196466 	2.09977 	-2.08246e-19
51.4786 	-0.591688 	-0.196466 	2.09977 	-2.08246e-19
51.5488 	-0.591688 	-0.196466 	2.09977 	-2.08246e-19
51.6189 	-0.591688 	-0.196466 	2.09977 	-2.08246e-19
51.689 	-0.591688 	-0.196466 	2.09977 	-2.08246e-19
51.7592 	-0.591688 	-0.196466 	2.09977 	-2.08246e-19
51.8293 	-0.591688 	-0.196466 	2.09977 	-2.08246e-19
51.8994 	-0.591688 	-0.196466 	2.09977 	-2.08246e-19
51.9696 	-0.591688 	-0.196466 	2.09977 	-2.08246e-19
52.0397 	-0.591688 	-0.196466 	2.09977 	-2.08246e-19
52.1099 	-0.591688 	-0.196466 	2.09977 	-2.08246e-19
52.18 	-0.591688 	-0.196466 	2.09977 	-2.08246e-19
52.2501 	-0.591688 	-0.196466 	2.09977 	-2.08246e-19
52.3203 	-0.591688 	-0.196466 	2.09977 	-2.08246e-19
52.3904 	-0.591688 	-0.196466 	2.09977 	-2.08246e-19
52.4605 	-0.591688 	-0.196466 	2.09977 	-2.08246e-19
52.5307 	-0.591688 	-0.196466 	2.09977 	-2.08246e-19
52.6008 	-0.591688 	-0.196466 	2.09977 	-2.08246e-19
52.6709 	-0.591688 	-0.196466 	2.09977 	-2.08246e-19
52.7411 	-0.591688 	-0.196466 	2.09977 	-2.08246e-19
52.8112 	-0.591688 	-0.196466 	2.09977 	-2.08246e-19
52.8813 	-0.591688 	-0.196466 	2.09977 	-2.08246e-19
52.9515 	-0.591688 	-0.196466 	2.09977 	-2.08246e-19
53.0216 	-0.591688 	-0.196466 	2.09977 	-2.08246e-19
53.0917 	-0.591688 	-0.196466 	2.09977 	-2.08246e-19
53.1619 	-0.591688 	-0.196466 	2.09977 	-2.08246e-19
53.232 	-0.591688 	-0.196466 	2.09977 	-2.08246e-19
53.3021 	-0.591688 	-0.196466 	2.09977 	-2.08246e-19
53.3723 	-0.591688 	-0.196466 	2.09977 	-2.08246e-19
53.4424 	-0.423307 	-0.378823 	2.20589 	-2.65794e-19
53.5125 	-0.423307 	-0.378823 	2.20589 	-2.65794e-19
53.5827 	-0.423307 	-0.378823 	2.20589 	-2.65794e-19
53.6528 	-0.423307 	-0.378823 	2.20589 	-2.65794e-19
53.7229 	-0.423307 	-0.378823 	2.20589 	-2.65794e-19
53.7931 	-0.423307 	-0.378823 	2.20589 	-2.65794e-19
53.8632 	-0.423307 	-0.378823 	2.20589 	-2.65794e-19
53.9333 	-0.423307 	-0.378823 	2.20589 	-2.65794e-19
54.0035 	-0.423307 	-0.378823 	2.20589 	-2.65794e-19
54.0736 	-0.423307 	-0.378823 	2.20589 	-2.65794e-19
54.1437 	-0.423307 	-0.378823 	2.20589 	-2.65794e-19
54.2139 	-0.423307 	-0.378823 	2.20589 	-2.65794e-19
54.284 	-0.423307 	-0.378823 	2.20589 	-2.65794e-19
54.3542 	-0.304394 	-0.38363 	2.10253 	3.21618e-19
54.4243 	-0.304394 	-0.38363 	2.10253 	3.21618e-19
54.4944 	-0.304394 	-0.38363 	2.10253 	3.21618e-19
54.5646 	-0.304394 	-0.38363 	2.10253 	3.21618e-19
54.6347 	-0.304394 	-0.38363 	2.10253 	3.21618e-19
54.7048 	-0.304394 	-0.38363 	2.10253 	3.21618e-19
54.775 	-0.304394 	-0.38363 	2.10253 	3.21618e-19
54.8451 	-0.304394 	-0.38363 	2.10253 	3.21618e-19
54.9152 	-0.304394 	-0.38363 	2.10253 	3.21618e-19
54.9854 	-0.304394 	-0.38363 	2.10253 	3.21618e-19
55.0555 	-0.304394 	-0.38363 	2.10253 	3.21618e-19
55.1256 	-0.240034 	-0.465761 	2.07434 	0
55.1958 	-0.240034 	-0.465761 	2.07434 	0
55.2659 	-0.240034 	-0.465761 	2.07434 	0
55.336 	-0.240034 	-0.465761 	2.07434 	0
55.4062 	-0.240034 	-0.465761 	2.07434 	0
55.4763 	-0.240034 	-0.465761 	2.07434 	0
55.5464 	-0.240034 	-0.465761 	2.07434 	0
55.6166 	-0.240034 	-0.465761 	2.07434 	0
55.6867 	-0.240034 	-0.465761 	2.07434 	0
55.7568 	-0.240034 	-0.465761 	2.07434 	0
55.827 	-0.240034 	-0.465761 	2.07434 	0
55.8971 	-0.240034 	-0.465761 	2.07434 	0
55.9672 	-0.240034 	-0.465761 	2.07434 	0
56.0374 	-0.240034 	-0.465761 	2.07434 	0
56.1075 	-0.240034 	-0.465761 	2.07434 	0
56.1776 	-0.240034 	-0.465761 	2.07434 	0
56.2478 	-0.240034 	-0.465761 	2.07434 	0
56.3179 	-0.240034 	-0.465761 	2.07434 	0
56.3881 	-0.216319 	-0.415414 	2.11997 	-6.37654e-20
56.4582 	-0.216319 	-0.415414 	2.11997 	-6.37654e-20
56.5283 	-0.216319 	-0.415414 	2.11997 	-6.37654e-20
56.5985 	-0.216319 	-0.415414 	2.11997 	-6.37654e-20
56.6686 	-0.216319 	-0.415414 	2.11997 	-6.37654e-20
56.7387 	-0.216319 	-0.415414 	2.11997 	-6.37654e-20
56.8089 	-0.216319 	-0.415414 	2.11997 	-6.37654e-20
56.879 	-0.216319 	-0.415414 	2.11997 	-6.37654e-20
56.9491 	-0.1519 	-0.37914 	2.0973 	8.8721e-20
57.0193 	-0.1519 	-0.37914 	2.0973 	8.8721e-20
57.0894 	-0.1519 	-0.37914 	2.0973 	8.8721e-20
57.1595 	-0.1519 	-0.37914 	2.0973 	8.8721e-20
57.2297 	-0.1519 	-0.37914 	2.0973 	8.8721e-20
57.2998 	-0.1519 	-0.37914 	2.0973 	8.8721e-20
57.3699 	-0.1519 	-0.37914 	2.0973 	8.8721e-20
57.4401 	-0.1519 	-0.37914 	2.0973 	8.8721e-20
57.5102 	-0.1519 	-0.37914 	2.0973 	8.8721e-20
57.5803 	-0.1519 	-0.37914 	2.0973 	8.8721e-20
57.6505 	-0.1519 	-0.37914 	2.0973 	8.8721e-20
57.7206 	-0.1519 	-0.37914 	2.0973 	8.8721e-20
57.7907 	-0.1519 	-0.37914 	2.0973 	8.8721e-20
57.8609 	-0.1519 	-0.37914 	2.0973 	8.8721e-20
57.931 	-0.1519 	-0.37914 	2.0973 	8.8721e-20
58.0011 	-0.1519 	-0.37914 	2.0973 	8.8721e-20
58.0713 	-0.1519 	-0.37914 	2.0973 	8.8721e-20
58.1414 	-0.1519 	-0.37914 	2.0973 	8.8721e-20
58.2115 	-0.1519 	-0.37914 	2.0973 	8.8721e-20
58.2817 	-0.1519 	-0.37914 	2.0973 	8.8721e-20
58.3518 	-0.1519 	-0.37914 	2.0973 	8.8721e-20
58.4219 	-0.1519 	-0.37914 	2.0973 	8.8721e-20
58.4921 	-0.1519 	-0.37914 	2.0973 	8.8721e-20
58.5622 	-0.146228 	-0.373811 	2.07179 	0
58.6324 	-0.146228 	-0.373811 	2.07179 	0
58.7025 	-0.146228 	-0.373811 	2.07179 	0
58.7726 	-0.146228 	-0.373811 	2.07179 	0
58.8428 	-0.146228 	-0.373811 	2.07179 	0
58.9129 	-0.0744945 	-0.325698 	2.01479 	-3.61625e-20
58.983 	-0.0744945 	-0.325698 	2.01479 	-3.61625e-20
59.0532 	-0.0744945 	-0.325698 	2.01479 	-3.61625e-20
59.1233 	-0.0744945 	-0.325698 	2.01479 	-3.61625e-20
59.1934 	-0.0744945 	-0.325698 	2.01479 	-3.61625e-20
59.2636 	-0.0744945 	-0.325698 	2.01479 	-3.61625e-20
59.3337 	-0.0744945 	-0.325698 	2.01479 	-3.61625e-20
59.4038 	-0.0744945 	-0.325698 	2.01479 	-3.61625e-20
59.474 	-0.0744945 	-0.325698 	2.01479 	-3.61625e-20
59.5441 	-0.0744945 	-0.325698 	2.01479 	-3.61625e-20
59.6142 	-0.0744945 	-0.325698 	2.01479 	-3.61625e-20
59.6844 	-0.0744945 	-0.325698 	2.01479 	-3.61625e-20
59.7545 	-0.0744945 	-0.325698 	2.01479 	-3.61625e-20
59.8246 	-0.0744945 	-0.325698 	2.01479 	-3.61625e-20
59.8948 	-0.0744945 	-0.325698 	2.01479 	-3.61625e-20
59.9649 	-0.0744945 	-0.325698 	2.01479 	-3.61625e-20
60.035 	-0.0744945 	-0.325698 	2.01479 	-3.61625e-20
60.1052 	-0.0744945 	-0.325698 	2.01479 	-3.61625e-20
60.1753 	-0.0744945 	-0.325698 	2.01479 	-3.61625e-20
60.2454 	-0.0744945 	-0.325698 	2.01479 	-3.61625e-20
60.3156 	-0.0744945 	-0.325698 	2.01479 	-3.61625e-20
60.3857 	-0.0744945 	-0.325698 	2.01479 	-3.61625e-20
60.4558 	-0.0744945 	-0.325698 	2.01479 	-3.61625e-20
60.526 	-0.0744945 	-0.325698 	2.01479 	-3.61625e-20
60.5961 	-0.0744945 	-0.325698 	2.01479 	-3.61625e-20
60.6662 	-0.0387299 	-0.308619 	1.87934 	-1.659e-20
60.7364 	-0.0387299 	-0.308619 	1.87934 	-1.659e-20
60.8065 	-0.0387299 	-0.308619 	1.87934 	-1.659e-20
60.8767 	-0.0387299 	-0.308619 	1.87934 	-1.659e-20
60.9468 	-0.0387299 	-0.308619 	1.87934 	-1.659e-20
61.0169 	-0.0387299 	-0.308619 	1.87934 	-1.659e-20
61.0871 	-0.0387299 	-0.308619 	1.87934 	-1.659e-20
61.1572 	-0.0387299 	-0.308619 	1.87934 	-1.659e-20
61.2273 	-0.0387299 	-0.308619 	1.87934 	-1.659e-20
61.2975 	-0.0387299 	-0.308619 	1.87934 	-1.659e-20
61.3676 	-0.0387299 	-0.308619 	1.87934 	-1.659e-20
61.4377 	-0.0387299 	-0.308619 	1.87934 	-1.659e-20
61.5079 	-0.0387299 	-0.308619 	1.87934 	-1.659e-20
61.578 	-0.0387299 	-0.308619 	1.87934 	-1.659e-20
61.6481 	-0.0225756 	-0.257743 	1.85617 	-3.11749e-20
61.7183 	-0.0225756 	-0.257743 	1.85617 	-3.11749e-20
61.7884 	-0.0188542 	-0.219329 	1.83963 	-1.04318e-20
61.8585 	-0.0188542 	-0.219329 	1.83963 	-1.04318e-20
61.9287 	-0.0188542 	-0.219329 	1.83963 	-1.04318e-20
61.9988 	-0.0188542 	-0.219329 	1.83963 	-1.04318e-20
62.0689 	-0.0188542 	-0.219329 	1.83963 	-1.04318e-20
62.1391 	-0.0188542 	-0.219329 	1.83963 	-1.04318e-20
62.2092 	-0.0217811 	-0.159724 	1.92866 	0
62.2793 	-0.0217811 	-0.159724 	1.92866 	0
62.3495 	-0.0217811 	-0.159724 	1.92866 	0
62.4196 	-0.0217811 	-0.159724 	1.92866 	0
62.4897 	-0.0217811 	-0.159724 	1.92866 	0
62.5599 	-0.0217811 	-0.159724 	1.92866 	0
62.63 	-0.0217811 	-0.159724 	1.92866 	0
62.7001 	-0.0217811 	-0.159724 	1.92866 	0
62.7703 	-0.0217811 	-0.159724 	1.92866 	0
62.8404 	-0.0217811 	-0.159724 	1.92866 	0
62.9105 	-0.0217811 	-0.159724 	1.92866 	0
62.9807 	-0.0217811 	-0.159724 	1.92866 	0
63.0508 	-0.0217811 	-0.159724 	1.92866 	0
63.121 	-0.0217811 	-0.159724 	1.92866 	0
63.1911 	-0.0217811 	-0.159724 	1.92866 	0
63.2612 	-0.0217811 	-0.159724 	1.92866 	0
63.3314 	-0.0217811 	-0.159724 	1.92866 	0
63.4015 	-0.0217811 	-0.159724 	1.92866 	0
63.4716 	-0.0217811 	-0.159724 	1.92866 	0
63.5418 	-0.0217811 	-0.159724 	1.92866 	0
63.6119 	-0.0217811 	-0.159724 	1.92866 	0
63.682 	-0.0217811 	-0.159724 	1.92866 	0
63.7522 	-0.0217811 	-0.159724 	1.92866 	0
63.8223 	-0.0217811 	-0.159724 	1.92866 	0
63.8924 	-0.0217811 	-0.159724 	1.92866 	0
63.9626 	-0.0217811 	-0.159724 	1.92866 	0
64.0327 	-0.0217811 	-0.159724 	1.92866 	0
64.1028 	-0.0217811 	-0.159724 	1.92866 	0
64.173 	-0.0107177 	-0.145057 	1.89808 	9.11888e-22
64.2431 	-0.0107177 	-0.145057 	1.89808 	9.11888e-22
64.3132 	-0.0107177 	-0.145057 	1.89808 	9.11888e-22
64.3834 	-0.0107177 	-0.145057 	1.89808 	9.11888e-22
64.4535 	-0.0107177 	-0.145057 	1.89808 	9.11888e-22
64.5236 	-0.0107177 	-0.145057 	1.89808 	9.11888e-22
64.5938 	-0.0107177 	-0.145057 	1.89808 	9.11888e-22
64.6639 	-0.0107177 	-0.145057 	1.89808 	9.11888e-22
64.734 	-0.0107177 	-0.145057 	1.89808 	9.11888e-22
64.8042 	-0.0107177 	-0.145057 	1.89808 	9.11888e-22
64.8743 	0.0108114 	-0.118831 	1.88125 	0
64.9444 	0.0108114 	-0.118831 	1.88125 	0
65.0146 	0.0108114 	-0.118831 	1.88125 	0
65.0847 	0.0108114 	-0.118831 	1.88125 	0
65.1548 	0.0108114 	-0.118831 	1.88125 	0
65.225 	0.0108114 	-0.118831 	1.88125 	0
65.2951 	0.0108114 	-0.118831 	1.88125 	0
65.3653 	0.0108114 	-0.118831 	1.88125 	0
65.4354 	0.0108114 	-0.118831 	1.88125 	0
65.5055 	0.0108114 	-0.118831 	1.88125 	0
65.5757 	0.0108114 	-0.118831 	1.88125 	0
65.6458 	0.0108114 	-0.118831 	1.88125 	0
65.7159 	0.0108114 	-0.118831 	1.88125 	0
65.7861 	0.0108114 	-0.118831 	1.88125 	0
65.8562 	0.0108114 	-0.118831 	1.88125 	0
65.9263 	0.0108114 	-0.118831 	1.88125 	0
65.9965 	0.0108114 	-0.118831 	1.88125 	0
66.0666 	0.0108114 	-0.118831 	1.88125 	0
66.1367 	0.0108114 	-0.118831 	1.88125 	0
66.2069 	0.0108114 	-0.118831 	1.88125 	0
66.277 	0.0108114 	-0.118831 	1.88125 	0
66.3471 	0.0108114 	-0.118831 	1.88125 	0
66.4173 	0.0108114 	-0.118831 	1.88125 	0
66.4874 	0.0108114 	-0.118831 	1.88125 	0
66.5575 	0.0108114 	-0.118831 	1.88125 	0
66.6277 	0.0108114 	-0.118831 	1.88125 	0
66.6978 	0.0108114 	-0.118831 	1.88125 	0
66.7679 	0.0108114 	-0.118831 	1.88125 	0
66.8381 	0.0108114 	-0.118831 	1.88125 	0
66.9082 	0.0108114 	-0.118831 	1.88125 	0
66.9783 	0.00686184 	-0.0958809 	1.83495 	0
67.0485 	0.00686184 	-0.0958809 	1.83495 	0
67.1186 	0.00686184 	-0.0958809 	1.83495 	0
67.1887 	0.00686184 	-0.0958809 	1.83495 	0
67.2589 	0.00686184 	-0.0958809 	1.83495 	0
67.329 	0.00686184 	-0.0958809 	1.83495 	0
67.3991 	0.00304763 	-0.0830484 	1.8382 	0
67.4693 	0.00304763 	-0.0830484 	1.8382 	0
67.5394 	-0.000582765 	-0.0616652 	1.85527 	0
67.6096 	-0.000582765 	-0.0616652 	1.85527 	0
67.6797 	-0.000582765 	-0.0616652 	1.85527 	0
67.7498 	-0.000582765 	-0.0616652 	1.85527 	0
67.82 	-0.000582765 	-0.0616652 	1.85527 	0
67.8901 	-0.000582765 	-0.0616652 	1.85527 	0
67.9602 	-0.000582765 	-0.0616652 	1.85527 	0
68.0304 	-0.000582765 	-0.0616652 	1.85527 	0
68.1005 	-0.000582765 	-0.0616652 	1.85527 	0
68.1706 	-0.000582765 	-0.0616652 	1.85527 	0
68.2408 	-0.000582765 	-0.0616652 	1.85527 	0
68.3109 	-0.000582765 	-0.0616652 	1.85527 	0
68.381 	-0.000582765 	-0.0616652 	1.85527 	0
68.4512 	-0.000582765 	-0.0616652 	1.85527 	0
68.5213 	-0.000582765 	-0.0616652 	1.85527 	0
68.5914 	-0.000582765 	-0.0616652 	1.85527 	0
68.6616 	-0.000582765 	-0.0616652 	1.85527 	0
68.7317 	-0.000582765 	-0.0616652 	1.85527 	0
68.8018 	-0.000582765 	-0.0616652 	1.85527 	0
68.872 	-0.000582765 	-0.0616652 	1.85527 	0
68.9421 	-0.000582765 	-0.0616652 	1.85527 	0
69.0122 	-0.000582765 	-0.0616652 	1.85527 	0
