0.490941 	1.78605 	0.0043277 	3.00029 	-2.53069e-20
0.561075 	1.78605 	0.0043277 	3.00029 	-2.53069e-20
0.63121 	1.78605 	0.0043277 	3.00029 	-2.53069e-20
0.701344 	1.78605 	0.0043277 	3.00029 	-2.53069e-20
0.771478 	1.78605 	0.0043277 	3.00029 	-2.53069e-20
0.841613 	1.78605 	0.0043277 	3.00029 	-2.53069e-20
0.911747 	1.761 	0.0145661 	3.00806 	-5.81052e-20
0.981881 	1.761 	0.0145661 	3.00806 	-5.81052e-20
1.05202 	1.761 	0.0145661 	3.00806 	-5.81052e-20
1.12215 	1.761 	0.0145661 	3.00806 	-5.81052e-20
1.19228 	1.761 	0.0145661 	3.00806 	-5.81052e-20
1.26242 	1.761 	0.0145661 	3.00806 	-5.81052e-20
1.33255 	1.71705 	0.0192557 	3.02327 	5.80653e-20
1.40269 	1.71705 	0.0192557 	3.02327 	5.80653e-20
1.47282 	1.71705 	0.0192557 	3.02327 	5.80653e-20
1.54296 	1.71705 	0.0192557 	3.02327 	5.80653e-20
1.61309 	1.71705 	0.0192557 	3.02327 	5.80653e-20
1.68323 	1.71705 	0.0192557 	3.02327 	5.80653e-20
1.75336 	1.65665 	0.0248119 	3.04259 	2.75853e-20
1.82349 	1.65665 	0.0248119 	3.04259 	2.75853e-20
1.89363 	1.65665 	0.0248119 	3.04259 	2.75853e-20
1.96376 	1.65665 	0.0248119 	3.04259 	2.75853e-20
2.0339 	1.65665 	0.0248119 	3.04259 	2.75853e-20
2.10403 	1.65665 	0.0248119 	3.04259 	2.75853e-20
2.17417 	1.58541 	0.024268 	3.06663 	0
2.2443 	1.58541 	0.024268 	3.06663 	0
2.31443 	1.58541 	0.024268 	3.06663 	0
2.38457 	1.58541 	0.024268 	3.06663 	0
2.4547 	1.58541 	0.024268 	3.06663 	0
2.52484 	1.58541 	0.024268 	3.06663 	0
2.59497 	1.50912 	0.0258277 	3.09079 	-1.23199e-19
2.66511 	1.50912 	0.0258277 	3.09079 	-1.23199e-19
2.73524 	1.50912 	0.0258277 	3.09079 	-1.23199e-19
2.80538 	1.50912 	0.0258277 	3.09079 	-1.23199e-19
2.87551 	1.50912 	0.0258277 	3.09079 	-1.23199e-19
2.94564 	1.50912 	0.0258277 	3.09079 	-1.23199e-19
3.01578 	1.43284 	0.0234498 	3.11616 	9.79688e-20
3.08591 	1.43284 	0.0234498 	3.11616 	9.79688e-20
3.15605 	1.43284 	0.0234498 	3.11616 	9.79688e-20
3.22618 	1.43284 	0.0234498 	3.11616 	9.79688e-20
3.29632 	1.43284 	0.0234498 	3.11616 	9.79688e-20
3.36645 	1.43284 	0.0234498 	3.11616 	9.79688e-20
3.43659 	1.3584 	0.0252459 	3.13929 	-1.75984e-19
3.50672 	1.3584 	0.0252459 	3.13929 	-1.75984e-19
3.57685 	1.3584 	0.0252459 	3.13929 	-1.75984e-19
3.64699 	1.3584 	0.0252459 	3.13929 	-1.75984e-19
3.71712 	1.3584 	0.0252459 	3.13929 	-1.75984e-19
3.78726 	1.35042 	0.0144882 	3.13781 	-1.95241e-19
3.85739 	1.27729 	0.0121286 	3.16297 	3.57421e-19
3.92753 	1.27729 	0.0121286 	3.16297 	3.57421e-19
3.99766 	1.27729 	0.0121286 	3.16297 	3.57421e-19
4.06779 	1.27729 	0.0121286 	3.16297 	3.57421e-19
4.13793 	1.27729 	0.0121286 	3.16297 	3.57421e-19
4.20806 	1.27729 	0.0121286 	3.16297 	3.57421e-19
4.2782 	1.2061 	0.0148455 	3.1835 	-2.03166e-19
4.34833 	1.2061 	0.0148455 	3.1835 	-2.03166e-19
4.41847 	1.2061 	0.0148455 	3.1835 	-2.03166e-19
4.4886 	1.2061 	0.0148455 	3.1835 	-2.03166e-19
4.55874 	1.2061 	0.0148455 	3.1835 	-2.03166e-19
4.62887 	1.2061 	0.0148455 	3.1835 	-2.03166e-19
4.699 	1.2061 	0.0148455 	3.1835 	-2.03166e-19
4.76914 	1.13675 	0.0122841 	3.2073 	-1.45191e-19
4.83927 	1.13675 	0.0122841 	3.2073 	-1.45191e-19
4.90941 	1.13675 	0.0122841 	3.2073 	-1.45191e-19
4.97954 	1.13675 	0.0122841 	3.2073 	-1.45191e-19
5.04968 	1.13675 	0.0122841 	3.2073 	-1.45191e-19
5.11981 	1.13675 	0.0122841 	3.2073 	-1.45191e-19
5.18994 	1.06909 	0.014846 	3.22627 	1.2764e-19
5.26008 	1.06909 	0.014846 	3.22627 	1.2764e-19
5.33021 	1.06909 	0.014846 	3.22627 	1.2764e-19
5.40035 	1.06909 	0.014846 	3.22627 	1.2764e-19
5.47048 	1.06909 	0.014846 	3.22627 	1.2764e-19
5.54062 	1.06909 	0.014846 	3.22627 	1.2764e-19
5.61075 	1.00407 	0.0120256 	3.24861 	-2.39591e-19
5.68089 	1.00407 	0.0120256 	3.24861 	-2.39591e-19
5.75102 	1.00407 	0.0120256 	3.24861 	-2.39591e-19
5.82115 	1.00407 	0.0120256 	3.24861 	-2.39591e-19
5.89129 	1.00407 	0.0120256 	3.24861 	-2.39591e-19
5.96142 	1.00407 	0.0120256 	3.24861 	-2.39591e-19
6.03156 	0.942214 	0.0148783 	3.26536 	2.55791e-19
6.10169 	0.942214 	0.0148783 	3.26536 	2.55791e-19
6.17183 	0.942214 	0.0148783 	3.26536 	2.55791e-19
6.24196 	0.942214 	0.0148783 	3.26536 	2.55791e-19
6.3121 	0.942214 	0.0148783 	3.26536 	2.55791e-19
6.38223 	0.942214 	0.0148783 	3.26536 	2.55791e-19
6.45236 	0.884417 	0.012323 	3.28546 	1.4434e-20
6.5225 	0.884417 	0.012323 	3.28546 	1.4434e-20
6.59263 	0.884417 	0.012323 	3.28546 	1.4434e-20
6.66277 	0.884417 	0.012323 	3.28546 	1.4434e-20
6.7329 	0.884417 	0.012323 	3.28546 	1.4434e-20
6.80304 	0.884417 	0.012323 	3.28546 	1.4434e-20
6.87317 	0.830673 	0.0159269 	3.29933 	-1.35431e-20
6.9433 	0.830673 	0.0159269 	3.29933 	-1.35431e-20
7.01344 	0.830673 	0.0159269 	3.29933 	-1.35431e-20
7.08357 	0.830673 	0.0159269 	3.29933 	-1.35431e-20
7.15371 	0.830673 	0.0159269 	3.29933 	-1.35431e-20
7.22384 	0.830673 	0.0159269 	3.29933 	-1.35431e-20
7.29398 	0.781246 	0.0138655 	3.31696 	0
7.36411 	0.781246 	0.0138655 	3.31696 	0
7.43425 	0.781246 	0.0138655 	3.31696 	0
7.50438 	0.781246 	0.0138655 	3.31696 	0
7.57451 	0.781246 	0.0138655 	3.31696 	0
7.64465 	0.781246 	0.0138655 	3.31696 	0
7.71478 	0.781246 	0.0138655 	3.31696 	0
7.78492 	0.735531 	0.0183436 	3.32802 	0
7.85505 	0.735531 	0.0183436 	3.32802 	0
7.92519 	0.735531 	0.0183436 	3.32802 	0
7.99532 	0.735531 	0.0183436 	3.32802 	0
8.06545 	0.735531 	0.0183436 	3.32802 	0
8.13559 	0.735531 	0.0183436 	3.32802 	0
8.20572 	0.693424 	0.0168533 	3.34359 	0
8.27586 	0.693424 	0.0168533 	3.34359 	0
8.34599 	0.693424 	0.0168533 	3.34359 	0
8.41613 	0.693424 	0.0168533 	3.34359 	0
8.48626 	0.693424 	0.0168533 	3.34359 	0
8.5564 	0.693424 	0.0168533 	3.34359 	0
8.62653 	0.654139 	0.0224576 	3.35233 	2.41198e-22
8.69666 	0.654139 	0.0224576 	3.35233 	2.41198e-22
8.7668 	0.654139 	0.0224576 	3.35233 	2.41198e-22
8.83693 	0.654139 	0.0224576 	3.35233 	2.41198e-22
8.90707 	0.654139 	0.0224576 	3.35233 	2.41198e-22
8.9772 	0.654139 	0.0224576 	3.35233 	2.41198e-22
9.04734 	0.617506 	0.0218382 	3.3665 	-1.47595e-19
9.11747 	0.617506 	0.0218382 	3.3665 	-1.47595e-19
9.18761 	0.617506 	0.0218382 	3.3665 	-1.47595e-19
9.25774 	0.601213 	0.0181389 	3.36976 	-1.94058e-20
9.32787 	0.601213 	0.0181389 	3.36976 	-1.94058e-20
9.39801 	0.601213 	0.0181389 	3.36976 	-1.94058e-20
9.46814 	0.601213 	0.0181389 	3.36976 	-1.94058e-20
9.53828 	0.565085 	0.0266067 	3.37756 	-1.50858e-19
9.60841 	0.565085 	0.0266067 	3.37756 	-1.50858e-19
9.67855 	0.565085 	0.0266067 	3.37756 	-1.50858e-19
9.74868 	0.565085 	0.0266067 	3.37756 	-1.50858e-19
9.81881 	0.565085 	0.0266067 	3.37756 	-1.50858e-19
9.88895 	0.565085 	0.0266067 	3.37756 	-1.50858e-19
9.95908 	0.530249 	0.0275034 	3.39099 	-8.73058e-21
10.0292 	0.530249 	0.0275034 	3.39099 	-8.73058e-21
10.0994 	0.530249 	0.0275034 	3.39099 	-8.73058e-21
10.1695 	0.530249 	0.0275034 	3.39099 	-8.73058e-21
10.2396 	0.530249 	0.0275034 	3.39099 	-8.73058e-21
10.3098 	0.530249 	0.0275034 	3.39099 	-8.73058e-21
10.3799 	0.496001 	0.0386916 	3.3978 	1.23751e-19
10.45 	0.496001 	0.0386916 	3.3978 	1.23751e-19
10.5202 	0.496001 	0.0386916 	3.3978 	1.23751e-19
10.5903 	0.496001 	0.0386916 	3.3978 	1.23751e-19
10.6604 	0.496001 	0.0386916 	3.3978 	1.23751e-19
10.7306 	0.496001 	0.0386916 	3.3978 	1.23751e-19
10.8007 	0.462029 	0.0421625 	3.41121 	-1.3139e-19
10.8708 	0.462029 	0.0421625 	3.41121 	-1.3139e-19
10.941 	0.462029 	0.0421625 	3.41121 	-1.3139e-19
11.0111 	0.462029 	0.0421625 	3.41121 	-1.3139e-19
11.0812 	0.462029 	0.0421625 	3.41121 	-1.3139e-19
11.1514 	0.462029 	0.0421625 	3.41121 	-1.3139e-19
11.2215 	0.462029 	0.0421625 	3.41121 	-1.3139e-19
11.2916 	0.42741 	0.057657 	3.41765 	-2.11201e-19
11.3618 	0.42741 	0.057657 	3.41765 	-2.11201e-19
11.4319 	0.42741 	0.057657 	3.41765 	-2.11201e-19
11.502 	0.42741 	0.057657 	3.41765 	-2.11201e-19
11.5722 	0.42741 	0.057657 	3.41765 	-2.11201e-19
11.6423 	0.42741 	0.057657 	3.41765 	-2.11201e-19
11.7124 	0.391392 	0.0651285 	3.43179 	2.04561e-19
11.7826 	0.391392 	0.0651285 	3.43179 	2.04561e-19
11.8527 	0.391392 	0.0651285 	3.43179 	2.04561e-19
11.9228 	0.391392 	0.0651285 	3.43179 	2.04561e-19
11.993 	0.391392 	0.0651285 	3.43179 	2.04561e-19
12.0631 	0.391392 	0.0651285 	3.43179 	2.04561e-19
12.1332 	0.352335 	0.0875384 	3.43914 	0
12.2034 	0.352335 	0.0875384 	3.43914 	0
12.2735 	0.352335 	0.0875384 	3.43914 	0
12.3437 	0.352335 	0.0875384 	3.43914 	0
12.4138 	0.352335 	0.0875384 	3.43914 	0
12.4839 	0.352335 	0.0875384 	3.43914 	0
12.5541 	0.352335 	0.0875384 	3.43914 	0
12.6242 	0.308997 	0.099847 	3.45506 	-4.51919e-21
12.6943 	0.308997 	0.099847 	3.45506 	-4.51919e-21
12.7645 	0.308997 	0.099847 	3.45506 	-4.51919e-21
12.8346 	0.308997 	0.099847 	3.45506 	-4.51919e-21
12.9047 	0.308997 	0.099847 	3.45506 	-4.51919e-21
12.9749 	0.308997 	0.099847 	3.45506 	-4.51919e-21
13.045 	0.25978 	0.132008 	3.46502 	4.64994e-21
13.1151 	0.25978 	0.132008 	3.46502 	4.64994e-21
13.1853 	0.25978 	0.132008 	3.46502 	4.64994e-21
13.2554 	0.25978 	0.132008 	3.46502 	4.64994e-21
13.3255 	0.25978 	0.132008 	3.46502 	4.64994e-21
13.3957 	0.25978 	0.132008 	3.46502 	4.64994e-21
13.4658 	0.25978 	0.132008 	3.46502 	4.64994e-21
13.5359 	0.204148 	0.150121 	3.48351 	0
13.6061 	0.204148 	0.150121 	3.48351 	0
13.6762 	0.204148 	0.150121 	3.48351 	0
13.7463 	0.204148 	0.150121 	3.48351 	0
13.8165 	0.204148 	0.150121 	3.48351 	0
13.8866 	0.204148 	0.150121 	3.48351 	0
13.9567 	0.142785 	0.209947 	3.50148 	1.10803e-21
14.0269 	0.142785 	0.209947 	3.50148 	1.10803e-21
14.097 	0.142785 	0.209947 	3.50148 	1.10803e-21
14.1671 	0.142785 	0.209947 	3.50148 	1.10803e-21
14.2373 	0.142785 	0.209947 	3.50148 	1.10803e-21
14.3074 	0.142785 	0.209947 	3.50148 	1.10803e-21
14.3776 	0.110682 	0.208014 	3.5072 	2.71852e-20
14.4477 	-0.0191602 	0.210183 	3.54289 	9.86374e-22
14.5178 	-0.0191602 	0.210183 	3.54289 	9.86374e-22
14.588 	-0.0191602 	0.210183 	3.54289 	9.86374e-22
14.6581 	0.00322061 	0.227539 	3.53452 	0
14.7282 	0.00322061 	0.227539 	3.53452 	0
14.7984 	-0.105785 	0.245256 	3.56535 	4.32178e-20
14.8685 	-0.0698278 	0.276039 	3.55259 	3.41108e-20
14.9386 	-0.0698278 	0.276039 	3.55259 	3.41108e-20
15.0088 	-0.0698278 	0.276039 	3.55259 	3.41108e-20
15.0789 	-0.0698278 	0.276039 	3.55259 	3.41108e-20
15.149 	-0.0245683 	0.297347 	3.5394 	-5.6225e-20
15.2192 	-0.150317 	0.323642 	3.58339 	-9.25822e-20
15.2893 	-0.150317 	0.323642 	3.58339 	-9.25822e-20
15.3594 	-0.150317 	0.323642 	3.58339 	-9.25822e-20
15.4296 	-0.104508 	0.348683 	3.55823 	7.46455e-20
15.4997 	-0.104508 	0.348683 	3.55823 	7.46455e-20
15.5698 	-0.229547 	0.367289 	3.59199 	-1.46126e-19
15.64 	-0.229547 	0.367289 	3.59199 	-1.46126e-19
15.7101 	-0.229547 	0.367289 	3.59199 	-1.46126e-19
15.7802 	-0.177168 	0.388833 	3.58605 	1.69984e-19
15.8504 	-0.177168 	0.388833 	3.58605 	1.69984e-19
15.9205 	-0.301663 	0.421017 	3.60107 	8.49352e-20
15.9906 	-0.301663 	0.421017 	3.60107 	8.49352e-20
16.0608 	-0.301663 	0.421017 	3.60107 	8.49352e-20
16.1309 	-0.23446 	0.45161 	3.57974 	0
16.201 	-0.23446 	0.45161 	3.57974 	0
16.2712 	-0.358529 	0.466041 	3.61621 	0
16.3413 	-0.358529 	0.466041 	3.61621 	0
16.4114 	-0.358529 	0.466041 	3.61621 	0
16.4816 	-0.358529 	0.466041 	3.61621 	0
16.5517 	-0.266353 	0.490387 	3.58797 	2.02571e-19
16.6219 	-0.384417 	0.528466 	3.62038 	7.36606e-20
16.692 	-0.384417 	0.528466 	3.62038 	7.36606e-20
16.7621 	-0.384417 	0.528466 	3.62038 	7.36606e-20
16.8323 	-0.384417 	0.528466 	3.62038 	7.36606e-20
16.9024 	-0.384417 	0.528466 	3.62038 	7.36606e-20
16.9725 	-0.371118 	0.594729 	3.60414 	0
17.0427 	-0.371118 	0.594729 	3.60414 	0
17.1128 	-0.371118 	0.594729 	3.60414 	0
17.1829 	-0.371118 	0.594729 	3.60414 	0
17.2531 	-0.473971 	0.63113 	3.63103 	0
17.3232 	-0.473971 	0.63113 	3.63103 	0
17.3933 	-0.473971 	0.63113 	3.63103 	0
17.4635 	-0.327983 	0.669062 	3.59483 	-1.49857e-19
17.5336 	-0.327983 	0.669062 	3.59483 	-1.49857e-19
17.6037 	-0.416007 	0.698321 	3.60598 	0
17.6739 	-0.416007 	0.698321 	3.60598 	0
17.744 	-0.416007 	0.698321 	3.60598 	0
17.8141 	-0.416007 	0.698321 	3.60598 	0
17.8843 	-0.416007 	0.698321 	3.60598 	0
17.9544 	-0.339425 	0.765823 	3.57824 	-2.85612e-19
18.0245 	-0.339425 	0.765823 	3.57824 	-2.85612e-19
18.0947 	-0.339425 	0.765823 	3.57824 	-2.85612e-19
18.1648 	-0.339425 	0.765823 	3.57824 	-2.85612e-19
18.2349 	-0.410786 	0.794077 	3.58965 	3.44466e-19
18.3051 	-0.410786 	0.794077 	3.58965 	3.44466e-19
18.3752 	-0.410786 	0.794077 	3.58965 	3.44466e-19
18.4453 	-0.410786 	0.794077 	3.58965 	3.44466e-19
18.5155 	-0.410786 	0.794077 	3.58965 	3.44466e-19
18.5856 	-0.322076 	0.833398 	3.549 	4.09251e-19
18.6557 	-0.322076 	0.833398 	3.549 	4.09251e-19
18.7259 	-0.322076 	0.833398 	3.549 	4.09251e-19
18.796 	-0.322076 	0.833398 	3.549 	4.09251e-19
18.8662 	-0.388675 	0.867995 	3.56163 	-5.02405e-19
18.9363 	-0.388675 	0.867995 	3.56163 	-5.02405e-19
19.0064 	-0.388675 	0.867995 	3.56163 	-5.02405e-19
19.0766 	-0.388675 	0.867995 	3.56163 	-5.02405e-19
19.1467 	-0.388675 	0.867995 	3.56163 	-5.02405e-19
19.2168 	-0.452013 	0.917324 	3.58305 	-2.12321e-19
19.287 	-0.293749 	0.879559 	3.48633 	-1.73232e-19
19.3571 	-0.293749 	0.879559 	3.48633 	-1.73232e-19
19.4272 	-0.293749 	0.879559 	3.48633 	-1.73232e-19
19.4974 	-0.293749 	0.879559 	3.48633 	-1.73232e-19
19.5675 	-0.35535 	0.922584 	3.50947 	-1.64954e-19
19.6376 	-0.35535 	0.922584 	3.50947 	-1.64954e-19
19.7078 	-0.35535 	0.922584 	3.50947 	-1.64954e-19
19.7779 	-0.35535 	0.922584 	3.50947 	-1.64954e-19
19.848 	-0.35535 	0.922584 	3.50947 	-1.64954e-19
19.9182 	-0.415818 	0.971301 	3.54183 	8.54159e-20
19.9883 	-0.415818 	0.971301 	3.54183 	8.54159e-20
20.0584 	-0.253021 	0.905895 	3.33268 	0
20.1286 	-0.253021 	0.905895 	3.33268 	0
20.1987 	-0.253021 	0.905895 	3.33268 	0
20.2688 	-0.311029 	0.954806 	3.38893 	-9.07899e-20
20.339 	-0.311029 	0.954806 	3.38893 	-9.07899e-20
20.4091 	-0.311029 	0.954806 	3.38893 	-9.07899e-20
20.4792 	-0.311029 	0.954806 	3.38893 	-9.07899e-20
20.5494 	-0.311029 	0.954806 	3.38893 	-9.07899e-20
20.6195 	-0.370487 	1.00835 	3.44814 	-3.58721e-20
20.6896 	-0.370487 	1.00835 	3.44814 	-3.58721e-20
20.7598 	-0.370487 	1.00835 	3.44814 	-3.58721e-20
20.8299 	-0.370487 	1.00835 	3.44814 	-3.58721e-20
20.9 	-0.236781 	0.88344 	2.9185 	-2.70629e-19
20.9702 	-0.28439 	0.951787 	3.06461 	-2.24608e-19
21.0403 	-0.28439 	0.951787 	3.06461 	-2.24608e-19
21.1105 	-0.28439 	0.951787 	3.06461 	-2.24608e-19
21.1806 	-0.28439 	0.951787 	3.06461 	-2.24608e-19
21.2507 	-0.28439 	0.951787 	3.06461 	-2.24608e-19
21.3209 	-0.334788 	1.00625 	3.16018 	1.26274e-19
21.391 	-0.334788 	1.00625 	3.16018 	1.26274e-19
21.4611 	-0.334788 	1.00625 	3.16018 	1.26274e-19
21.5313 	-0.334788 	1.00625 	3.16018 	1.26274e-19
21.6014 	-0.334788 	1.00625 	3.16018 	1.26274e-19
21.6715 	-0.334788 	1.00625 	3.16018 	1.26274e-19
21.7417 	-0.390302 	1.07088 	3.26113 	-1.1489e-19
21.8118 	-0.390302 	1.07088 	3.26113 	-1.1489e-19
21.8819 	-0.390302 	1.07088 	3.26113 	-1.1489e-19
21.9521 	-0.290169 	0.869407 	2.46301 	-6.58128e-20
22.0222 	-0.290169 	0.869407 	2.46301 	-6.58128e-20
22.0923 	-0.335738 	0.913458 	2.53704 	-4.25609e-19
22.1625 	-0.335738 	0.913458 	2.53704 	-4.25609e-19
22.2326 	-0.335738 	0.913458 	2.53704 	-4.25609e-19
22.3027 	-0.335738 	0.913458 	2.53704 	-4.25609e-19
22.3729 	-0.335738 	0.913458 	2.53704 	-4.25609e-19
22.443 	-0.335738 	0.913458 	2.53704 	-4.25609e-19
22.5131 	-0.382336 	1.00008 	2.69732 	-4.27214e-20
22.5833 	-0.382336 	1.00008 	2.69732 	-4.27214e-20
22.6534 	-0.382336 	1.00008 	2.69732 	-4.27214e-20
22.7235 	-0.382336 	1.00008 	2.69732 	-4.27214e-20
22.7937 	-0.382336 	1.00008 	2.69732 	-4.27214e-20
22.8638 	-0.42951 	1.04807 	2.74521 	2.40148e-19
22.9339 	-0.42951 	1.04807 	2.74521 	2.40148e-19
23.0041 	-0.42951 	1.04807 	2.74521 	2.40148e-19
23.0742 	-0.330693 	0.783427 	1.91907 	-2.95309e-19
23.1443 	-0.330693 	0.783427 	1.91907 	-2.95309e-19
23.2145 	-0.330693 	0.783427 	1.91907 	-2.95309e-19
23.2846 	-0.364315 	0.838408 	2.0126 	-7.96361e-20
23.3548 	-0.364315 	0.838408 	2.0126 	-7.96361e-20
23.4249 	-0.364315 	0.838408 	2.0126 	-7.96361e-20
23.495 	-0.364315 	0.838408 	2.0126 	-7.96361e-20
23.5652 	-0.364315 	0.838408 	2.0126 	-7.96361e-20
23.6353 	-0.364315 	0.838408 	2.0126 	-7.96361e-20
23.7054 	-0.400368 	0.873141 	2.03256 	-1.36872e-19
23.7756 	-0.400368 	0.873141 	2.03256 	-1.36872e-19
23.8457 	-0.400368 	0.873141 	2.03256 	-1.36872e-19
23.9158 	-0.400368 	0.873141 	2.03256 	-1.36872e-19
23.986 	-0.400368 	0.873141 	2.03256 	-1.36872e-19
24.0561 	-0.400368 	0.873141 	2.03256 	-1.36872e-19
24.1262 	-0.436141 	0.92784 	2.09311 	0
24.1964 	-0.436141 	0.92784 	2.09311 	0
24.2665 	-0.436141 	0.92784 	2.09311 	0
24.3366 	-0.436141 	0.92784 	2.09311 	0
24.4068 	-0.436141 	0.92784 	2.09311 	0
24.4769 	-0.411608 	0.706296 	1.63846 	-2.84374e-19
24.547 	-0.411608 	0.706296 	1.63846 	-2.84374e-19
24.6172 	-0.441763 	0.732496 	1.64075 	-4.57601e-19
24.6873 	-0.441763 	0.732496 	1.64075 	-4.57601e-19
24.7574 	-0.441763 	0.732496 	1.64075 	-4.57601e-19
24.8276 	-0.441763 	0.732496 	1.64075 	-4.57601e-19
24.8977 	-0.441763 	0.732496 	1.64075 	-4.57601e-19
24.9678 	-0.441763 	0.732496 	1.64075 	-4.57601e-19
25.038 	-0.471351 	0.767458 	1.67365 	1.48907e-19
25.1081 	-0.471351 	0.767458 	1.67365 	1.48907e-19
25.1782 	-0.471351 	0.767458 	1.67365 	1.48907e-19
25.2484 	-0.471351 	0.767458 	1.67365 	1.48907e-19
25.3185 	-0.471351 	0.767458 	1.67365 	1.48907e-19
25.3886 	-0.471351 	0.767458 	1.67365 	1.48907e-19
25.4588 	-0.495646 	0.795505 	1.65544 	0
25.5289 	-0.495646 	0.795505 	1.65544 	0
25.5991 	-0.495646 	0.795505 	1.65544 	0
25.6692 	-0.495646 	0.795505 	1.65544 	0
25.7393 	-0.495646 	0.795505 	1.65544 	0
25.8095 	-0.495646 	0.795505 	1.65544 	0
25.8796 	-0.495646 	0.795505 	1.65544 	0
25.9497 	-0.509772 	0.846802 	1.67148 	-3.20702e-19
26.0199 	-0.509772 	0.846802 	1.67148 	-3.20702e-19
26.09 	-0.477298 	0.857296 	1.50776 	-2.6433e-19
26.1601 	-0.477298 	0.857296 	1.50776 	-2.6433e-19
26.2303 	-0.477298 	0.857296 	1.50776 	-2.6433e-19
26.3004 	-0.477298 	0.857296 	1.50776 	-2.6433e-19
26.3705 	-0.477298 	0.857296 	1.50776 	-2.6433e-19
26.4407 	-0.496617 	0.934397 	1.49745 	6.35798e-19
26.5108 	-0.496617 	0.934397 	1.49745 	6.35798e-19
26.5809 	-0.496617 	0.934397 	1.49745 	6.35798e-19
26.6511 	-0.496617 	0.934397 	1.49745 	6.35798e-19
26.7212 	-0.496617 	0.934397 	1.49745 	6.35798e-19
26.7913 	-0.496617 	0.934397 	1.49745 	6.35798e-19
26.8615 	-0.496617 	0.934397 	1.49745 	6.35798e-19
26.9316 	-0.52189 	1.03285 	1.50533 	-3.93011e-19
27.0017 	-0.52189 	1.03285 	1.50533 	-3.93011e-19
27.0719 	-0.52189 	1.03285 	1.50533 	-3.93011e-19
27.142 	-0.52189 	1.03285 	1.50533 	-3.93011e-19
27.2121 	-0.52189 	1.03285 	1.50533 	-3.93011e-19
27.2823 	-0.52189 	1.03285 	1.50533 	-3.93011e-19
27.3524 	-0.555355 	1.133 	1.4813 	-1.32423e-19
27.4225 	-0.555355 	1.133 	1.4813 	-1.32423e-19
27.4927 	-0.555355 	1.133 	1.4813 	-1.32423e-19
27.5628 	-0.555355 	1.133 	1.4813 	-1.32423e-19
27.6329 	-0.555355 	1.133 	1.4813 	-1.32423e-19
27.7031 	-0.555355 	1.133 	1.4813 	-1.32423e-19
27.7732 	-0.555355 	1.133 	1.4813 	-1.32423e-19
27.8434 	-0.555355 	1.133 	1.4813 	-1.32423e-19
27.9135 	-0.608173 	1.23441 	1.47149 	-1.63614e-19
27.9836 	-0.608173 	1.23441 	1.47149 	-1.63614e-19
28.0538 	-0.608173 	1.23441 	1.47149 	-1.63614e-19
28.1239 	-0.608173 	1.23441 	1.47149 	-1.63614e-19
28.194 	-0.608173 	1.23441 	1.47149 	-1.63614e-19
28.2642 	-0.608173 	1.23441 	1.47149 	-1.63614e-19
28.3343 	-0.62355 	1.12216 	1.27895 	1.73865e-19
28.4044 	-0.704488 	1.19487 	1.19126 	-3.03186e-19
28.4746 	-0.704488 	1.19487 	1.19126 	-3.03186e-19
28.5447 	-0.704488 	1.19487 	1.19126 	-3.03186e-19
28.6148 	-0.704488 	1.19487 	1.19126 	-3.03186e-19
28.685 	-0.704488 	1.19487 	1.19126 	-3.03186e-19
28.7551 	-0.704488 	1.19487 	1.19126 	-3.03186e-19
28.8252 	-0.704488 	1.19487 	1.19126 	-3.03186e-19
28.8954 	-0.704488 	1.19487 	1.19126 	-3.03186e-19
28.9655 	-0.821882 	1.25176 	1.13122 	-4.11456e-19
29.0356 	-0.821882 	1.25176 	1.13122 	-4.11456e-19
29.1058 	-0.821882 	1.25176 	1.13122 	-4.11456e-19
29.1759 	-0.821882 	1.25176 	1.13122 	-4.11456e-19
29.246 	-0.821882 	1.25176 	1.13122 	-4.11456e-19
29.3162 	-0.821882 	1.25176 	1.13122 	-4.11456e-19
29.3863 	-0.821882 	1.25176 	1.13122 	-4.11456e-19
29.4564 	-0.978228 	1.25913 	1.0491 	3.80197e-19
29.5266 	-0.978228 	1.25913 	1.0491 	3.80197e-19
29.5967 	-0.978228 	1.25913 	1.0491 	3.80197e-19
29.6668 	-0.978228 	1.25913 	1.0491 	3.80197e-19
29.737 	-0.978228 	1.25913 	1.0491 	3.80197e-19
29.8071 	-0.978228 	1.25913 	1.0491 	3.80197e-19
29.8773 	-0.978228 	1.25913 	1.0491 	3.80197e-19
29.9474 	-0.978228 	1.25913 	1.0491 	3.80197e-19
30.0175 	-1.18979 	1.21952 	1.03305 	-5.53191e-19
30.0877 	-1.18979 	1.21952 	1.03305 	-5.53191e-19
30.1578 	-1.18979 	1.21952 	1.03305 	-5.53191e-19
30.2279 	-1.18979 	1.21952 	1.03305 	-5.53191e-19
30.2981 	-1.18979 	1.21952 	1.03305 	-5.53191e-19
30.3682 	-1.18979 	1.21952 	1.03305 	-5.53191e-19
30.4383 	-1.18979 	1.21952 	1.03305 	-5.53191e-19
30.5085 	-1.18979 	1.21952 	1.03305 	-5.53191e-19
30.5786 	-1.45563 	1.08698 	0.978194 	1.15309e-18
30.6487 	-1.45563 	1.08698 	0.978194 	1.15309e-18
30.7189 	-1.45563 	1.08698 	0.978194 	1.15309e-18
30.789 	-1.45563 	1.08698 	0.978194 	1.15309e-18
30.8591 	-1.45563 	1.08698 	0.978194 	1.15309e-18
30.9293 	-1.45563 	1.08698 	0.978194 	1.15309e-18
30.9994 	-1.45563 	1.08698 	0.978194 	1.15309e-18
31.0695 	-1.45563 	1.08698 	0.978194 	1.15309e-18
31.1397 	-1.73596 	0.856987 	1.02287 	-6.36418e-19
31.2098 	-1.73596 	0.856987 	1.02287 	-6.36418e-19
31.2799 	-1.73596 	0.856987 	1.02287 	-6.36418e-19
31.3501 	-1.73596 	0.856987 	1.02287 	-6.36418e-19
31.4202 	-1.73596 	0.856987 	1.02287 	-6.36418e-19
31.4903 	-1.73596 	0.856987 	1.02287 	-6.36418e-19
31.5605 	-1.38257 	0.73539 	0.727883 	7.81016e-19
31.6306 	-1.38257 	0.73539 	0.727883 	7.81016e-19
31.7007 	-1.49126 	0.459654 	0.728603 	-3.26166e-19
31.7709 	-1.49126 	0.459654 	0.728603 	-3.26166e-19
31.841 	-1.49126 	0.459654 	0.728603 	-3.26166e-19
31.9111 	-1.49126 	0.459654 	0.728603 	-3.26166e-19
31.9813 	-1.49126 	0.459654 	0.728603 	-3.26166e-19
32.0514 	-1.49126 	0.459654 	0.728603 	-3.26166e-19
32.1216 	-1.49126 	0.459654 	0.728603 	-3.26166e-19
32.1917 	-1.49126 	0.459654 	0.728603 	-3.26166e-19
32.2618 	-1.49126 	0.459654 	0.728603 	-3.26166e-19
32.332 	-1.47997 	0.111154 	0.833737 	0
32.4021 	-1.47997 	0.111154 	0.833737 	0
32.4722 	-1.47997 	0.111154 	0.833737 	0
32.5424 	-1.47997 	0.111154 	0.833737 	0
32.6125 	-1.47997 	0.111154 	0.833737 	0
32.6826 	-1.47997 	0.111154 	0.833737 	0
32.7528 	-1.47997 	0.111154 	0.833737 	0
32.8229 	-1.47997 	0.111154 	0.833737 	0
32.893 	-1.47997 	0.111154 	0.833737 	0
32.9632 	-1.35964 	-0.220127 	0.943619 	0
33.0333 	-1.35964 	-0.220127 	0.943619 	0
33.1034 	-1.35964 	-0.220127 	0.943619 	0
33.1736 	-1.35964 	-0.220127 	0.943619 	0
33.2437 	-1.35964 	-0.220127 	0.943619 	0
33.3138 	-1.35964 	-0.220127 	0.943619 	0
33.384 	-1.35964 	-0.220127 	0.943619 	0
33.4541 	-1.35964 	-0.220127 	0.943619 	0
33.5242 	-1.35964 	-0.220127 	0.943619 	0
33.5944 	-1.13196 	-0.485304 	1.12094 	9.03264e-20
33.6645 	-1.13196 	-0.485304 	1.12094 	9.03264e-20
33.7346 	-1.13196 	-0.485304 	1.12094 	9.03264e-20
33.8048 	-1.13196 	-0.485304 	1.12094 	9.03264e-20
33.8749 	-1.13196 	-0.485304 	1.12094 	9.03264e-20
33.945 	-1.13196 	-0.485304 	1.12094 	9.03264e-20
34.0152 	-1.13196 	-0.485304 	1.12094 	9.03264e-20
34.0853 	-1.13196 	-0.485304 	1.12094 	9.03264e-20
34.1554 	-1.13196 	-0.485304 	1.12094 	9.03264e-20
34.2256 	-0.855578 	-0.630497 	1.26077 	-7.77245e-20
34.2957 	-0.855578 	-0.630497 	1.26077 	-7.77245e-20
34.3659 	-0.855578 	-0.630497 	1.26077 	-7.77245e-20
34.436 	-0.855578 	-0.630497 	1.26077 	-7.77245e-20
34.5061 	-0.855578 	-0.630497 	1.26077 	-7.77245e-20
34.5763 	-0.855578 	-0.630497 	1.26077 	-7.77245e-20
34.6464 	-0.855578 	-0.630497 	1.26077 	-7.77245e-20
34.7165 	-0.855578 	-0.630497 	1.26077 	-7.77245e-20
34.7867 	-0.855578 	-0.630497 	1.26077 	-7.77245e-20
34.8568 	-0.855578 	-0.630497 	1.26077 	-7.77245e-20
34.9269 	-0.594241 	-0.683316 	1.4202 	9.35965e-20
34.9971 	-0.594241 	-0.683316 	1.4202 	9.35965e-20
35.0672 	-0.594241 	-0.683316 	1.4202 	9.35965e-20
35.1373 	-0.594241 	-0.683316 	1.4202 	9.35965e-20
35.2075 	-0.594241 	-0.683316 	1.4202 	9.35965e-20
35.2776 	-0.594241 	-0.683316 	1.4202 	9.35965e-20
35.3477 	-0.594241 	-0.683316 	1.4202 	9.35965e-20
35.4179 	-0.594241 	-0.683316 	1.4202 	9.35965e-20
35.488 	-0.594241 	-0.683316 	1.4202 	9.35965e-20
35.5581 	-0.594241 	-0.683316 	1.4202 	9.35965e-20
35.6283 	-0.376149 	-0.655646 	1.5311 	-2.40206e-20
35.6984 	-0.376149 	-0.655646 	1.5311 	-2.40206e-20
35.7685 	-0.376149 	-0.655646 	1.5311 	-2.40206e-20
35.8387 	-0.376149 	-0.655646 	1.5311 	-2.40206e-20
35.9088 	-0.376149 	-0.655646 	1.5311 	-2.40206e-20
35.9789 	-0.376149 	-0.655646 	1.5311 	-2.40206e-20
36.0491 	-0.376149 	-0.655646 	1.5311 	-2.40206e-20
36.1192 	-0.376149 	-0.655646 	1.5311 	-2.40206e-20
36.1893 	-0.376149 	-0.655646 	1.5311 	-2.40206e-20
36.2595 	-0.376149 	-0.655646 	1.5311 	-2.40206e-20
36.3296 	-0.21978 	-0.588034 	1.62585 	7.76696e-21
36.3997 	-0.21978 	-0.588034 	1.62585 	7.76696e-21
36.4699 	-0.21978 	-0.588034 	1.62585 	7.76696e-21
36.54 	-0.21978 	-0.588034 	1.62585 	7.76696e-21
36.6102 	-0.21978 	-0.588034 	1.62585 	7.76696e-21
36.6803 	-0.21978 	-0.588034 	1.62585 	7.76696e-21
36.7504 	-0.21978 	-0.588034 	1.62585 	7.76696e-21
36.8206 	-0.21978 	-0.588034 	1.62585 	7.76696e-21
36.8907 	-0.21978 	-0.588034 	1.62585 	7.76696e-21
36.9608 	-0.21978 	-0.588034 	1.62585 	7.76696e-21
37.031 	-0.21978 	-0.588034 	1.62585 	7.76696e-21
37.1011 	-0.127756 	-0.512577 	1.68248 	0
37.1712 	-0.127756 	-0.512577 	1.68248 	0
37.2414 	-0.127756 	-0.512577 	1.68248 	0
37.3115 	-0.127756 	-0.512577 	1.68248 	0
37.3816 	-0.127756 	-0.512577 	1.68248 	0
37.4518 	-0.127756 	-0.512577 	1.68248 	0
37.5219 	-0.127756 	-0.512577 	1.68248 	0
37.592 	-0.127756 	-0.512577 	1.68248 	0
37.6622 	-0.0700434 	-0.445672 	1.72088 	0
37.7323 	-0.0700434 	-0.445672 	1.72088 	0
37.8024 	-0.0700434 	-0.445672 	1.72088 	0
37.8726 	-0.0700434 	-0.445672 	1.72088 	0
37.9427 	-0.0700434 	-0.445672 	1.72088 	0
38.0128 	-0.0700434 	-0.445672 	1.72088 	0
38.083 	-0.0700434 	-0.445672 	1.72088 	0
38.1531 	-0.0700434 	-0.445672 	1.72088 	0
38.2232 	-0.0700434 	-0.445672 	1.72088 	0
38.2934 	-0.0297456 	-0.384869 	1.74925 	0
38.3635 	-0.0297456 	-0.384869 	1.74925 	0
38.4336 	-0.0297456 	-0.384869 	1.74925 	0
38.5038 	-0.0297456 	-0.384869 	1.74925 	0
38.5739 	-0.0297456 	-0.384869 	1.74925 	0
38.644 	-0.0297456 	-0.384869 	1.74925 	0
38.7142 	-0.0297456 	-0.384869 	1.74925 	0
38.7843 	-0.0297456 	-0.384869 	1.74925 	0
38.8545 	-0.0297456 	-0.384869 	1.74925 	0
38.9246 	-0.00123968 	-0.331396 	1.77042 	0
38.9947 	-0.00123968 	-0.331396 	1.77042 	0
39.0649 	-0.00123968 	-0.331396 	1.77042 	0
39.135 	-0.00123968 	-0.331396 	1.77042 	0
39.2051 	-0.00123968 	-0.331396 	1.77042 	0
39.2753 	-0.00123968 	-0.331396 	1.77042 	0
39.3454 	-0.00123968 	-0.331396 	1.77042 	0
39.4155 	-0.00123968 	-0.331396 	1.77042 	0
39.4857 	-0.00123968 	-0.331396 	1.77042 	0
39.5558 	0.019169 	-0.285133 	1.78628 	0
39.6259 	0.019169 	-0.285133 	1.78628 	0
39.6961 	0.019169 	-0.285133 	1.78628 	0
39.7662 	0.019169 	-0.285133 	1.78628 	0
39.8363 	0.019169 	-0.285133 	1.78628 	0
39.9065 	0.019169 	-0.285133 	1.78628 	0
39.9766 	0.019169 	-0.285133 	1.78628 	0
40.0467 	0.019169 	-0.285133 	1.78628 	0
40.1169 	0.034004 	-0.245539 	1.79806 	0
40.187 	0.034004 	-0.245539 	1.79806 	0
40.2571 	0.034004 	-0.245539 	1.79806 	0
40.3273 	0.034004 	-0.245539 	1.79806 	0
40.3974 	0.034004 	-0.245539 	1.79806 	0
40.4675 	0.034004 	-0.245539 	1.79806 	0
40.5377 	0.034004 	-0.245539 	1.79806 	0
40.6078 	0.034004 	-0.245539 	1.79806 	0
40.6779 	0.034004 	-0.245539 	1.79806 	0
40.7481 	0.0449225 	-0.211995 	1.8067 	0
40.8182 	0.0449225 	-0.211995 	1.8067 	0
40.8883 	0.0449225 	-0.211995 	1.8067 	0
40.9585 	0.0449225 	-0.211995 	1.8067 	0
41.0286 	0.0449225 	-0.211995 	1.8067 	0
41.0988 	0.0449225 	-0.211995 	1.8067 	0
41.1689 	0.0449225 	-0.211995 	1.8067 	0
41.239 	0.0449225 	-0.211995 	1.8067 	0
41.3092 	0.0449225 	-0.211995 	1.8067 	0
41.3793 	0.0530617 	-0.183907 	1.81302 	0
41.4494 	0.0530617 	-0.183907 	1.81302 	0
41.5196 	0.0530617 	-0.183907 	1.81302 	0
41.5897 	0.0530617 	-0.183907 	1.81302 	0
41.6598 	0.0530617 	-0.183907 	1.81302 	0
41.73 	0.0530617 	-0.183907 	1.81302 	0
41.8001 	0.0530617 	-0.183907 	1.81302 	0
41.8702 	0.0530617 	-0.183907 	1.81302 	0
41.9404 	0.0530617 	-0.183907 	1.81302 	0
42.0105 	0.0592656 	-0.160571 	1.81757 	0
42.0806 	0.0592656 	-0.160571 	1.81757 	0
42.1508 	0.0592656 	-0.160571 	1.81757 	0
42.2209 	0.0592656 	-0.160571 	1.81757 	0
42.291 	0.0592656 	-0.160571 	1.81757 	0
42.3612 	0.0592656 	-0.160571 	1.81757 	0
42.4313 	0.0592656 	-0.160571 	1.81757 	0
42.5014 	0.0592656 	-0.160571 	1.81757 	0
42.5716 	0.0592656 	-0.160571 	1.81757 	0
42.6417 	0.064046 	-0.141215 	1.82089 	0
42.7118 	0.064046 	-0.141215 	1.82089 	0
42.782 	0.064046 	-0.141215 	1.82089 	0
42.8521 	0.064046 	-0.141215 	1.82089 	0
42.9222 	0.064046 	-0.141215 	1.82089 	0
42.9924 	0.064046 	-0.141215 	1.82089 	0
43.0625 	0.064046 	-0.141215 	1.82089 	0
43.1327 	0.064046 	-0.141215 	1.82089 	0
43.2028 	0.0675848 	-0.12498 	1.82349 	0
43.2729 	0.0675848 	-0.12498 	1.82349 	0
43.3431 	0.0675848 	-0.12498 	1.82349 	0
43.4132 	0.0675848 	-0.12498 	1.82349 	0
43.4833 	0.0675848 	-0.12498 	1.82349 	0
43.5535 	0.0675848 	-0.12498 	1.82349 	0
43.6236 	0.0675848 	-0.12498 	1.82349 	0
43.6937 	0.0675848 	-0.12498 	1.82349 	0
43.7639 	0.0675848 	-0.12498 	1.82349 	0
43.834 	0.0699849 	-0.111081 	1.82579 	0
43.9041 	0.0699849 	-0.111081 	1.82579 	0
43.9743 	0.0699849 	-0.111081 	1.82579 	0
44.0444 	0.0699849 	-0.111081 	1.82579 	0
44.1145 	0.0699849 	-0.111081 	1.82579 	0
44.1847 	0.0699849 	-0.111081 	1.82579 	0
44.2548 	0.0699849 	-0.111081 	1.82579 	0
44.3249 	0.0699849 	-0.111081 	1.82579 	0
44.3951 	0.0699849 	-0.111081 	1.82579 	0
44.4652 	0.0715117 	-0.0989815 	1.82783 	0
44.5353 	0.0715117 	-0.0989815 	1.82783 	0
44.6055 	0.0715117 	-0.0989815 	1.82783 	0
44.6756 	0.0715117 	-0.0989815 	1.82783 	0
44.7457 	0.0715117 	-0.0989815 	1.82783 	0
44.8159 	0.0715117 	-0.0989815 	1.82783 	0
44.886 	0.0715117 	-0.0989815 	1.82783 	0
44.9561 	0.0715117 	-0.0989815 	1.82783 	0
45.0263 	0.0715117 	-0.0989815 	1.82783 	0
45.0964 	0.0724743 	-0.0883447 	1.82954 	0
45.1665 	0.0724743 	-0.0883447 	1.82954 	0
45.2367 	0.0724743 	-0.0883447 	1.82954 	0
45.3068 	0.0724743 	-0.0883447 	1.82954 	0
45.377 	0.0724743 	-0.0883447 	1.82954 	0
45.4471 	0.0724743 	-0.0883447 	1.82954 	0
45.5172 	0.0724743 	-0.0883447 	1.82954 	0
45.5874 	0.0724743 	-0.0883447 	1.82954 	0
45.6575 	0.0730171 	-0.0789069 	1.83094 	0
45.7276 	0.0730171 	-0.0789069 	1.83094 	0
45.7978 	0.0730171 	-0.0789069 	1.83094 	0
45.8679 	0.0730171 	-0.0789069 	1.83094 	0
45.938 	0.0730171 	-0.0789069 	1.83094 	0
46.0082 	0.0730171 	-0.0789069 	1.83094 	0
46.0783 	0.0730171 	-0.0789069 	1.83094 	0
46.1484 	0.0730171 	-0.0789069 	1.83094 	0
46.2186 	0.0730171 	-0.0789069 	1.83094 	0
46.2887 	0.0731855 	-0.0704921 	1.8321 	0
46.3588 	0.0731855 	-0.0704921 	1.8321 	0
46.429 	0.0731855 	-0.0704921 	1.8321 	0
46.4991 	0.0731855 	-0.0704921 	1.8321 	0
46.5692 	0.0731855 	-0.0704921 	1.8321 	0
46.6394 	0.0731855 	-0.0704921 	1.8321 	0
46.7095 	0.0731855 	-0.0704921 	1.8321 	0
46.7796 	0.0856099 	-0.0710371 	1.84345 	0
46.8498 	0.0856099 	-0.0710371 	1.84345 	0
46.9199 	0.083788 	-0.0633675 	1.84292 	0
46.99 	0.083788 	-0.0633675 	1.84292 	0
47.0602 	0.083788 	-0.0633675 	1.84292 	0
47.1303 	0.083788 	-0.0633675 	1.84292 	0
47.2004 	0.083788 	-0.0633675 	1.84292 	0
47.2706 	0.083788 	-0.0633675 	1.84292 	0
47.3407 	0.083788 	-0.0633675 	1.84292 	0
47.4108 	0.083788 	-0.0633675 	1.84292 	0
47.481 	0.083788 	-0.0633675 	1.84292 	0
47.5511 	0.0818402 	-0.0565086 	1.84243 	0
47.6213 	0.0818402 	-0.0565086 	1.84243 	0
47.6914 	0.0818402 	-0.0565086 	1.84243 	0
47.7615 	0.0818402 	-0.0565086 	1.84243 	0
47.8317 	0.0818402 	-0.0565086 	1.84243 	0
47.9018 	0.0818402 	-0.0565086 	1.84243 	0
47.9719 	0.0818402 	-0.0565086 	1.84243 	0
48.0421 	0.0818402 	-0.0565086 	1.84243 	0
48.1122 	0.0818402 	-0.0565086 	1.84243 	0
48.1823 	0.0797195 	-0.0503586 	1.84203 	0
48.2525 	0.0797195 	-0.0503586 	1.84203 	0
48.3226 	0.0797195 	-0.0503586 	1.84203 	0
48.3927 	0.0797195 	-0.0503586 	1.84203 	0
48.4629 	0.0797195 	-0.0503586 	1.84203 	0
48.533 	0.0797195 	-0.0503586 	1.84203 	0
48.6031 	0.0797195 	-0.0503586 	1.84203 	0
48.6733 	0.0797195 	-0.0503586 	1.84203 	0
48.7434 	0.0774763 	-0.0448723 	1.8417 	0
48.8135 	0.0774763 	-0.0448723 	1.8417 	0
48.8837 	0.0774763 	-0.0448723 	1.8417 	0
48.9538 	0.0774763 	-0.0448723 	1.8417 	0
49.0239 	0.0774763 	-0.0448723 	1.8417 	0
49.0941 	0.0774763 	-0.0448723 	1.8417 	0
49.1642 	0.0774763 	-0.0448723 	1.8417 	0
49.2343 	0.0774763 	-0.0448723 	1.8417 	0
49.3045 	0.0774763 	-0.0448723 	1.8417 	0
49.3746 	0.0752211 	-0.0400077 	1.84133 	0
49.4447 	0.0752211 	-0.0400077 	1.84133 	0
49.5149 	0.0752211 	-0.0400077 	1.84133 	0
49.585 	0.0752211 	-0.0400077 	1.84133 	0
49.6551 	0.0752211 	-0.0400077 	1.84133 	0
49.7253 	0.0752211 	-0.0400077 	1.84133 	0
49.7954 	0.0752211 	-0.0400077 	1.84133 	0
49.8656 	0.0752211 	-0.0400077 	1.84133 	0
49.9357 	0.0752211 	-0.0400077 	1.84133 	0
50.0058 	0.0729861 	-0.0356971 	1.84095 	0
50.076 	0.0729861 	-0.0356971 	1.84095 	0
50.1461 	0.0729861 	-0.0356971 	1.84095 	0
50.2162 	0.0729861 	-0.0356971 	1.84095 	0
50.2864 	0.0729861 	-0.0356971 	1.84095 	0
50.3565 	0.0729861 	-0.0356971 	1.84095 	0
50.4266 	0.0729861 	-0.0356971 	1.84095 	0
50.4968 	0.0729861 	-0.0356971 	1.84095 	0
50.5669 	0.0729861 	-0.0356971 	1.84095 	0
50.637 	0.0707179 	-0.0318614 	1.84059 	0
50.7072 	0.0707179 	-0.0318614 	1.84059 	0
50.7773 	0.0707179 	-0.0318614 	1.84059 	0
50.8474 	0.0707179 	-0.0318614 	1.84059 	0
50.9176 	0.0707179 	-0.0318614 	1.84059 	0
50.9877 	0.0707179 	-0.0318614 	1.84059 	0
51.0578 	0.0707179 	-0.0318614 	1.84059 	0
51.128 	0.0707179 	-0.0318614 	1.84059 	0
51.1981 	0.0707179 	-0.0318614 	1.84059 	0
51.2682 	0.0683807 	-0.0284305 	1.84029 	0
51.3384 	0.0683807 	-0.0284305 	1.84029 	0
51.4085 	0.0683807 	-0.0284305 	1.84029 	0
51.4786 	0.0683807 	-0.0284305 	1.84029 	0
51.5488 	0.0683807 	-0.0284305 	1.84029 	0
51.6189 	0.0683807 	-0.0284305 	1.84029 	0
51.689 	0.0683807 	-0.0284305 	1.84029 	0
51.7592 	0.0683807 	-0.0284305 	1.84029 	0
51.8293 	0.0660045 	-0.0253714 	1.84003 	0
51.8994 	0.0660045 	-0.0253714 	1.84003 	0
51.9696 	0.0660045 	-0.0253714 	1.84003 	0
52.0397 	0.0660045 	-0.0253714 	1.84003 	0
52.1099 	0.0660045 	-0.0253714 	1.84003 	0
52.18 	0.0660045 	-0.0253714 	1.84003 	0
52.2501 	0.0660045 	-0.0253714 	1.84003 	0
52.3203 	0.0660045 	-0.0253714 	1.84003 	0
52.3904 	0.0660045 	-0.0253714 	1.84003 	0
52.4605 	0.06363 	-0.0226425 	1.83976 	0
52.5307 	0.06363 	-0.0226425 	1.83976 	0
52.6008 	0.06363 	-0.0226425 	1.83976 	0
52.6709 	0.06363 	-0.0226425 	1.83976 	0
52.7411 	0.06363 	-0.0226425 	1.83976 	0
52.8112 	0.06363 	-0.0226425 	1.83976 	0
52.8813 	0.06363 	-0.0226425 	1.83976 	0
52.9515 	0.06363 	-0.0226425 	1.83976 	0
53.0216 	0.06363 	-0.0226425 	1.83976 	0
53.0917 	0.0612576 	-0.0202114 	1.83952 	0
53.1619 	0.0612576 	-0.0202114 	1.83952 	0
53.232 	0.0612576 	-0.0202114 	1.83952 	0
53.3021 	0.0612576 	-0.0202114 	1.83952 	0
53.3723 	0.0612576 	-0.0202114 	1.83952 	0
53.4424 	0.0612576 	-0.0202114 	1.83952 	0
53.5125 	0.0612576 	-0.0202114 	1.83952 	0
53.5827 	0.0612576 	-0.0202114 	1.83952 	0
53.6528 	0.0612576 	-0.0202114 	1.83952 	0
53.7229 	0.0588741 	-0.0180463 	1.83929 	0
53.7931 	0.0588741 	-0.0180463 	1.83929 	0
53.8632 	0.0588741 	-0.0180463 	1.83929 	0
53.9333 	0.0588741 	-0.0180463 	1.83929 	0
54.0035 	0.0588741 	-0.0180463 	1.83929 	0
54.0736 	0.0588741 	-0.0180463 	1.83929 	0
54.1437 	0.0588741 	-0.0180463 	1.83929 	0
54.2139 	0.0588741 	-0.0180463 	1.83929 	0
54.284 	0.0564762 	-0.0161159 	1.8391 	0
54.3542 	0.0564762 	-0.0161159 	1.8391 	0
54.4243 	0.0564762 	-0.0161159 	1.8391 	0
54.4944 	0.0564762 	-0.0161159 	1.8391 	0
54.5646 	0.0564762 	-0.0161159 	1.8391 	0
54.6347 	0.0564762 	-0.0161159 	1.8391 	0
54.7048 	0.0564762 	-0.0161159 	1.8391 	0
54.775 	0.0564762 	-0.0161159 	1.8391 	0
54.8451 	0.0564762 	-0.0161159 	1.8391 	0
54.9152 	0.0540717 	-0.0143983 	1.83892 	0
54.9854 	0.0540717 	-0.0143983 	1.83892 	0
55.0555 	0.0540717 	-0.0143983 	1.83892 	0
55.1256 	0.0540717 	-0.0143983 	1.83892 	0
55.1958 	0.0540717 	-0.0143983 	1.83892 	0
55.2659 	0.0540717 	-0.0143983 	1.83892 	0
55.336 	0.0540717 	-0.0143983 	1.83892 	0
55.4062 	0.0540717 	-0.0143983 	1.83892 	0
55.4763 	0.0540717 	-0.0143983 	1.83892 	0
55.5464 	0.0516661 	-0.0128605 	1.83875 	0
55.6166 	0.0516661 	-0.0128605 	1.83875 	0
55.6867 	0.0516661 	-0.0128605 	1.83875 	0
55.7568 	0.0516661 	-0.0128605 	1.83875 	0
55.827 	0.0516661 	-0.0128605 	1.83875 	0
55.8971 	0.0516661 	-0.0128605 	1.83875 	0
55.9672 	0.0516661 	-0.0128605 	1.83875 	0
56.0374 	0.0516661 	-0.0128605 	1.83875 	0
56.1075 	0.0516661 	-0.0128605 	1.83875 	0
56.1776 	0.0492586 	-0.011481 	1.8386 	0
56.2478 	0.0492586 	-0.011481 	1.8386 	0
56.3179 	0.0492586 	-0.011481 	1.8386 	0
56.3881 	0.0492586 	-0.011481 	1.8386 	0
56.4582 	0.0492586 	-0.011481 	1.8386 	0
56.5283 	0.0492586 	-0.011481 	1.8386 	0
56.5985 	0.0492586 	-0.011481 	1.8386 	0
56.6686 	0.0492586 	-0.011481 	1.8386 	0
56.7387 	0.0492586 	-0.011481 	1.8386 	0
56.8089 	0.0468509 	-0.0102413 	1.83846 	0
56.879 	0.0468509 	-0.0102413 	1.83846 	0
56.9491 	0.0468509 	-0.0102413 	1.83846 	0
57.0193 	0.0468509 	-0.0102413 	1.83846 	0
57.0894 	0.0468509 	-0.0102413 	1.83846 	0
57.1595 	0.0468509 	-0.0102413 	1.83846 	0
57.2297 	0.0468509 	-0.0102413 	1.83846 	0
57.2998 	0.0468509 	-0.0102413 	1.83846 	0
57.3699 	0.0444427 	-0.00912178 	1.83834 	0
57.4401 	0.0444427 	-0.00912178 	1.83834 	0
57.5102 	0.0444427 	-0.00912178 	1.83834 	0
57.5803 	0.0444427 	-0.00912178 	1.83834 	0
57.6505 	0.0444427 	-0.00912178 	1.83834 	0
57.7206 	0.0444427 	-0.00912178 	1.83834 	0
57.7907 	0.0444427 	-0.00912178 	1.83834 	0
57.8609 	0.0444427 	-0.00912178 	1.83834 	0
57.931 	0.0444427 	-0.00912178 	1.83834 	0
58.0011 	0.0420338 	-0.00811709 	1.83822 	0
58.0713 	0.0420338 	-0.00811709 	1.83822 	0
58.1414 	0.0420338 	-0.00811709 	1.83822 	0
58.2115 	0.0420338 	-0.00811709 	1.83822 	0
58.2817 	0.0420338 	-0.00811709 	1.83822 	0
58.3518 	0.0420338 	-0.00811709 	1.83822 	0
58.4219 	0.0420338 	-0.00811709 	1.83822 	0
58.4921 	0.0420338 	-0.00811709 	1.83822 	0
58.5622 	0.0420338 	-0.00811709 	1.83822 	0
58.6324 	0.0396252 	-0.00721196 	1.83812 	0
58.7025 	0.0396252 	-0.00721196 	1.83812 	0
58.7726 	0.0396252 	-0.00721196 	1.83812 	0
58.8428 	0.0396252 	-0.00721196 	1.83812 	0
58.9129 	0.0396252 	-0.00721196 	1.83812 	0
58.983 	0.0396252 	-0.00721196 	1.83812 	0
59.0532 	0.0396252 	-0.00721196 	1.83812 	0
59.1233 	0.0396252 	-0.00721196 	1.83812 	0
59.1934 	0.0396252 	-0.00721196 	1.83812 	0
59.2636 	0.0372167 	-0.00640274 	1.83803 	0
59.3337 	0.0372167 	-0.00640274 	1.83803 	0
59.4038 	0.0372167 	-0.00640274 	1.83803 	0
59.474 	0.0372167 	-0.00640274 	1.83803 	0
59.5441 	0.0372167 	-0.00640274 	1.83803 	0
59.6142 	0.0372167 	-0.00640274 	1.83803 	0
59.6844 	0.0372167 	-0.00640274 	1.83803 	0
59.7545 	0.0372167 	-0.00640274 	1.83803 	0
59.8246 	0.0348091 	-0.00567394 	1.83795 	0
59.8948 	0.0348091 	-0.00567394 	1.83795 	0
59.9649 	0.0348091 	-0.00567394 	1.83795 	0
60.035 	0.0348091 	-0.00567394 	1.83795 	0
60.1052 	0.0348091 	-0.00567394 	1.83795 	0
60.1753 	0.0348091 	-0.00567394 	1.83795 	0
60.2454 	0.0348091 	-0.00567394 	1.83795 	0
60.3156 	0.0348091 	-0.00567394 	1.83795 	0
60.3857 	0.0348091 	-0.00567394 	1.83795 	0
60.4558 	0.0324032 	-0.00503266 	1.83787 	0
60.526 	0.0324032 	-0.00503266 	1.83787 	0
60.5961 	0.0324032 	-0.00503266 	1.83787 	0
60.6662 	0.0324032 	-0.00503266 	1.83787 	0
60.7364 	0.0324032 	-0.00503266 	1.83787 	0
60.8065 	0.0324032 	-0.00503266 	1.83787 	0
60.8767 	0.0324032 	-0.00503266 	1.83787 	0
60.9468 	0.0324032 	-0.00503266 	1.83787 	0
61.0169 	0.0324032 	-0.00503266 	1.83787 	0
61.0871 	0.0299989 	-0.0044478 	1.83781 	0
61.1572 	0.0299989 	-0.0044478 	1.83781 	0
61.2273 	0.0299989 	-0.0044478 	1.83781 	0
61.2975 	0.0299989 	-0.0044478 	1.83781 	0
61.3676 	0.0299989 	-0.0044478 	1.83781 	0
61.4377 	0.0299989 	-0.0044478 	1.83781 	0
61.5079 	0.0299989 	-0.0044478 	1.83781 	0
61.578 	0.0299989 	-0.0044478 	1.83781 	0
61.6481 	0.0299989 	-0.0044478 	1.83781 	0
61.7183 	0.0275951 	-0.00394532 	1.83776 	0
61.7884 	0.0275951 	-0.00394532 	1.83776 	0
61.8585 	0.0275951 	-0.00394532 	1.83776 	0
61.9287 	0.0275951 	-0.00394532 	1.83776 	0
61.9988 	0.0275951 	-0.00394532 	1.83776 	0
62.0689 	0.0275951 	-0.00394532 	1.83776 	0
62.1391 	0.0275951 	-0.00394532 	1.83776 	0
62.2092 	0.0275951 	-0.00394532 	1.83776 	0
62.2793 	0.0275951 	-0.00394532 	1.83776 	0
62.3495 	0.0251912 	-0.00347515 	1.83771 	0
62.4196 	0.0251912 	-0.00347515 	1.83771 	0
62.4897 	0.0251912 	-0.00347515 	1.83771 	0
62.5599 	0.0251912 	-0.00347515 	1.83771 	0
62.63 	0.0251912 	-0.00347515 	1.83771 	0
62.7001 	0.0251912 	-0.00347515 	1.83771 	0
62.7703 	0.0251912 	-0.00347515 	1.83771 	0
62.8404 	0.0251912 	-0.00347515 	1.83771 	0
62.9105 	0.0227887 	-0.00308319 	1.83767 	0
62.9807 	0.0227887 	-0.00308319 	1.83767 	0
63.0508 	0.0227887 	-0.00308319 	1.83767 	0
63.121 	0.0227887 	-0.00308319 	1.83767 	0
63.1911 	0.0227887 	-0.00308319 	1.83767 	0
63.2612 	0.0227887 	-0.00308319 	1.83767 	0
63.3314 	0.0227887 	-0.00308319 	1.83767 	0
63.4015 	0.0227887 	-0.00308319 	1.83767 	0
63.4716 	0.0227887 	-0.00308319 	1.83767 	0
63.5418 	0.020388 	-0.00270098 	1.83763 	0
63.6119 	0.020388 	-0.00270098 	1.83763 	0
63.682 	0.020388 	-0.00270098 	1.83763 	0
63.7522 	0.020388 	-0.00270098 	1.83763 	0
63.8223 	0.020388 	-0.00270098 	1.83763 	0
63.8924 	0.020388 	-0.00270098 	1.83763 	0
63.9626 	0.020388 	-0.00270098 	1.83763 	0
64.0327 	0.020388 	-0.00270098 	1.83763 	0
64.1028 	0.020388 	-0.00270098 	1.83763 	0
64.173 	0.0179882 	-0.00239939 	1.8376 	0
64.2431 	0.0179882 	-0.00239939 	1.8376 	0
64.3132 	0.0179882 	-0.00239939 	1.8376 	0
64.3834 	0.0179882 	-0.00239939 	1.8376 	0
64.4535 	0.0179882 	-0.00239939 	1.8376 	0
64.5236 	0.0179882 	-0.00239939 	1.8376 	0
64.5938 	0.0179882 	-0.00239939 	1.8376 	0
64.6639 	0.0179882 	-0.00239939 	1.8376 	0
64.734 	0.0179882 	-0.00239939 	1.8376 	0
64.8042 	0.0155887 	-0.00208266 	1.83757 	0
64.8743 	0.0155887 	-0.00208266 	1.83757 	0
64.9444 	0.0155887 	-0.00208266 	1.83757 	0
65.0146 	0.0155887 	-0.00208266 	1.83757 	0
65.0847 	0.0155887 	-0.00208266 	1.83757 	0
65.1548 	0.0155887 	-0.00208266 	1.83757 	0
65.225 	0.0155887 	-0.00208266 	1.83757 	0
65.2951 	0.0156627 	-0.00202471 	1.83792 	0
65.3653 	0.0156627 	-0.00202471 	1.83792 	0
65.4354 	0.013248 	-0.00180291 	1.83786 	0
65.5055 	0.013248 	-0.00180291 	1.83786 	0
65.5757 	0.013248 	-0.00180291 	1.83786 	0
65.6458 	0.013248 	-0.00180291 	1.83786 	0
65.7159 	0.013248 	-0.00180291 	1.83786 	0
65.7861 	0.013248 	-0.00180291 	1.83786 	0
65.8562 	0.013248 	-0.00180291 	1.83786 	0
65.9263 	0.013248 	-0.00180291 	1.83786 	0
65.9965 	0.0108362 	-0.00153832 	1.83781 	0
66.0666 	0.0108362 	-0.00153832 	1.83781 	0
66.1367 	0.0108362 	-0.00153832 	1.83781 	0
66.2069 	0.0108362 	-0.00153832 	1.83781 	0
66.277 	0.0108362 	-0.00153832 	1.83781 	0
66.3471 	0.0108362 	-0.00153832 	1.83781 	0
66.4173 	0.0108362 	-0.00153832 	1.83781 	0
66.4874 	0.0108362 	-0.00153832 	1.83781 	0
66.5575 	0.0108362 	-0.00153832 	1.83781 	0
66.6277 	0.00842827 	-0.00137614 	1.83777 	0
66.6978 	0.00842827 	-0.00137614 	1.83777 	0
66.7679 	0.00842827 	-0.00137614 	1.83777 	0
66.8381 	0.00842827 	-0.00137614 	1.83777 	0
66.9082 	0.00842827 	-0.00137614 	1.83777 	0
66.9783 	0.00842827 	-0.00137614 	1.83777 	0
67.0485 	0.00842827 	-0.00137614 	1.83777 	0
67.1186 	0.00842827 	-0.00137614 	1.83777 	0
67.1887 	0.00842827 	-0.00137614 	1.83777 	0
67.2589 	0.00602078 	-0.00113914 	1.83773 	0
67.329 	0.00602078 	-0.00113914 	1.83773 	0
67.3991 	0.00602078 	-0.00113914 	1.83773 	0
67.4693 	0.00602078 	-0.00113914 	1.83773 	0
67.5394 	0.00602078 	-0.00113914 	1.83773 	0
67.6096 	0.00602078 	-0.00113914 	1.83773 	0
67.6797 	0.00602078 	-0.00113914 	1.83773 	0
67.7498 	0.00602078 	-0.00113914 	1.83773 	0
67.82 	0.00602078 	-0.00113914 	1.83773 	0
67.8901 	0.00361207 	-0.00102725 	1.8377 	0
67.9602 	0.00361207 	-0.00102725 	1.8377 	0
68.0304 	0.00361207 	-0.00102725 	1.8377 	0
68.1005 	0.00361207 	-0.00102725 	1.8377 	0
68.1706 	0.00361207 	-0.00102725 	1.8377 	0
68.2408 	0.00361207 	-0.00102725 	1.8377 	0
68.3109 	0.00361207 	-0.00102725 	1.8377 	0
68.381 	0.00361207 	-0.00102725 	1.8377 	0
68.4512 	0.00120249 	-0.000771319 	1.83767 	0
68.5213 	0.00120249 	-0.000771319 	1.83767 	0
68.5914 	0.00120249 	-0.000771319 	1.83767 	0
68.6616 	0.00120249 	-0.000771319 	1.83767 	0
68.7317 	0.00120249 	-0.000771319 	1.83767 	0
68.8018 	0.00120249 	-0.000771319 	1.83767 	0
68.872 	0.00120249 	-0.000771319 	1.83767 	0
68.9421 	0.00120249 	-0.000771319 	1.83767 	0
69.0122 	0.00120249 	-0.000771319 	1.83767 	0
