0.490941 	2.19966 	0.00436482 	3.00034 	-3.11852e-20
0.561075 	2.19966 	0.00436482 	3.00034 	-3.11852e-20
0.63121 	2.19966 	0.00436482 	3.00034 	-3.11852e-20
0.701344 	2.19966 	0.00436482 	3.00034 	-3.11852e-20
0.771478 	2.19966 	0.00436482 	3.00034 	-3.11852e-20
0.841613 	2.19966 	0.00436482 	3.00034 	-3.11852e-20
0.911747 	2.17464 	0.0144711 	3.008 	-7.19258e-20
0.981881 	2.17464 	0.0144711 	3.008 	-7.19258e-20
1.05202 	2.17464 	0.0144711 	3.008 	-7.19258e-20
1.12215 	2.17464 	0.0144711 	3.008 	-7.19258e-20
1.19228 	2.17464 	0.0144711 	3.008 	-7.19258e-20
1.26242 	2.17464 	0.0144711 	3.008 	-7.19258e-20
1.33255 	2.13068 	0.0193223 	3.02332 	7.18764e-20
1.40269 	2.13068 	0.0193223 	3.02332 	7.18764e-20
1.47282 	2.13068 	0.0193223 	3.02332 	7.18764e-20
1.54296 	2.13068 	0.0193223 	3.02332 	7.18764e-20
1.61309 	2.13068 	0.0193223 	3.02332 	7.18764e-20
1.68323 	2.13068 	0.0193223 	3.02332 	7.18764e-20
1.75336 	2.07034 	0.0246972 	3.04251 	3.44876e-20
1.82349 	2.07034 	0.0246972 	3.04251 	3.44876e-20
1.89363 	2.07034 	0.0246972 	3.04251 	3.44876e-20
1.96376 	2.07034 	0.0246972 	3.04251 	3.44876e-20
2.0339 	2.07034 	0.0246972 	3.04251 	3.44876e-20
2.10403 	2.07034 	0.0246972 	3.04251 	3.44876e-20
2.17417 	1.99906 	0.0242436 	3.06669 	0
2.2443 	1.99906 	0.0242436 	3.06669 	0
2.31443 	1.99906 	0.0242436 	3.06669 	0
2.38457 	1.99906 	0.0242436 	3.06669 	0
2.4547 	1.99906 	0.0242436 	3.06669 	0
2.52484 	1.99906 	0.0242436 	3.06669 	0
2.59497 	1.92272 	0.0256092 	3.09072 	-1.57646e-19
2.66511 	1.92272 	0.0256092 	3.09072 	-1.57646e-19
2.73524 	1.92272 	0.0256092 	3.09072 	-1.57646e-19
2.80538 	1.92272 	0.0256092 	3.09072 	-1.57646e-19
2.87551 	1.92272 	0.0256092 	3.09072 	-1.57646e-19
2.94564 	1.92272 	0.0256092 	3.09072 	-1.57646e-19
3.01578 	1.84638 	0.0233359 	3.11627 	1.25513e-19
3.08591 	1.84638 	0.0233359 	3.11627 	1.25513e-19
3.15605 	1.84638 	0.0233359 	3.11627 	1.25513e-19
3.22618 	1.84638 	0.0233359 	3.11627 	1.25513e-19
3.29632 	1.84638 	0.0233359 	3.11627 	1.25513e-19
3.36645 	1.84638 	0.0233359 	3.11627 	1.25513e-19
3.43659 	1.77189 	0.0249164 	3.13925 	-2.31005e-19
3.50672 	1.77189 	0.0249164 	3.13925 	-2.31005e-19
3.57685 	1.77189 	0.0249164 	3.13925 	-2.31005e-19
3.64699 	1.77189 	0.0249164 	3.13925 	-2.31005e-19
3.71712 	1.77189 	0.0249164 	3.13925 	-2.31005e-19
3.78726 	1.764 	0.0140959 	3.13806 	-2.56527e-19
3.85739 	1.6908 	0.0119418 	3.16281 	4.73118e-19
3.92753 	1.6908 	0.0119418 	3.16281 	4.73118e-19
3.99766 	1.6908 	0.0119418 	3.16281 	4.73118e-19
4.06779 	1.6908 	0.0119418 	3.16281 	4.73118e-19
4.13793 	1.6908 	0.0119418 	3.16281 	4.73118e-19
4.20806 	1.6908 	0.0119418 	3.16281 	4.73118e-19
4.2782 	1.61958 	0.0142771 	3.18379 	-2.71213e-19
4.34833 	1.61958 	0.0142771 	3.18379 	-2.71213e-19
4.41847 	1.61958 	0.0142771 	3.18379 	-2.71213e-19
4.4886 	1.61958 	0.0142771 	3.18379 	-2.71213e-19
4.55874 	1.61958 	0.0142771 	3.18379 	-2.71213e-19
4.62887 	1.61958 	0.0142771 	3.18379 	-2.71213e-19
4.699 	1.61958 	0.0142771 	3.18379 	-2.71213e-19
4.76914 	1.55016 	0.011892 	3.20716 	-1.99611e-19
4.83927 	1.55016 	0.011892 	3.20716 	-1.99611e-19
4.90941 	1.55016 	0.011892 	3.20716 	-1.99611e-19
4.97954 	1.55016 	0.011892 	3.20716 	-1.99611e-19
5.04968 	1.55016 	0.011892 	3.20716 	-1.99611e-19
5.11981 	1.55016 	0.011892 	3.20716 	-1.99611e-19
5.18994 	1.48244 	0.0139855 	3.22662 	1.75234e-19
5.26008 	1.48244 	0.0139855 	3.22662 	1.75234e-19
5.33021 	1.48244 	0.0139855 	3.22662 	1.75234e-19
5.40035 	1.48244 	0.0139855 	3.22662 	1.75234e-19
5.47048 	1.48244 	0.0139855 	3.22662 	1.75234e-19
5.54062 	1.48244 	0.0139855 	3.22662 	1.75234e-19
5.61075 	1.41733 	0.011295 	3.24851 	-3.41498e-19
5.68089 	1.41733 	0.011295 	3.24851 	-3.41498e-19
5.75102 	1.41733 	0.011295 	3.24851 	-3.41498e-19
5.82115 	1.41733 	0.011295 	3.24851 	-3.41498e-19
5.89129 	1.41733 	0.011295 	3.24851 	-3.41498e-19
5.96142 	1.41733 	0.011295 	3.24851 	-3.41498e-19
6.03156 	1.35539 	0.0135675 	3.26579 	3.64496e-19
6.10169 	1.35539 	0.0135675 	3.26579 	3.64496e-19
6.17183 	1.35539 	0.0135675 	3.26579 	3.64496e-19
6.24196 	1.35539 	0.0135675 	3.26579 	3.64496e-19
6.3121 	1.35539 	0.0135675 	3.26579 	3.64496e-19
6.38223 	1.35539 	0.0135675 	3.26579 	3.64496e-19
6.45236 	1.29747 	0.0110724 	3.28541 	2.12293e-20
6.5225 	1.29747 	0.0110724 	3.28541 	2.12293e-20
6.59263 	1.29747 	0.0110724 	3.28541 	2.12293e-20
6.66277 	1.29747 	0.0110724 	3.28541 	2.12293e-20
6.7329 	1.29747 	0.0110724 	3.28541 	2.12293e-20
6.80304 	1.29747 	0.0110724 	3.28541 	2.12293e-20
6.87317 	1.24362 	0.0139223 	3.29985 	-2.03356e-20
6.9433 	1.24362 	0.0139223 	3.29985 	-2.03356e-20
7.01344 	1.24362 	0.0139223 	3.29985 	-2.03356e-20
7.08357 	1.24362 	0.0139223 	3.29985 	-2.03356e-20
7.15371 	1.24362 	0.0139223 	3.29985 	-2.03356e-20
7.22384 	1.24362 	0.0139223 	3.29985 	-2.03356e-20
7.29398 	1.19405 	0.0117855 	3.31695 	0
7.36411 	1.19405 	0.0117855 	3.31695 	0
7.43425 	1.19405 	0.0117855 	3.31695 	0
7.50438 	1.19405 	0.0117855 	3.31695 	0
7.57451 	1.19405 	0.0117855 	3.31695 	0
7.64465 	1.19405 	0.0117855 	3.31695 	0
7.71478 	1.19405 	0.0117855 	3.31695 	0
7.78492 	1.14822 	0.0152627 	3.32864 	0
7.85505 	1.14822 	0.0152627 	3.32864 	0
7.92519 	1.14822 	0.0152627 	3.32864 	0
7.99532 	1.14822 	0.0152627 	3.32864 	0
8.06545 	1.14822 	0.0152627 	3.32864 	0
8.13559 	1.14822 	0.0152627 	3.32864 	0
8.20572 	1.10597 	0.0134781 	3.34364 	0
8.27586 	1.10597 	0.0134781 	3.34364 	0
8.34599 	1.10597 	0.0134781 	3.34364 	0
8.41613 	1.10597 	0.0134781 	3.34364 	0
8.48626 	1.10597 	0.0134781 	3.34364 	0
8.5564 	1.10597 	0.0134781 	3.34364 	0
8.62653 	1.06659 	0.0177234 	3.35306 	2.16608e-22
8.69666 	1.06659 	0.0177234 	3.35306 	2.16608e-22
8.7668 	1.06659 	0.0177234 	3.35306 	2.16608e-22
8.83693 	1.06659 	0.0177234 	3.35306 	2.16608e-22
8.90707 	1.06659 	0.0177234 	3.35306 	2.16608e-22
8.9772 	1.06659 	0.0177234 	3.35306 	2.16608e-22
9.04734 	1.02989 	0.0164716 	3.36656 	-2.49114e-19
9.11747 	1.02989 	0.0164716 	3.36656 	-2.49114e-19
9.18761 	1.02989 	0.0164716 	3.36656 	-2.49114e-19
9.25774 	1.01561 	0.0124471 	3.3691 	-2.597e-20
9.32787 	1.01561 	0.0124471 	3.3691 	-2.597e-20
9.39801 	1.01561 	0.0124471 	3.3691 	-2.597e-20
9.46814 	1.01561 	0.0124471 	3.3691 	-2.597e-20
9.53828 	0.980073 	0.0188356 	3.37779 	-2.58155e-19
9.60841 	0.980073 	0.0188356 	3.37779 	-2.58155e-19
9.67855 	0.980073 	0.0188356 	3.37779 	-2.58155e-19
9.74868 	0.980073 	0.0188356 	3.37779 	-2.58155e-19
9.81881 	0.980073 	0.0188356 	3.37779 	-2.58155e-19
9.88895 	0.980073 	0.0188356 	3.37779 	-2.58155e-19
9.95908 	0.946124 	0.0185801 	3.38989 	-1.54276e-20
10.0292 	0.946124 	0.0185801 	3.38989 	-1.54276e-20
10.0994 	0.946124 	0.0185801 	3.38989 	-1.54276e-20
10.1695 	0.946124 	0.0185801 	3.38989 	-1.54276e-20
10.2396 	0.946124 	0.0185801 	3.38989 	-1.54276e-20
10.3098 	0.946124 	0.0185801 	3.38989 	-1.54276e-20
10.3799 	0.913223 	0.0268846 	3.3975 	2.3197e-19
10.45 	0.913223 	0.0268846 	3.3975 	2.3197e-19
10.5202 	0.913223 	0.0268846 	3.3975 	2.3197e-19
10.5903 	0.913223 	0.0268846 	3.3975 	2.3197e-19
10.6604 	0.913223 	0.0268846 	3.3975 	2.3197e-19
10.7306 	0.913223 	0.0268846 	3.3975 	2.3197e-19
10.8007 	0.88122 	0.0284011 	3.40919 	-2.46339e-19
10.8708 	0.88122 	0.0284011 	3.40919 	-2.46339e-19
10.941 	0.88122 	0.0284011 	3.40919 	-2.46339e-19
11.0111 	0.88122 	0.0284011 	3.40919 	-2.46339e-19
11.0812 	0.88122 	0.0284011 	3.40919 	-2.46339e-19
11.1514 	0.88122 	0.0284011 	3.40919 	-2.46339e-19
11.2215 	0.88122 	0.0284011 	3.40919 	-2.46339e-19
11.2916 	0.849507 	0.0398097 	3.41609 	-4.30618e-19
11.3618 	0.849507 	0.0398097 	3.41609 	-4.30618e-19
11.4319 	0.849507 	0.0398097 	3.41609 	-4.30618e-19
11.502 	0.849507 	0.0398097 	3.41609 	-4.30618e-19
11.5722 	0.849507 	0.0398097 	3.41609 	-4.30618e-19
11.6423 	0.849507 	0.0398097 	3.41609 	-4.30618e-19
11.7124 	0.817688 	0.0443666 	3.42789 	4.16638e-19
11.7826 	0.817688 	0.0443666 	3.42789 	4.16638e-19
11.8527 	0.817688 	0.0443666 	3.42789 	4.16638e-19
11.9228 	0.817688 	0.0443666 	3.42789 	4.16638e-19
11.993 	0.817688 	0.0443666 	3.42789 	4.16638e-19
12.0631 	0.817688 	0.0443666 	3.42789 	4.16638e-19
12.1332 	0.784782 	0.0607722 	3.43481 	0
12.2034 	0.784782 	0.0607722 	3.43481 	0
12.2735 	0.784782 	0.0607722 	3.43481 	0
12.3437 	0.784782 	0.0607722 	3.43481 	0
12.4138 	0.784782 	0.0607722 	3.43481 	0
12.4839 	0.784782 	0.0607722 	3.43481 	0
12.5541 	0.784782 	0.0607722 	3.43481 	0
12.6242 	0.750069 	0.0694703 	3.44738 	-1.17221e-20
12.6943 	0.750069 	0.0694703 	3.44738 	-1.17221e-20
12.7645 	0.750069 	0.0694703 	3.44738 	-1.17221e-20
12.8346 	0.750069 	0.0694703 	3.44738 	-1.17221e-20
12.9047 	0.750069 	0.0694703 	3.44738 	-1.17221e-20
12.9749 	0.750069 	0.0694703 	3.44738 	-1.17221e-20
13.045 	0.712558 	0.0930919 	3.45529 	1.18049e-20
13.1151 	0.712558 	0.0930919 	3.45529 	1.18049e-20
13.1853 	0.712558 	0.0930919 	3.45529 	1.18049e-20
13.2554 	0.712558 	0.0930919 	3.45529 	1.18049e-20
13.3255 	0.712558 	0.0930919 	3.45529 	1.18049e-20
13.3957 	0.712558 	0.0930919 	3.45529 	1.18049e-20
13.4658 	0.712558 	0.0930919 	3.45529 	1.18049e-20
13.5359 	0.672032 	0.106748 	3.46917 	0
13.6061 	0.672032 	0.106748 	3.46917 	0
13.6762 	0.672032 	0.106748 	3.46917 	0
13.7463 	0.672032 	0.106748 	3.46917 	0
13.8165 	0.672032 	0.106748 	3.46917 	0
13.8866 	0.672032 	0.106748 	3.46917 	0
13.9567 	0.62882 	0.152296 	3.48184 	8.23245e-22
14.0269 	0.62882 	0.152296 	3.48184 	8.23245e-22
14.097 	0.62882 	0.152296 	3.48184 	8.23245e-22
14.1671 	0.62882 	0.152296 	3.48184 	8.23245e-22
14.2373 	0.62882 	0.152296 	3.48184 	8.23245e-22
14.3074 	0.62882 	0.152296 	3.48184 	8.23245e-22
14.3776 	0.609301 	0.150727 	3.48592 	1.23185e-19
14.4477 	0.510067 	0.153146 	3.51313 	-1.77237e-20
14.5178 	0.510067 	0.153146 	3.51313 	-1.77237e-20
14.588 	0.510067 	0.153146 	3.51313 	-1.77237e-20
14.6581 	0.52937 	0.166499 	3.5062 	0
14.7282 	0.52937 	0.166499 	3.5062 	0
14.7984 	0.44619 	0.18108 	3.53011 	-1.82265e-19
14.8685 	0.476237 	0.20438 	3.52009 	-1.82908e-19
14.9386 	0.476237 	0.20438 	3.52009 	-1.82908e-19
15.0088 	0.476237 	0.20438 	3.52009 	-1.82908e-19
15.0789 	0.476237 	0.20438 	3.52009 	-1.82908e-19
15.149 	0.513643 	0.221636 	3.50933 	1.81326e-19
15.2192 	0.417812 	0.238581 	3.54384 	1.54972e-19
15.2893 	0.417812 	0.238581 	3.54384 	1.54972e-19
15.3594 	0.417812 	0.238581 	3.54384 	1.54972e-19
15.4296 	0.455075 	0.259373 	3.52315 	-5.20092e-19
15.4997 	0.455075 	0.259373 	3.52315 	-5.20092e-19
15.5698 	0.359896 	0.274633 	3.55189 	2.73565e-19
15.64 	0.359896 	0.274633 	3.55189 	2.73565e-19
15.7101 	0.359896 	0.274633 	3.55189 	2.73565e-19
15.7802 	0.401555 	0.293026 	3.54428 	-4.54866e-19
15.8504 	0.401555 	0.293026 	3.54428 	-4.54866e-19
15.9205 	0.306715 	0.31221 	3.55994 	-1.28419e-19
15.9906 	0.306715 	0.31221 	3.55994 	-1.28419e-19
16.0608 	0.306715 	0.31221 	3.55994 	-1.28419e-19
16.1309 	0.358722 	0.337036 	3.54052 	0
16.201 	0.358722 	0.337036 	3.54052 	0
16.2712 	0.264416 	0.350225 	3.57305 	0
16.3413 	0.264416 	0.350225 	3.57305 	0
16.4114 	0.264416 	0.350225 	3.57305 	0
16.4816 	0.264416 	0.350225 	3.57305 	0
16.5517 	0.333119 	0.366618 	3.55103 	-1.79663e-19
16.6219 	0.244087 	0.400885 	3.57035 	5.48999e-20
16.692 	0.244087 	0.400885 	3.57035 	5.48999e-20
16.7621 	0.244087 	0.400885 	3.57035 	5.48999e-20
16.8323 	0.244087 	0.400885 	3.57035 	5.48999e-20
16.9024 	0.244087 	0.400885 	3.57035 	5.48999e-20
16.9725 	0.250795 	0.441038 	3.56376 	0
17.0427 	0.250795 	0.441038 	3.56376 	0
17.1128 	0.250795 	0.441038 	3.56376 	0
17.1829 	0.250795 	0.441038 	3.56376 	0
17.2531 	0.175126 	0.468609 	3.58245 	0
17.3232 	0.175126 	0.468609 	3.58245 	0
17.3933 	0.175126 	0.468609 	3.58245 	0
17.4635 	0.276922 	0.49381 	3.56389 	1.65451e-19
17.5336 	0.276922 	0.49381 	3.56389 	1.65451e-19
17.6037 	0.210763 	0.513732 	3.57194 	0
17.6739 	0.210763 	0.513732 	3.57194 	0
17.744 	0.210763 	0.513732 	3.57194 	0
17.8141 	0.210763 	0.513732 	3.57194 	0
17.8843 	0.210763 	0.513732 	3.57194 	0
17.9544 	0.253105 	0.569601 	3.56084 	1.40648e-19
18.0245 	0.253105 	0.569601 	3.56084 	1.40648e-19
18.0947 	0.253105 	0.569601 	3.56084 	1.40648e-19
18.1648 	0.253105 	0.569601 	3.56084 	1.40648e-19
18.2349 	0.199004 	0.584203 	3.57126 	-2.07758e-19
18.3051 	0.199004 	0.584203 	3.57126 	-2.07758e-19
18.3752 	0.199004 	0.584203 	3.57126 	-2.07758e-19
18.4453 	0.199004 	0.584203 	3.57126 	-2.07758e-19
18.5155 	0.199004 	0.584203 	3.57126 	-2.07758e-19
18.5856 	0.238425 	0.625023 	3.55284 	-3.00298e-19
18.6557 	0.238425 	0.625023 	3.55284 	-3.00298e-19
18.7259 	0.238425 	0.625023 	3.55284 	-3.00298e-19
18.796 	0.238425 	0.625023 	3.55284 	-3.00298e-19
18.8662 	0.187571 	0.642494 	3.56398 	2.45895e-19
18.9363 	0.187571 	0.642494 	3.56398 	2.45895e-19
19.0064 	0.187571 	0.642494 	3.56398 	2.45895e-19
19.0766 	0.187571 	0.642494 	3.56398 	2.45895e-19
19.1467 	0.187571 	0.642494 	3.56398 	2.45895e-19
19.2168 	0.139465 	0.668105 	3.58097 	3.83854e-20
19.287 	0.230211 	0.665539 	3.5368 	1.72558e-19
19.3571 	0.230211 	0.665539 	3.5368 	1.72558e-19
19.4272 	0.230211 	0.665539 	3.5368 	1.72558e-19
19.4974 	0.230211 	0.665539 	3.5368 	1.72558e-19
19.5675 	0.181019 	0.687117 	3.55146 	2.93162e-20
19.6376 	0.181019 	0.687117 	3.55146 	2.93162e-20
19.7078 	0.181019 	0.687117 	3.55146 	2.93162e-20
19.7779 	0.181019 	0.687117 	3.55146 	2.93162e-20
19.848 	0.181019 	0.687117 	3.55146 	2.93162e-20
19.9182 	0.13363 	0.715857 	3.56987 	-7.14669e-20
19.9883 	0.13363 	0.715857 	3.56987 	-7.14669e-20
20.0584 	0.225968 	0.689981 	3.49924 	0
20.1286 	0.225968 	0.689981 	3.49924 	0
20.1987 	0.225968 	0.689981 	3.49924 	0
20.2688 	0.176429 	0.715515 	3.52647 	5.35081e-20
20.339 	0.176429 	0.715515 	3.52647 	5.35081e-20
20.4091 	0.176429 	0.715515 	3.52647 	5.35081e-20
20.4792 	0.176429 	0.715515 	3.52647 	5.35081e-20
20.5494 	0.176429 	0.715515 	3.52647 	5.35081e-20
20.6195 	0.127866 	0.748684 	3.55198 	-2.79855e-20
20.6896 	0.127866 	0.748684 	3.55198 	-2.79855e-20
20.7598 	0.127866 	0.748684 	3.55198 	-2.79855e-20
20.8299 	0.127866 	0.748684 	3.55198 	-2.79855e-20
20.9 	0.220501 	0.697276 	3.38933 	3.044e-19
20.9702 	0.170744 	0.726282 	3.45056 	1.15791e-19
21.0403 	0.170744 	0.726282 	3.45056 	1.15791e-19
21.1105 	0.170744 	0.726282 	3.45056 	1.15791e-19
21.1806 	0.170744 	0.726282 	3.45056 	1.15791e-19
21.2507 	0.170744 	0.726282 	3.45056 	1.15791e-19
21.3209 	0.123109 	0.762469 	3.4994 	-8.22796e-20
21.391 	0.123109 	0.762469 	3.4994 	-8.22796e-20
21.4611 	0.123109 	0.762469 	3.4994 	-8.22796e-20
21.5313 	0.123109 	0.762469 	3.4994 	-8.22796e-20
21.6014 	0.123109 	0.762469 	3.4994 	-8.22796e-20
21.6715 	0.123109 	0.762469 	3.4994 	-8.22796e-20
21.7417 	0.0791321 	0.785841 	3.52672 	7.704e-21
21.8118 	0.0791321 	0.785841 	3.52672 	7.704e-21
21.8819 	0.0791321 	0.785841 	3.52672 	7.704e-21
21.9521 	0.155729 	0.717092 	3.24614 	4.05672e-20
22.0222 	0.155729 	0.717092 	3.24614 	4.05672e-20
22.0923 	0.118794 	0.75478 	3.34218 	1.05198e-19
22.1625 	0.118794 	0.75478 	3.34218 	1.05198e-19
22.2326 	0.118794 	0.75478 	3.34218 	1.05198e-19
22.3027 	0.118794 	0.75478 	3.34218 	1.05198e-19
22.3729 	0.118794 	0.75478 	3.34218 	1.05198e-19
22.443 	0.118794 	0.75478 	3.34218 	1.05198e-19
22.5131 	0.0776568 	0.784191 	3.41201 	-3.67171e-20
22.5833 	0.0776568 	0.784191 	3.41201 	-3.67171e-20
22.6534 	0.0776568 	0.784191 	3.41201 	-3.67171e-20
22.7235 	0.0776568 	0.784191 	3.41201 	-3.67171e-20
22.7937 	0.0776568 	0.784191 	3.41201 	-3.67171e-20
22.8638 	0.034437 	0.816946 	3.46699 	-4.77991e-20
22.9339 	0.034437 	0.816946 	3.46699 	-4.77991e-20
23.0041 	0.034437 	0.816946 	3.46699 	-4.77991e-20
23.0742 	0.0749601 	0.705891 	2.9054 	8.46316e-20
23.1443 	0.0749601 	0.705891 	2.9054 	8.46316e-20
23.2145 	0.0749601 	0.705891 	2.9054 	8.46316e-20
23.2846 	0.0398497 	0.747052 	3.06622 	2.59354e-21
23.3548 	0.0398497 	0.747052 	3.06622 	2.59354e-21
23.4249 	0.0398497 	0.747052 	3.06622 	2.59354e-21
23.495 	0.0398497 	0.747052 	3.06622 	2.59354e-21
23.5652 	0.0398497 	0.747052 	3.06622 	2.59354e-21
23.6353 	0.0398497 	0.747052 	3.06622 	2.59354e-21
23.7054 	0.0070472 	0.780178 	3.17927 	5.30107e-21
23.7756 	0.0070472 	0.780178 	3.17927 	5.30107e-21
23.8457 	0.0070472 	0.780178 	3.17927 	5.30107e-21
23.9158 	0.0070472 	0.780178 	3.17927 	5.30107e-21
23.986 	0.0070472 	0.780178 	3.17927 	5.30107e-21
24.0561 	0.0070472 	0.780178 	3.17927 	5.30107e-21
24.1262 	-0.0266047 	0.813509 	3.27895 	0
24.1964 	-0.0266047 	0.813509 	3.27895 	0
24.2665 	-0.0266047 	0.813509 	3.27895 	0
24.3366 	-0.0266047 	0.813509 	3.27895 	0
24.4068 	-0.0266047 	0.813509 	3.27895 	0
24.4769 	-0.0127404 	0.661787 	2.46245 	3.96559e-21
24.547 	-0.0127404 	0.661787 	2.46245 	3.96559e-21
24.6172 	-0.0485331 	0.682097 	2.55388 	-6.22623e-20
24.6873 	-0.0485331 	0.682097 	2.55388 	-6.22623e-20
24.7574 	-0.0485331 	0.682097 	2.55388 	-6.22623e-20
24.8276 	-0.0485331 	0.682097 	2.55388 	-6.22623e-20
24.8977 	-0.0485331 	0.682097 	2.55388 	-6.22623e-20
24.9678 	-0.0485331 	0.682097 	2.55388 	-6.22623e-20
25.038 	-0.0827297 	0.729864 	2.74271 	1.82697e-20
25.1081 	-0.0827297 	0.729864 	2.74271 	1.82697e-20
25.1782 	-0.0827297 	0.729864 	2.74271 	1.82697e-20
25.2484 	-0.0827297 	0.729864 	2.74271 	1.82697e-20
25.3185 	-0.0827297 	0.729864 	2.74271 	1.82697e-20
25.3886 	-0.0827297 	0.729864 	2.74271 	1.82697e-20
25.4588 	-0.11512 	0.749953 	2.8179 	0
25.5289 	-0.11512 	0.749953 	2.8179 	0
25.5991 	-0.11512 	0.749953 	2.8179 	0
25.6692 	-0.11512 	0.749953 	2.8179 	0
25.7393 	-0.11512 	0.749953 	2.8179 	0
25.8095 	-0.11512 	0.749953 	2.8179 	0
25.8796 	-0.11512 	0.749953 	2.8179 	0
25.9497 	-0.147113 	0.793876 	2.97134 	-1.00883e-19
26.0199 	-0.147113 	0.793876 	2.97134 	-1.00883e-19
26.09 	-0.12665 	0.617788 	2.10225 	-7.57786e-20
26.1601 	-0.12665 	0.617788 	2.10225 	-7.57786e-20
26.2303 	-0.12665 	0.617788 	2.10225 	-7.57786e-20
26.3004 	-0.12665 	0.617788 	2.10225 	-7.57786e-20
26.3705 	-0.12665 	0.617788 	2.10225 	-7.57786e-20
26.4407 	-0.156438 	0.632725 	2.14869 	1.99055e-19
26.5108 	-0.156438 	0.632725 	2.14869 	1.99055e-19
26.5809 	-0.156438 	0.632725 	2.14869 	1.99055e-19
26.6511 	-0.156438 	0.632725 	2.14869 	1.99055e-19
26.7212 	-0.156438 	0.632725 	2.14869 	1.99055e-19
26.7913 	-0.156438 	0.632725 	2.14869 	1.99055e-19
26.8615 	-0.156438 	0.632725 	2.14869 	1.99055e-19
26.9316 	-0.186019 	0.662073 	2.25412 	-1.34029e-19
27.0017 	-0.186019 	0.662073 	2.25412 	-1.34029e-19
27.0719 	-0.186019 	0.662073 	2.25412 	-1.34029e-19
27.142 	-0.186019 	0.662073 	2.25412 	-1.34029e-19
27.2121 	-0.186019 	0.662073 	2.25412 	-1.34029e-19
27.2823 	-0.186019 	0.662073 	2.25412 	-1.34029e-19
27.3524 	-0.216003 	0.676634 	2.29253 	-5.37773e-20
27.4225 	-0.216003 	0.676634 	2.29253 	-5.37773e-20
27.4927 	-0.216003 	0.676634 	2.29253 	-5.37773e-20
27.5628 	-0.216003 	0.676634 	2.29253 	-5.37773e-20
27.6329 	-0.216003 	0.676634 	2.29253 	-5.37773e-20
27.7031 	-0.216003 	0.676634 	2.29253 	-5.37773e-20
27.7732 	-0.216003 	0.676634 	2.29253 	-5.37773e-20
27.8434 	-0.216003 	0.676634 	2.29253 	-5.37773e-20
27.9135 	-0.244457 	0.704627 	2.38311 	-6.20743e-20
27.9836 	-0.244457 	0.704627 	2.38311 	-6.20743e-20
28.0538 	-0.244457 	0.704627 	2.38311 	-6.20743e-20
28.1239 	-0.244457 	0.704627 	2.38311 	-6.20743e-20
28.194 	-0.244457 	0.704627 	2.38311 	-6.20743e-20
28.2642 	-0.244457 	0.704627 	2.38311 	-6.20743e-20
28.3343 	-0.25659 	0.558638 	1.83035 	7.08198e-20
28.4044 	-0.286204 	0.562364 	1.84726 	-1.22972e-19
28.4746 	-0.286204 	0.562364 	1.84726 	-1.22972e-19
28.5447 	-0.286204 	0.562364 	1.84726 	-1.22972e-19
28.6148 	-0.286204 	0.562364 	1.84726 	-1.22972e-19
28.685 	-0.286204 	0.562364 	1.84726 	-1.22972e-19
28.7551 	-0.286204 	0.562364 	1.84726 	-1.22972e-19
28.8252 	-0.286204 	0.562364 	1.84726 	-1.22972e-19
28.8954 	-0.286204 	0.562364 	1.84726 	-1.22972e-19
28.9655 	-0.314859 	0.571337 	1.88588 	-1.49566e-19
29.0356 	-0.314859 	0.571337 	1.88588 	-1.49566e-19
29.1058 	-0.314859 	0.571337 	1.88588 	-1.49566e-19
29.1759 	-0.314859 	0.571337 	1.88588 	-1.49566e-19
29.246 	-0.314859 	0.571337 	1.88588 	-1.49566e-19
29.3162 	-0.314859 	0.571337 	1.88588 	-1.49566e-19
29.3863 	-0.314859 	0.571337 	1.88588 	-1.49566e-19
29.4564 	-0.344953 	0.57273 	1.89255 	1.41074e-19
29.5266 	-0.344953 	0.57273 	1.89255 	1.41074e-19
29.5967 	-0.344953 	0.57273 	1.89255 	1.41074e-19
29.6668 	-0.344953 	0.57273 	1.89255 	1.41074e-19
29.737 	-0.344953 	0.57273 	1.89255 	1.41074e-19
29.8071 	-0.344953 	0.57273 	1.89255 	1.41074e-19
29.8773 	-0.344953 	0.57273 	1.89255 	1.41074e-19
29.9474 	-0.344953 	0.57273 	1.89255 	1.41074e-19
30.0175 	-0.37009 	0.576882 	1.90452 	-1.50399e-19
30.0877 	-0.37009 	0.576882 	1.90452 	-1.50399e-19
30.1578 	-0.37009 	0.576882 	1.90452 	-1.50399e-19
30.2279 	-0.37009 	0.576882 	1.90452 	-1.50399e-19
30.2981 	-0.37009 	0.576882 	1.90452 	-1.50399e-19
30.3682 	-0.37009 	0.576882 	1.90452 	-1.50399e-19
30.4383 	-0.37009 	0.576882 	1.90452 	-1.50399e-19
30.5085 	-0.37009 	0.576882 	1.90452 	-1.50399e-19
30.5786 	-0.390799 	0.575796 	1.89446 	2.88258e-19
30.6487 	-0.390799 	0.575796 	1.89446 	2.88258e-19
30.7189 	-0.390799 	0.575796 	1.89446 	2.88258e-19
30.789 	-0.390799 	0.575796 	1.89446 	2.88258e-19
30.8591 	-0.390799 	0.575796 	1.89446 	2.88258e-19
30.9293 	-0.390799 	0.575796 	1.89446 	2.88258e-19
30.9994 	-0.390799 	0.575796 	1.89446 	2.88258e-19
31.0695 	-0.390799 	0.575796 	1.89446 	2.88258e-19
31.1397 	-0.403823 	0.578453 	1.89366 	-1.57145e-19
31.2098 	-0.403823 	0.578453 	1.89366 	-1.57145e-19
31.2799 	-0.403823 	0.578453 	1.89366 	-1.57145e-19
31.3501 	-0.403823 	0.578453 	1.89366 	-1.57145e-19
31.4202 	-0.403823 	0.578453 	1.89366 	-1.57145e-19
31.4903 	-0.403823 	0.578453 	1.89366 	-1.57145e-19
31.5605 	-0.403183 	0.538709 	1.71609 	2.38976e-19
31.6306 	-0.403183 	0.538709 	1.71609 	2.38976e-19
31.7007 	-0.413587 	0.536432 	1.71303 	-7.69075e-20
31.7709 	-0.413587 	0.536432 	1.71303 	-7.69075e-20
31.841 	-0.413587 	0.536432 	1.71303 	-7.69075e-20
31.9111 	-0.413587 	0.536432 	1.71303 	-7.69075e-20
31.9813 	-0.413587 	0.536432 	1.71303 	-7.69075e-20
32.0514 	-0.413587 	0.536432 	1.71303 	-7.69075e-20
32.1216 	-0.413587 	0.536432 	1.71303 	-7.69075e-20
32.1917 	-0.413587 	0.536432 	1.71303 	-7.69075e-20
32.2618 	-0.413587 	0.536432 	1.71303 	-7.69075e-20
32.332 	-0.418882 	0.534637 	1.71026 	0
32.4021 	-0.418882 	0.534637 	1.71026 	0
32.4722 	-0.418882 	0.534637 	1.71026 	0
32.5424 	-0.418882 	0.534637 	1.71026 	0
32.6125 	-0.418882 	0.534637 	1.71026 	0
32.6826 	-0.418882 	0.534637 	1.71026 	0
32.7528 	-0.418882 	0.534637 	1.71026 	0
32.8229 	-0.418882 	0.534637 	1.71026 	0
32.893 	-0.418882 	0.534637 	1.71026 	0
32.9632 	-0.419746 	0.526758 	1.7021 	0
33.0333 	-0.419746 	0.526758 	1.7021 	0
33.1034 	-0.419746 	0.526758 	1.7021 	0
33.1736 	-0.419746 	0.526758 	1.7021 	0
33.2437 	-0.419746 	0.526758 	1.7021 	0
33.3138 	-0.419746 	0.526758 	1.7021 	0
33.384 	-0.419746 	0.526758 	1.7021 	0
33.4541 	-0.419746 	0.526758 	1.7021 	0
33.5242 	-0.419746 	0.526758 	1.7021 	0
33.5944 	-0.416485 	0.521111 	1.69585 	3.76083e-20
33.6645 	-0.416485 	0.521111 	1.69585 	3.76083e-20
33.7346 	-0.416485 	0.521111 	1.69585 	3.76083e-20
33.8048 	-0.416485 	0.521111 	1.69585 	3.76083e-20
33.8749 	-0.416485 	0.521111 	1.69585 	3.76083e-20
33.945 	-0.416485 	0.521111 	1.69585 	3.76083e-20
34.0152 	-0.416485 	0.521111 	1.69585 	3.76083e-20
34.0853 	-0.416485 	0.521111 	1.69585 	3.76083e-20
34.1554 	-0.416485 	0.521111 	1.69585 	3.76083e-20
34.2256 	-0.407112 	0.510333 	1.68415 	-3.38613e-20
34.2957 	-0.407112 	0.510333 	1.68415 	-3.38613e-20
34.3659 	-0.407112 	0.510333 	1.68415 	-3.38613e-20
34.436 	-0.407112 	0.510333 	1.68415 	-3.38613e-20
34.5061 	-0.407112 	0.510333 	1.68415 	-3.38613e-20
34.5763 	-0.407112 	0.510333 	1.68415 	-3.38613e-20
34.6464 	-0.407112 	0.510333 	1.68415 	-3.38613e-20
34.7165 	-0.407112 	0.510333 	1.68415 	-3.38613e-20
34.7867 	-0.407112 	0.510333 	1.68415 	-3.38613e-20
34.8568 	-0.407112 	0.510333 	1.68415 	-3.38613e-20
34.9269 	-0.388273 	0.500398 	1.66875 	6.3813e-20
34.9971 	-0.388273 	0.500398 	1.66875 	6.3813e-20
35.0672 	-0.388273 	0.500398 	1.66875 	6.3813e-20
35.1373 	-0.388273 	0.500398 	1.66875 	6.3813e-20
35.2075 	-0.388273 	0.500398 	1.66875 	6.3813e-20
35.2776 	-0.388273 	0.500398 	1.66875 	6.3813e-20
35.3477 	-0.388273 	0.500398 	1.66875 	6.3813e-20
35.4179 	-0.388273 	0.500398 	1.66875 	6.3813e-20
35.488 	-0.388273 	0.500398 	1.66875 	6.3813e-20
35.5581 	-0.388273 	0.500398 	1.66875 	6.3813e-20
35.6283 	-0.35965 	0.487365 	1.6491 	-1.55525e-20
35.6984 	-0.35965 	0.487365 	1.6491 	-1.55525e-20
35.7685 	-0.35965 	0.487365 	1.6491 	-1.55525e-20
35.8387 	-0.35965 	0.487365 	1.6491 	-1.55525e-20
35.9088 	-0.35965 	0.487365 	1.6491 	-1.55525e-20
35.9789 	-0.35965 	0.487365 	1.6491 	-1.55525e-20
36.0491 	-0.35965 	0.487365 	1.6491 	-1.55525e-20
36.1192 	-0.35965 	0.487365 	1.6491 	-1.55525e-20
36.1893 	-0.35965 	0.487365 	1.6491 	-1.55525e-20
36.2595 	-0.35965 	0.487365 	1.6491 	-1.55525e-20
36.3296 	-0.32318 	0.46325 	1.62507 	1.22284e-20
36.3997 	-0.32318 	0.46325 	1.62507 	1.22284e-20
36.4699 	-0.32318 	0.46325 	1.62507 	1.22284e-20
36.54 	-0.32318 	0.46325 	1.62507 	1.22284e-20
36.6102 	-0.32318 	0.46325 	1.62507 	1.22284e-20
36.6803 	-0.32318 	0.46325 	1.62507 	1.22284e-20
36.7504 	-0.32318 	0.46325 	1.62507 	1.22284e-20
36.8206 	-0.32318 	0.46325 	1.62507 	1.22284e-20
36.8907 	-0.32318 	0.46325 	1.62507 	1.22284e-20
36.9608 	-0.32318 	0.46325 	1.62507 	1.22284e-20
37.031 	-0.32318 	0.46325 	1.62507 	1.22284e-20
37.1011 	-0.287832 	0.431994 	1.60491 	0
37.1712 	-0.287832 	0.431994 	1.60491 	0
37.2414 	-0.287832 	0.431994 	1.60491 	0
37.3115 	-0.287832 	0.431994 	1.60491 	0
37.3816 	-0.287832 	0.431994 	1.60491 	0
37.4518 	-0.287832 	0.431994 	1.60491 	0
37.5219 	-0.287832 	0.431994 	1.60491 	0
37.592 	-0.287832 	0.431994 	1.60491 	0
37.6622 	-0.256803 	0.399492 	1.58934 	0
37.7323 	-0.256803 	0.399492 	1.58934 	0
37.8024 	-0.256803 	0.399492 	1.58934 	0
37.8726 	-0.256803 	0.399492 	1.58934 	0
37.9427 	-0.256803 	0.399492 	1.58934 	0
38.0128 	-0.256803 	0.399492 	1.58934 	0
38.083 	-0.256803 	0.399492 	1.58934 	0
38.1531 	-0.256803 	0.399492 	1.58934 	0
38.2232 	-0.256803 	0.399492 	1.58934 	0
38.2934 	-0.228944 	0.364983 	1.57692 	0
38.3635 	-0.228944 	0.364983 	1.57692 	0
38.4336 	-0.228944 	0.364983 	1.57692 	0
38.5038 	-0.228944 	0.364983 	1.57692 	0
38.5739 	-0.228944 	0.364983 	1.57692 	0
38.644 	-0.228944 	0.364983 	1.57692 	0
38.7142 	-0.228944 	0.364983 	1.57692 	0
38.7843 	-0.228944 	0.364983 	1.57692 	0
38.8545 	-0.228944 	0.364983 	1.57692 	0
38.9246 	-0.206488 	0.331209 	1.56841 	0
38.9947 	-0.206488 	0.331209 	1.56841 	0
39.0649 	-0.206488 	0.331209 	1.56841 	0
39.135 	-0.206488 	0.331209 	1.56841 	0
39.2051 	-0.206488 	0.331209 	1.56841 	0
39.2753 	-0.206488 	0.331209 	1.56841 	0
39.3454 	-0.206488 	0.331209 	1.56841 	0
39.4155 	-0.206488 	0.331209 	1.56841 	0
39.4857 	-0.206488 	0.331209 	1.56841 	0
39.5558 	-0.190355 	0.299597 	1.56378 	0
39.6259 	-0.190355 	0.299597 	1.56378 	0
39.6961 	-0.190355 	0.299597 	1.56378 	0
39.7662 	-0.190355 	0.299597 	1.56378 	0
39.8363 	-0.190355 	0.299597 	1.56378 	0
39.9065 	-0.190355 	0.299597 	1.56378 	0
39.9766 	-0.190355 	0.299597 	1.56378 	0
40.0467 	-0.190355 	0.299597 	1.56378 	0
40.1169 	-0.179365 	0.269796 	1.56192 	0
40.187 	-0.179365 	0.269796 	1.56192 	0
40.2571 	-0.179365 	0.269796 	1.56192 	0
40.3273 	-0.179365 	0.269796 	1.56192 	0
40.3974 	-0.179365 	0.269796 	1.56192 	0
40.4675 	-0.179365 	0.269796 	1.56192 	0
40.5377 	-0.179365 	0.269796 	1.56192 	0
40.6078 	-0.179365 	0.269796 	1.56192 	0
40.6779 	-0.179365 	0.269796 	1.56192 	0
40.7481 	-0.171668 	0.240621 	1.56127 	0
40.8182 	-0.171668 	0.240621 	1.56127 	0
40.8883 	-0.171668 	0.240621 	1.56127 	0
40.9585 	-0.171668 	0.240621 	1.56127 	0
41.0286 	-0.171668 	0.240621 	1.56127 	0
41.0988 	-0.171668 	0.240621 	1.56127 	0
41.1689 	-0.171668 	0.240621 	1.56127 	0
41.239 	-0.171668 	0.240621 	1.56127 	0
41.3092 	-0.171668 	0.240621 	1.56127 	0
41.3793 	-0.165621 	0.211698 	1.56033 	0
41.4494 	-0.165621 	0.211698 	1.56033 	0
41.5196 	-0.165621 	0.211698 	1.56033 	0
41.5897 	-0.165621 	0.211698 	1.56033 	0
41.6598 	-0.165621 	0.211698 	1.56033 	0
41.73 	-0.165621 	0.211698 	1.56033 	0
41.8001 	-0.165621 	0.211698 	1.56033 	0
41.8702 	-0.165621 	0.211698 	1.56033 	0
41.9404 	-0.165621 	0.211698 	1.56033 	0
42.0105 	-0.16023 	0.182971 	1.55848 	0
42.0806 	-0.16023 	0.182971 	1.55848 	0
42.1508 	-0.16023 	0.182971 	1.55848 	0
42.2209 	-0.16023 	0.182971 	1.55848 	0
42.291 	-0.16023 	0.182971 	1.55848 	0
42.3612 	-0.16023 	0.182971 	1.55848 	0
42.4313 	-0.16023 	0.182971 	1.55848 	0
42.5014 	-0.16023 	0.182971 	1.55848 	0
42.5716 	-0.16023 	0.182971 	1.55848 	0
42.6417 	-0.15515 	0.155025 	1.5552 	0
42.7118 	-0.15515 	0.155025 	1.5552 	0
42.782 	-0.15515 	0.155025 	1.5552 	0
42.8521 	-0.15515 	0.155025 	1.5552 	0
42.9222 	-0.15515 	0.155025 	1.5552 	0
42.9924 	-0.15515 	0.155025 	1.5552 	0
43.0625 	-0.15515 	0.155025 	1.5552 	0
43.1327 	-0.15515 	0.155025 	1.5552 	0
43.2028 	-0.150776 	0.128205 	1.55099 	0
43.2729 	-0.150776 	0.128205 	1.55099 	0
43.3431 	-0.150776 	0.128205 	1.55099 	0
43.4132 	-0.150776 	0.128205 	1.55099 	0
43.4833 	-0.150776 	0.128205 	1.55099 	0
43.5535 	-0.150776 	0.128205 	1.55099 	0
43.6236 	-0.150776 	0.128205 	1.55099 	0
43.6937 	-0.150776 	0.128205 	1.55099 	0
43.7639 	-0.150776 	0.128205 	1.55099 	0
43.834 	-0.147724 	0.102901 	1.54673 	0
43.9041 	-0.147724 	0.102901 	1.54673 	0
43.9743 	-0.147724 	0.102901 	1.54673 	0
44.0444 	-0.147724 	0.102901 	1.54673 	0
44.1145 	-0.147724 	0.102901 	1.54673 	0
44.1847 	-0.147724 	0.102901 	1.54673 	0
44.2548 	-0.147724 	0.102901 	1.54673 	0
44.3249 	-0.147724 	0.102901 	1.54673 	0
44.3951 	-0.147724 	0.102901 	1.54673 	0
44.4652 	-0.145495 	0.0794436 	1.54245 	0
44.5353 	-0.145495 	0.0794436 	1.54245 	0
44.6055 	-0.145495 	0.0794436 	1.54245 	0
44.6756 	-0.145495 	0.0794436 	1.54245 	0
44.7457 	-0.145495 	0.0794436 	1.54245 	0
44.8159 	-0.145495 	0.0794436 	1.54245 	0
44.886 	-0.145495 	0.0794436 	1.54245 	0
44.9561 	-0.145495 	0.0794436 	1.54245 	0
45.0263 	-0.145495 	0.0794436 	1.54245 	0
45.0964 	-0.142413 	0.0577602 	1.53681 	0
45.1665 	-0.142413 	0.0577602 	1.53681 	0
45.2367 	-0.142413 	0.0577602 	1.53681 	0
45.3068 	-0.142413 	0.0577602 	1.53681 	0
45.377 	-0.142413 	0.0577602 	1.53681 	0
45.4471 	-0.142413 	0.0577602 	1.53681 	0
45.5172 	-0.142413 	0.0577602 	1.53681 	0
45.5874 	-0.142413 	0.0577602 	1.53681 	0
45.6575 	-0.137224 	0.0377683 	1.52909 	0
45.7276 	-0.137224 	0.0377683 	1.52909 	0
45.7978 	-0.137224 	0.0377683 	1.52909 	0
45.8679 	-0.137224 	0.0377683 	1.52909 	0
45.938 	-0.137224 	0.0377683 	1.52909 	0
46.0082 	-0.137224 	0.0377683 	1.52909 	0
46.0783 	-0.137224 	0.0377683 	1.52909 	0
46.1484 	-0.137224 	0.0377683 	1.52909 	0
46.2186 	-0.137224 	0.0377683 	1.52909 	0
46.2887 	-0.130276 	0.0197612 	1.51978 	0
46.3588 	-0.130276 	0.0197612 	1.51978 	0
46.429 	-0.130276 	0.0197612 	1.51978 	0
46.4991 	-0.130276 	0.0197612 	1.51978 	0
46.5692 	-0.130276 	0.0197612 	1.51978 	0
46.6394 	-0.130276 	0.0197612 	1.51978 	0
46.7095 	-0.130276 	0.0197612 	1.51978 	0
46.7796 	-0.102581 	0.0263664 	1.48857 	0
46.8498 	-0.102581 	0.0263664 	1.48857 	0
46.9199 	-0.0998454 	0.0116189 	1.48279 	0
46.99 	-0.0998454 	0.0116189 	1.48279 	0
47.0602 	-0.0998454 	0.0116189 	1.48279 	0
47.1303 	-0.0998454 	0.0116189 	1.48279 	0
47.2004 	-0.0998454 	0.0116189 	1.48279 	0
47.2706 	-0.0998454 	0.0116189 	1.48279 	0
47.3407 	-0.0998454 	0.0116189 	1.48279 	0
47.4108 	-0.0998454 	0.0116189 	1.48279 	0
47.481 	-0.0998454 	0.0116189 	1.48279 	0
47.5511 	-0.0963746 	-0.000711841 	1.47648 	0
47.6213 	-0.0963746 	-0.000711841 	1.47648 	0
47.6914 	-0.0963746 	-0.000711841 	1.47648 	0
47.7615 	-0.0963746 	-0.000711841 	1.47648 	0
47.8317 	-0.0963746 	-0.000711841 	1.47648 	0
47.9018 	-0.0963746 	-0.000711841 	1.47648 	0
47.9719 	-0.0963746 	-0.000711841 	1.47648 	0
48.0421 	-0.0963746 	-0.000711841 	1.47648 	0
48.1122 	-0.0963746 	-0.000711841 	1.47648 	0
48.1823 	-0.0914273 	-0.0104298 	1.47015 	0
48.2525 	-0.0914273 	-0.0104298 	1.47015 	0
48.3226 	-0.0914273 	-0.0104298 	1.47015 	0
48.3927 	-0.0914273 	-0.0104298 	1.47015 	0
48.4629 	-0.0914273 	-0.0104298 	1.47015 	0
48.533 	-0.0914273 	-0.0104298 	1.47015 	0
48.6031 	-0.0914273 	-0.0104298 	1.47015 	0
48.6733 	-0.0914273 	-0.0104298 	1.47015 	0
48.7434 	-0.0852242 	-0.0189754 	1.46346 	0
48.8135 	-0.0852242 	-0.0189754 	1.46346 	0
48.8837 	-0.0852242 	-0.0189754 	1.46346 	0
48.9538 	-0.0852242 	-0.0189754 	1.46346 	0
49.0239 	-0.0852242 	-0.0189754 	1.46346 	0
49.0941 	-0.0852242 	-0.0189754 	1.46346 	0
49.1642 	-0.0852242 	-0.0189754 	1.46346 	0
49.2343 	-0.0852242 	-0.0189754 	1.46346 	0
49.3045 	-0.0852242 	-0.0189754 	1.46346 	0
49.3746 	-0.0784101 	-0.0257604 	1.45731 	0
49.4447 	-0.0784101 	-0.0257604 	1.45731 	0
49.5149 	-0.0784101 	-0.0257604 	1.45731 	0
49.585 	-0.0784101 	-0.0257604 	1.45731 	0
49.6551 	-0.0784101 	-0.0257604 	1.45731 	0
49.7253 	-0.0784101 	-0.0257604 	1.45731 	0
49.7954 	-0.0784101 	-0.0257604 	1.45731 	0
49.8656 	-0.0784101 	-0.0257604 	1.45731 	0
49.9357 	-0.0784101 	-0.0257604 	1.45731 	0
50.0058 	-0.0716467 	-0.0309827 	1.45178 	0
50.076 	-0.0716467 	-0.0309827 	1.45178 	0
50.1461 	-0.0716467 	-0.0309827 	1.45178 	0
50.2162 	-0.0716467 	-0.0309827 	1.45178 	0
50.2864 	-0.0716467 	-0.0309827 	1.45178 	0
50.3565 	-0.0716467 	-0.0309827 	1.45178 	0
50.4266 	-0.0716467 	-0.0309827 	1.45178 	0
50.4968 	-0.0716467 	-0.0309827 	1.45178 	0
50.5669 	-0.0716467 	-0.0309827 	1.45178 	0
50.637 	-0.0651744 	-0.0345396 	1.44696 	0
50.7072 	-0.0651744 	-0.0345396 	1.44696 	0
50.7773 	-0.0651744 	-0.0345396 	1.44696 	0
50.8474 	-0.0651744 	-0.0345396 	1.44696 	0
50.9176 	-0.0651744 	-0.0345396 	1.44696 	0
50.9877 	-0.0651744 	-0.0345396 	1.44696 	0
51.0578 	-0.0651744 	-0.0345396 	1.44696 	0
51.128 	-0.0651744 	-0.0345396 	1.44696 	0
51.1981 	-0.0651744 	-0.0345396 	1.44696 	0
51.2682 	-0.0589189 	-0.0369645 	1.44313 	0
51.3384 	-0.0589189 	-0.0369645 	1.44313 	0
51.4085 	-0.0589189 	-0.0369645 	1.44313 	0
51.4786 	-0.0589189 	-0.0369645 	1.44313 	0
51.5488 	-0.0589189 	-0.0369645 	1.44313 	0
51.6189 	-0.0589189 	-0.0369645 	1.44313 	0
51.689 	-0.0589189 	-0.0369645 	1.44313 	0
51.7592 	-0.0589189 	-0.0369645 	1.44313 	0
51.8293 	-0.052837 	-0.0384031 	1.43973 	0
51.8994 	-0.052837 	-0.0384031 	1.43973 	0
51.9696 	-0.052837 	-0.0384031 	1.43973 	0
52.0397 	-0.052837 	-0.0384031 	1.43973 	0
52.1099 	-0.052837 	-0.0384031 	1.43973 	0
52.18 	-0.052837 	-0.0384031 	1.43973 	0
52.2501 	-0.052837 	-0.0384031 	1.43973 	0
52.3203 	-0.052837 	-0.0384031 	1.43973 	0
52.3904 	-0.052837 	-0.0384031 	1.43973 	0
52.4605 	-0.0471495 	-0.0388298 	1.43765 	0
52.5307 	-0.0471495 	-0.0388298 	1.43765 	0
52.6008 	-0.0471495 	-0.0388298 	1.43765 	0
52.6709 	-0.0471495 	-0.0388298 	1.43765 	0
52.7411 	-0.0471495 	-0.0388298 	1.43765 	0
52.8112 	-0.0471495 	-0.0388298 	1.43765 	0
52.8813 	-0.0471495 	-0.0388298 	1.43765 	0
52.9515 	-0.0471495 	-0.0388298 	1.43765 	0
53.0216 	-0.0471495 	-0.0388298 	1.43765 	0
53.0917 	-0.0420986 	-0.0383628 	1.43592 	0
53.1619 	-0.0420986 	-0.0383628 	1.43592 	0
53.232 	-0.0420986 	-0.0383628 	1.43592 	0
53.3021 	-0.0420986 	-0.0383628 	1.43592 	0
53.3723 	-0.0420986 	-0.0383628 	1.43592 	0
53.4424 	-0.0420986 	-0.0383628 	1.43592 	0
53.5125 	-0.0420986 	-0.0383628 	1.43592 	0
53.5827 	-0.0420986 	-0.0383628 	1.43592 	0
53.6528 	-0.0420986 	-0.0383628 	1.43592 	0
53.7229 	-0.0378359 	-0.0373048 	1.43531 	0
53.7931 	-0.0378359 	-0.0373048 	1.43531 	0
53.8632 	-0.0378359 	-0.0373048 	1.43531 	0
53.9333 	-0.0378359 	-0.0373048 	1.43531 	0
54.0035 	-0.0378359 	-0.0373048 	1.43531 	0
54.0736 	-0.0378359 	-0.0373048 	1.43531 	0
54.1437 	-0.0378359 	-0.0373048 	1.43531 	0
54.2139 	-0.0378359 	-0.0373048 	1.43531 	0
54.284 	-0.0342673 	-0.035052 	1.43491 	0
54.3542 	-0.0342673 	-0.035052 	1.43491 	0
54.4243 	-0.0342673 	-0.035052 	1.43491 	0
54.4944 	-0.0342673 	-0.035052 	1.43491 	0
54.5646 	-0.0342673 	-0.035052 	1.43491 	0
54.6347 	-0.0342673 	-0.035052 	1.43491 	0
54.7048 	-0.0342673 	-0.035052 	1.43491 	0
54.775 	-0.0342673 	-0.035052 	1.43491 	0
54.8451 	-0.0342673 	-0.035052 	1.43491 	0
54.9152 	-0.031792 	-0.0326428 	1.43502 	0
54.9854 	-0.031792 	-0.0326428 	1.43502 	0
55.0555 	-0.031792 	-0.0326428 	1.43502 	0
55.1256 	-0.031792 	-0.0326428 	1.43502 	0
55.1958 	-0.031792 	-0.0326428 	1.43502 	0
55.2659 	-0.031792 	-0.0326428 	1.43502 	0
55.336 	-0.031792 	-0.0326428 	1.43502 	0
55.4062 	-0.031792 	-0.0326428 	1.43502 	0
55.4763 	-0.031792 	-0.0326428 	1.43502 	0
55.5464 	-0.030367 	-0.0295523 	1.43479 	0
55.6166 	-0.030367 	-0.0295523 	1.43479 	0
55.6867 	-0.030367 	-0.0295523 	1.43479 	0
55.7568 	-0.030367 	-0.0295523 	1.43479 	0
55.827 	-0.030367 	-0.0295523 	1.43479 	0
55.8971 	-0.030367 	-0.0295523 	1.43479 	0
55.9672 	-0.030367 	-0.0295523 	1.43479 	0
56.0374 	-0.030367 	-0.0295523 	1.43479 	0
56.1075 	-0.030367 	-0.0295523 	1.43479 	0
56.1776 	-0.0299253 	-0.0266903 	1.43448 	0
56.2478 	-0.0299253 	-0.0266903 	1.43448 	0
56.3179 	-0.0299253 	-0.0266903 	1.43448 	0
56.3881 	-0.0299253 	-0.0266903 	1.43448 	0
56.4582 	-0.0299253 	-0.0266903 	1.43448 	0
56.5283 	-0.0299253 	-0.0266903 	1.43448 	0
56.5985 	-0.0299253 	-0.0266903 	1.43448 	0
56.6686 	-0.0299253 	-0.0266903 	1.43448 	0
56.7387 	-0.0299253 	-0.0266903 	1.43448 	0
56.8089 	-0.0304426 	-0.0235985 	1.4333 	0
56.879 	-0.0304426 	-0.0235985 	1.4333 	0
56.9491 	-0.0304426 	-0.0235985 	1.4333 	0
57.0193 	-0.0304426 	-0.0235985 	1.4333 	0
57.0894 	-0.0304426 	-0.0235985 	1.4333 	0
57.1595 	-0.0304426 	-0.0235985 	1.4333 	0
57.2297 	-0.0304426 	-0.0235985 	1.4333 	0
57.2998 	-0.0304426 	-0.0235985 	1.4333 	0
57.3699 	-0.0317515 	-0.0210103 	1.4322 	0
57.4401 	-0.0317515 	-0.0210103 	1.4322 	0
57.5102 	-0.0317515 	-0.0210103 	1.4322 	0
57.5803 	-0.0317515 	-0.0210103 	1.4322 	0
57.6505 	-0.0317515 	-0.0210103 	1.4322 	0
57.7206 	-0.0317515 	-0.0210103 	1.4322 	0
57.7907 	-0.0317515 	-0.0210103 	1.4322 	0
57.8609 	-0.0317515 	-0.0210103 	1.4322 	0
57.931 	-0.0317515 	-0.0210103 	1.4322 	0
58.0011 	-0.0336507 	-0.0186174 	1.42984 	0
58.0713 	-0.0336507 	-0.0186174 	1.42984 	0
58.1414 	-0.0336507 	-0.0186174 	1.42984 	0
58.2115 	-0.0336507 	-0.0186174 	1.42984 	0
58.2817 	-0.0336507 	-0.0186174 	1.42984 	0
58.3518 	-0.0336507 	-0.0186174 	1.42984 	0
58.4219 	-0.0336507 	-0.0186174 	1.42984 	0
58.4921 	-0.0336507 	-0.0186174 	1.42984 	0
58.5622 	-0.0336507 	-0.0186174 	1.42984 	0
58.6324 	-0.0359333 	-0.0174522 	1.42835 	0
58.7025 	-0.0359333 	-0.0174522 	1.42835 	0
58.7726 	-0.0359333 	-0.0174522 	1.42835 	0
58.8428 	-0.0359333 	-0.0174522 	1.42835 	0
58.9129 	-0.0359333 	-0.0174522 	1.42835 	0
58.983 	-0.0359333 	-0.0174522 	1.42835 	0
59.0532 	-0.0359333 	-0.0174522 	1.42835 	0
59.1233 	-0.0359333 	-0.0174522 	1.42835 	0
59.1934 	-0.0359333 	-0.0174522 	1.42835 	0
59.2636 	-0.0382068 	-0.0173728 	1.4257 	0
59.3337 	-0.0382068 	-0.0173728 	1.4257 	0
59.4038 	-0.0382068 	-0.0173728 	1.4257 	0
59.474 	-0.0382068 	-0.0173728 	1.4257 	0
59.5441 	-0.0382068 	-0.0173728 	1.4257 	0
59.6142 	-0.0382068 	-0.0173728 	1.4257 	0
59.6844 	-0.0382068 	-0.0173728 	1.4257 	0
59.7545 	-0.0382068 	-0.0173728 	1.4257 	0
59.8246 	-0.0400779 	-0.0188927 	1.42475 	0
59.8948 	-0.0400779 	-0.0188927 	1.42475 	0
59.9649 	-0.0400779 	-0.0188927 	1.42475 	0
60.035 	-0.0400779 	-0.0188927 	1.42475 	0
60.1052 	-0.0400779 	-0.0188927 	1.42475 	0
60.1753 	-0.0400779 	-0.0188927 	1.42475 	0
60.2454 	-0.0400779 	-0.0188927 	1.42475 	0
60.3156 	-0.0400779 	-0.0188927 	1.42475 	0
60.3857 	-0.0400779 	-0.0188927 	1.42475 	0
60.4558 	-0.0410641 	-0.0213947 	1.42352 	0
60.526 	-0.0410641 	-0.0213947 	1.42352 	0
60.5961 	-0.0410641 	-0.0213947 	1.42352 	0
60.6662 	-0.0410641 	-0.0213947 	1.42352 	0
60.7364 	-0.0410641 	-0.0213947 	1.42352 	0
60.8065 	-0.0410641 	-0.0213947 	1.42352 	0
60.8767 	-0.0410641 	-0.0213947 	1.42352 	0
60.9468 	-0.0410641 	-0.0213947 	1.42352 	0
61.0169 	-0.0410641 	-0.0213947 	1.42352 	0
61.0871 	-0.0413142 	-0.0252445 	1.42514 	0
61.1572 	-0.0413142 	-0.0252445 	1.42514 	0
61.2273 	-0.0413142 	-0.0252445 	1.42514 	0
61.2975 	-0.0413142 	-0.0252445 	1.42514 	0
61.3676 	-0.0413142 	-0.0252445 	1.42514 	0
61.4377 	-0.0413142 	-0.0252445 	1.42514 	0
61.5079 	-0.0413142 	-0.0252445 	1.42514 	0
61.578 	-0.0413142 	-0.0252445 	1.42514 	0
61.6481 	-0.0413142 	-0.0252445 	1.42514 	0
61.7183 	-0.0402852 	-0.0308061 	1.42676 	0
61.7884 	-0.0402852 	-0.0308061 	1.42676 	0
61.8585 	-0.0402852 	-0.0308061 	1.42676 	0
61.9287 	-0.0402852 	-0.0308061 	1.42676 	0
61.9988 	-0.0402852 	-0.0308061 	1.42676 	0
62.0689 	-0.0402852 	-0.0308061 	1.42676 	0
62.1391 	-0.0402852 	-0.0308061 	1.42676 	0
62.2092 	-0.0402852 	-0.0308061 	1.42676 	0
62.2793 	-0.0402852 	-0.0308061 	1.42676 	0
62.3495 	-0.0382386 	-0.0333291 	1.43064 	0
62.4196 	-0.0382386 	-0.0333291 	1.43064 	0
62.4897 	-0.0382386 	-0.0333291 	1.43064 	0
62.5599 	-0.0382386 	-0.0333291 	1.43064 	0
62.63 	-0.0382386 	-0.0333291 	1.43064 	0
62.7001 	-0.0382386 	-0.0333291 	1.43064 	0
62.7703 	-0.0382386 	-0.0333291 	1.43064 	0
62.8404 	-0.0382386 	-0.0333291 	1.43064 	0
62.9105 	-0.0349058 	-0.0382017 	1.43628 	0
62.9807 	-0.0349058 	-0.0382017 	1.43628 	0
63.0508 	-0.0349058 	-0.0382017 	1.43628 	0
63.121 	-0.0349058 	-0.0382017 	1.43628 	0
63.1911 	-0.0349058 	-0.0382017 	1.43628 	0
63.2612 	-0.0349058 	-0.0382017 	1.43628 	0
63.3314 	-0.0349058 	-0.0382017 	1.43628 	0
63.4015 	-0.0349058 	-0.0382017 	1.43628 	0
63.4716 	-0.0349058 	-0.0382017 	1.43628 	0
63.5418 	-0.0305007 	-0.0372477 	1.44307 	0
63.6119 	-0.0305007 	-0.0372477 	1.44307 	0
63.682 	-0.0305007 	-0.0372477 	1.44307 	0
63.7522 	-0.0305007 	-0.0372477 	1.44307 	0
63.8223 	-0.0305007 	-0.0372477 	1.44307 	0
63.8924 	-0.0305007 	-0.0372477 	1.44307 	0
63.9626 	-0.0305007 	-0.0372477 	1.44307 	0
64.0327 	-0.0305007 	-0.0372477 	1.44307 	0
64.1028 	-0.0305007 	-0.0372477 	1.44307 	0
64.173 	-0.0257172 	-0.0392062 	1.45122 	0
64.2431 	-0.0257172 	-0.0392062 	1.45122 	0
64.3132 	-0.0257172 	-0.0392062 	1.45122 	0
64.3834 	-0.0257172 	-0.0392062 	1.45122 	0
64.4535 	-0.0257172 	-0.0392062 	1.45122 	0
64.5236 	-0.0257172 	-0.0392062 	1.45122 	0
64.5938 	-0.0257172 	-0.0392062 	1.45122 	0
64.6639 	-0.0257172 	-0.0392062 	1.45122 	0
64.734 	-0.0257172 	-0.0392062 	1.45122 	0
64.8042 	-0.020227 	-0.0366033 	1.46008 	0
64.8743 	-0.020227 	-0.0366033 	1.46008 	0
64.9444 	-0.020227 	-0.0366033 	1.46008 	0
65.0146 	-0.020227 	-0.0366033 	1.46008 	0
65.0847 	-0.020227 	-0.0366033 	1.46008 	0
65.1548 	-0.020227 	-0.0366033 	1.46008 	0
65.225 	-0.020227 	-0.0366033 	1.46008 	0
65.2951 	-0.0226184 	-0.0506327 	1.46552 	0
65.3653 	-0.0226184 	-0.0506327 	1.46552 	0
65.4354 	-0.0157522 	-0.0494066 	1.47614 	0
65.5055 	-0.0157522 	-0.0494066 	1.47614 	0
65.5757 	-0.0157522 	-0.0494066 	1.47614 	0
65.6458 	-0.0157522 	-0.0494066 	1.47614 	0
65.7159 	-0.0157522 	-0.0494066 	1.47614 	0
65.7861 	-0.0157522 	-0.0494066 	1.47614 	0
65.8562 	-0.0157522 	-0.0494066 	1.47614 	0
65.9263 	-0.0157522 	-0.0494066 	1.47614 	0
65.9965 	-0.00958085 	-0.0460925 	1.49014 	0
66.0666 	-0.00958085 	-0.0460925 	1.49014 	0
66.1367 	-0.00958085 	-0.0460925 	1.49014 	0
66.2069 	-0.00958085 	-0.0460925 	1.49014 	0
66.277 	-0.00958085 	-0.0460925 	1.49014 	0
66.3471 	-0.00958085 	-0.0460925 	1.49014 	0
66.4173 	-0.00958085 	-0.0460925 	1.49014 	0
66.4874 	-0.00958085 	-0.0460925 	1.49014 	0
66.5575 	-0.00958085 	-0.0460925 	1.49014 	0
66.6277 	-0.00394641 	-0.0426487 	1.49818 	0
66.6978 	-0.00394641 	-0.0426487 	1.49818 	0
66.7679 	-0.00394641 	-0.0426487 	1.49818 	0
66.8381 	-0.00394641 	-0.0426487 	1.49818 	0
66.9082 	-0.00394641 	-0.0426487 	1.49818 	0
66.9783 	-0.00394641 	-0.0426487 	1.49818 	0
67.0485 	-0.00394641 	-0.0426487 	1.49818 	0
67.1186 	-0.00394641 	-0.0426487 	1.49818 	0
67.1887 	-0.00394641 	-0.0426487 	1.49818 	0
67.2589 	-0.000934331 	-0.0322835 	1.51124 	0
67.329 	-0.000934331 	-0.0322835 	1.51124 	0
67.3991 	-0.000934331 	-0.0322835 	1.51124 	0
67.4693 	-0.000934331 	-0.0322835 	1.51124 	0
67.5394 	-0.000934331 	-0.0322835 	1.51124 	0
67.6096 	-0.000934331 	-0.0322835 	1.51124 	0
67.6797 	-0.000934331 	-0.0322835 	1.51124 	0
67.7498 	-0.000934331 	-0.0322835 	1.51124 	0
67.82 	-0.000934331 	-0.0322835 	1.51124 	0
67.8901 	0.00107647 	-0.0261786 	1.51855 	0
67.9602 	0.00107647 	-0.0261786 	1.51855 	0
68.0304 	0.00107647 	-0.0261786 	1.51855 	0
68.1005 	0.00107647 	-0.0261786 	1.51855 	0
68.1706 	0.00107647 	-0.0261786 	1.51855 	0
68.2408 	0.00107647 	-0.0261786 	1.51855 	0
68.3109 	0.00107647 	-0.0261786 	1.51855 	0
68.381 	0.00107647 	-0.0261786 	1.51855 	0
68.4512 	0.00172189 	-0.00519837 	1.52875 	0
68.5213 	0.00172189 	-0.00519837 	1.52875 	0
68.5914 	0.00172189 	-0.00519837 	1.52875 	0
68.6616 	0.00172189 	-0.00519837 	1.52875 	0
68.7317 	0.00172189 	-0.00519837 	1.52875 	0
68.8018 	0.00172189 	-0.00519837 	1.52875 	0
68.872 	0.00172189 	-0.00519837 	1.52875 	0
68.9421 	0.00172189 	-0.00519837 	1.52875 	0
69.0122 	0.00172189 	-0.00519837 	1.52875 	0
