0.01	0
0.02	0
0.03	0
0.04	0
0.05	0
0.06	0
0.07	0
0.08	0
0.09	0
0.1	0
0.11	0
0.12	0
0.13	0
0.14	0
0.15	0
0.16	0
0.17	0
0.18	0
0.19	0
0.2	0
0.21	0
0.22	0
0.23	0
0.24	0
0.25	0
0.26	0
0.27	0
0.28	0
0.29	0
0.3	0
0.31	0
0.32	0
0.33	0
0.34	0
0.35	0
0.36	0
0.37	0
0.38	0
0.39	0
0.4	0
0.41	0
0.42	0
0.43	0
0.44	0
0.45	0
0.46	0
0.47	0
0.48	0
0.49	0
0.5	0
0.51	0
0.52	0
0.53	0
0.54	0
0.55	0
0.56	0
0.57	0
0.58	0
0.59	0
0.6	0
0.61	0
0.62	0
0.63	0
0.64	0
0.65	0
0.66	0
0.67	0
0.68	0
0.69	0
0.7	0
0.71	0
0.72	0
0.73	0
0.74	0
0.75	0
0.76	0
0.77	0
0.78	0
0.79	0
0.8	0
0.81	0
0.82	0
0.83	0
0.84	0
0.85	0
0.86	0
0.87	0
0.88	0
0.89	0
0.9	0
0.91	0
0.92	0
0.93	0
0.94	0
0.95	0
0.96	0
0.97	0
0.98	0
0.99	0
1	0
1.01	0
1.02	0
1.03	0
1.04	0
1.05	0
1.06	0
1.07	0
1.08	0
1.09	0
1.1	0
1.11	0
1.12	0
1.13	0
1.14	0
1.15	0
1.16	0
1.17	0
1.18	0
1.19	0
1.2	0
1.21	0
1.22	0
1.23	0
1.24	0
1.25	0
1.26	0
1.27	0
1.28	0
1.29	0
1.3	0
1.31	0
1.32	0
1.33	0
1.34	0
1.35	0
1.36	0
1.37	0
1.38	0
1.39	0
1.4	0
1.41	0
1.42	0
1.43	0
1.44	0
1.45	0
1.46	0
1.47	0
1.48	0
1.49	0
1.5	0
1.51	0
1.52	0
1.53	0
1.54	0
1.55	0
1.56	0
1.57	0
1.58	0
1.59	0
1.6	0
1.61	0
1.62	0
1.63	0
1.64	0
1.65	0
1.66	0
1.67	0
1.68	0
1.69	0
1.7	0
1.71	0
1.72	0
1.73	0
1.74	0
1.75	0
1.76	0
1.77	0
1.78	0
1.79	0
1.8	0
1.81	0
1.82	0
1.83	0
1.84	0
1.85	0
1.86	0
1.87	0
1.88	0
1.89	0
1.9	0
1.91	0
1.92	0
1.93	0
1.94	0
1.95	0
1.96	0
1.97	0
1.98	0
1.99	0
2	0
2.01	0
2.02	0
2.03	0
2.04	0
2.05	0
2.06	0
2.07	0
2.08	0
2.09	0
2.1	0
2.11	0
2.12	0
2.13	0
2.14	0
2.15	0
2.16	0
2.17	0
2.18	0
2.19	0
2.2	0
2.21	0
2.22	0
2.23	0
2.24	0
2.25	0
2.26	0
2.27	0
2.28	0
2.29	0
2.3	0
2.31	0
2.32	0
2.33	0
2.34	0
2.35	0
2.36	0
2.37	0
2.38	0
2.39	0
2.4	0
2.41	0
2.42	0
2.43	0
2.44	0
2.45	0
2.46	0
2.47	0
2.48	0
2.49	0
2.5	0
2.51	0
2.52	0
2.53	0
2.54	0
2.55	0
2.56	0
2.57	0
2.58	0
2.59	0
2.6	0
2.61	0
2.62	0
2.63	0
2.64	0
2.65	0
2.66	0
2.67	0
2.68	0
2.69	0
2.7	0
2.71	0
2.72	0
2.73	0
2.74	0
2.75	0
2.76	0
2.77	0
2.78	0
2.79	0
2.8	0
2.81	0
2.82	0
2.83	0
2.84	0
2.85	0
2.86	0
2.87	0
2.88	0
2.89	0
2.9	0
2.91	0
2.92	0
2.93	0
2.94	0
2.95	0
2.96	0
2.97	0
2.98	0
2.99	0
3	0
3.01	0
3.02	0
3.03	0
3.04	0
3.05	0
3.06	0
3.07	0
3.08	0
3.09	0
3.1	0
3.11	0
3.12	0
3.13	0
3.14	0
3.15	0
3.16	0
3.17	0
3.18	0
3.19	0
3.2	0
3.21	0
3.22	0
3.23	0
3.24	0
3.25	0
3.26	0
3.27	0
3.28	0
3.29	0
3.3	0
3.31	0
3.32	0
3.33	0
3.34	0
3.35	0
3.36	0
3.37	0
3.38	0
3.39	0
3.4	0
3.41	0
3.42	0
3.43	0
3.44	0
3.45	0
3.46	0
3.47	0
3.48	0
3.49	0
3.5	0
3.51	0
3.52	0
3.53	0
3.54	0
3.55	0
3.56	0
3.57	0
3.58	0
3.59	0
3.6	0
3.61	0
3.62	0
3.63	0
3.64	0
3.65	0
3.66	0
3.67	0
3.68	0
3.69	0
3.7	0
3.71	0
3.72	0
3.73	0
3.74	0
3.75	0
3.76	0
3.77	0
3.78	1
3.79	1
3.8	1
3.81	1
3.82	1
3.83	1
3.84	1
3.85	1
3.86	1
3.87	1
3.88	1
3.89	1
3.9	1
3.91	1
3.92	1
3.93	1
3.94	1
3.95	1
3.96	1
3.97	1
3.98	1
3.99	1
4	1
4.01	1
4.02	1
4.03	1
4.04	1
4.05	1
4.06	1
4.07	1
4.08	1
4.09	1
4.1	1
4.11	1
4.12	1
4.13	1
4.14	1
4.15	1
4.16	1
4.17	1
4.18	1
4.19	1
4.2	1
4.21	1
4.22	1
4.23	1
4.24	1
4.25	1
4.26	1
4.27	1
4.28	1
4.29	1
4.3	1
4.31	1
4.32	1
4.33	1
4.34	1
4.35	1
4.36	1
4.37	1
4.38	1
4.39	1
4.4	1
4.41	1
4.42	1
4.43	1
4.44	1
4.45	1
4.46	1
4.47	1
4.48	1
4.49	1
4.5	1
4.51	1
4.52	1
4.53	1
4.54	1
4.55	1
4.56	1
4.57	1
4.58	1
4.59	1
4.6	1
4.61	1
4.62	1
4.63	1
4.64	1
4.65	1
4.66	1
4.67	1
4.68	1
4.69	1
4.7	1
4.71	1
4.72	1
4.73	1
4.74	1
4.75	1
4.76	1
4.77	1
4.78	1
4.79	1
4.8	1
4.81	1
4.82	1
4.83	1
4.84	1
4.85	1
4.86	1
4.87	1
4.88	1
4.89	1
4.9	1
4.91	1
4.92	1
4.93	1
4.94	1
4.95	1
4.96	1
4.97	1
4.98	1
4.99	1
5	1
5.01	1
5.02	1
5.03	1
5.04	1
5.05	1
5.06	1
5.07	1
5.08	1
5.09	1
5.1	1
5.11	1
5.12	1
5.13	1
5.14	1
5.15	1
5.16	1
5.17	1
5.18	1
5.19	1
5.2	1
5.21	1
5.22	1
5.23	1
5.24	1
5.25	1
5.26	1
5.27	1
5.28	1
5.29	1
5.3	1
5.31	1
5.32	1
5.33	1
5.34	1
5.35	1
5.36	1
5.37	1
5.38	1
5.39	1
5.4	1
5.41	1
5.42	1
5.43	1
5.44	1
5.45	1
5.46	1
5.47	1
5.48	1
5.49	1
5.5	1
5.51	1
5.52	1
5.53	1
5.54	1
5.55	1
5.56	1
5.57	1
5.58	1
5.59	1
5.6	1
5.61	1
5.62	1
5.63	1
5.64	1
5.65	1
5.66	1
5.67	1
5.68	1
5.69	1
5.7	1
5.71	1
5.72	1
5.73	1
5.74	1
5.75	1
5.76	1
5.77	1
5.78	1
5.79	1
5.8	1
5.81	1
5.82	1
5.83	1
5.84	1
5.85	1
5.86	1
5.87	1
5.88	1
5.89	1
5.9	1
5.91	1
5.92	1
5.93	1
5.94	1
5.95	1
5.96	1
5.97	1
5.98	1
5.99	1
6	1
6.01	1
6.02	1
6.03	1
6.04	1
6.05	1
6.06	1
6.07	1
6.08	1
6.09	1
6.1	1
6.11	1
6.12	1
6.13	1
6.14	1
6.15	1
6.16	1
6.17	1
6.18	1
6.19	1
6.2	1
6.21	1
6.22	1
6.23	1
6.24	1
6.25	1
6.26	1
6.27	1
6.28	1
6.29	1
6.3	1
6.31	1
6.32	1
6.33	1
6.34	1
6.35	1
6.36	1
6.37	1
6.38	1
6.39	1
6.4	1
6.41	1
6.42	1
6.43	1
6.44	1
6.45	1
6.46	1
6.47	1
6.48	1
6.49	1
6.5	1
6.51	1
6.52	1
6.53	1
6.54	1
6.55	1
6.56	1
6.57	1
6.58	1
6.59	1
6.6	1
6.61	1
6.62	1
6.63	1
6.64	1
6.65	1
6.66	1
6.67	1
6.68	1
6.69	1
6.7	1
6.71	1
6.72	1
6.73	1
6.74	1
6.75	1
6.76	1
6.77	1
6.78	1
6.79	1
6.8	1
6.81	1
6.82	1
6.83	1
6.84	1
6.85	1
6.86	1
6.87	1
6.88	1
6.89	1
6.9	1
6.91	1
6.92	1
6.93	1
6.94	1
6.95	1
6.96	1
6.97	1
6.98	1
6.99	1
7	1
7.01	1
7.02	1
7.03	1
7.04	1
7.05	1
7.06	1
7.07	1
7.08	1
7.09	1
7.1	1
7.11	1
7.12	1
7.13	1
7.14	1
7.15	1
7.16	1
7.17	1
7.18	1
7.19	1
7.2	1
7.21	1
7.22	1
7.23	1
7.24	1
7.25	1
7.26	1
7.27	1
7.28	1
7.29	1
7.3	1
7.31	1
7.32	1
7.33	1
7.34	1
7.35	1
7.36	1
7.37	1
7.38	1
7.39	1
7.4	1
7.41	1
7.42	1
7.43	1
7.44	1
7.45	1
7.46	1
7.47	1
7.48	1
7.49	1
7.5	1
7.51	1
7.52	1
7.53	1
7.54	1
7.55	1
7.56	1
7.57	1
7.58	1
7.59	1
7.6	1
7.61	1
7.62	1
7.63	1
7.64	1
7.65	1
7.66	1
7.67	1
7.68	1
7.69	1
7.7	1
7.71	1
7.72	1
7.73	1
7.74	1
7.75	1
7.76	1
7.77	1
7.78	1
7.79	1
7.8	1
7.81	1
7.82	1
7.83	1
7.84	1
7.85	1
7.86	1
7.87	1
7.88	1
7.89	1
7.9	1
7.91	1
7.92	1
7.93	1
7.94	1
7.95	1
7.96	1
7.97	1
7.98	1
7.99	1
8	1
8.01	1
8.02	1
8.03	1
8.04	1
8.05	1
8.06	1
8.07	1
8.08	1
8.09	1
8.1	1
8.11	1
8.12	1
8.13	1
8.14	1
8.15	1
8.16	1
8.17	1
8.18	1
8.19	1
8.2	1
8.21	1
8.22	1
8.23	1
8.24	1
8.25	1
8.26	1
8.27	1
8.28	1
8.29	1
8.3	1
8.31	1
8.32	1
8.33	1
8.34	1
8.35	1
8.36	1
8.37	1
8.38	1
8.39	1
8.4	1
8.41	1
8.42	1
8.43	1
8.44	1
8.45	1
8.46	1
8.47	1
8.48	1
8.49	1
8.5	1
8.51	1
8.52	1
8.53	1
8.54	1
8.55	1
8.56	1
8.57	1
8.58	1
8.59	1
8.6	1
8.61	1
8.62	1
8.63	1
8.64	1
8.65	1
8.66	1
8.67	1
8.68	1
8.69	1
8.7	1
8.71	1
8.72	1
8.73	1
8.74	1
8.75	1
8.76	1
8.77	1
8.78	1
8.79	1
8.8	1
8.81	1
8.82	1
8.83	1
8.84	1
8.85	1
8.86	1
8.87	1
8.88	1
8.89	1
8.9	1
8.91	1
8.92	1
8.93	1
8.94	1
8.95	1
8.96	1
8.97	1
8.98	1
8.99	1
9	1
9.01	1
9.02	1
9.03	1
9.04	1
9.05	1
9.06	1
9.07	1
9.08	1
9.09	1
9.1	1
9.11	1
9.12	1
9.13	1
9.14	1
9.15	1
9.16	1
9.17	1
9.18	1
9.19	1
9.2	1
9.21	1
9.22	1
9.23	1
9.24	1
9.25	1
9.26	1
9.27	1
9.28	1
9.29	1
9.3	1
9.31	1
9.32	1
9.33	1
9.34	1
9.35	1
9.36	1
9.37	1
9.38	1
9.39	1
9.4	1
9.41	1
9.42	1
9.43	1
9.44	1
9.45	1
9.46	1
9.47	1
9.48	1
9.49	1
9.5	1
9.51	1
9.52	1
9.53	1
9.54	1
9.55	1
9.56	1
9.57	1
9.58	1
9.59	1
9.6	1
9.61	1
9.62	1
9.63	1
9.64	1
9.65	1
9.66	1
9.67	1
9.68	1
9.69	1
9.7	1
9.71	1
9.72	1
9.73	1
9.74	1
9.75	1
9.76	1
9.77	1
9.78	1
9.79	1
9.8	1
9.81	1
9.82	1
9.83	1
9.84	1
9.85	1
9.86	1
9.87	1
9.88	1
9.89	1
9.9	1
9.91	1
9.92	1
9.93	1
9.94	1
9.95	1
9.96	1
9.97	1
9.98	1
9.99	1
10	1
10.01	1
10.02	1
10.03	1
10.04	1
10.05	1
10.06	1
10.07	1
10.08	1
10.09	1
10.1	1
10.11	1
10.12	1
10.13	1
10.14	1
10.15	1
10.16	1
10.17	1
10.18	1
10.19	1
10.2	1
10.21	1
10.22	1
10.23	1
10.24	1
10.25	1
10.26	1
10.27	1
10.28	1
10.29	1
10.3	1
10.31	1
10.32	1
10.33	1
10.34	1
10.35	1
10.36	1
10.37	1
10.38	1
10.39	1
10.4	1
10.41	1
10.42	1
10.43	1
10.44	1
10.45	1
10.46	1
10.47	1
10.48	1
10.49	1
10.5	1
10.51	1
10.52	1
10.53	1
10.54	1
10.55	1
10.56	1
10.57	1
10.58	1
10.59	1
10.6	1
10.61	1
10.62	1
10.63	1
10.64	1
10.65	1
10.66	1
10.67	1
10.68	1
10.69	1
10.7	1
10.71	1
10.72	1
10.73	1
10.74	1
10.75	1
10.76	1
10.77	1
10.78	1
10.79	1
10.8	1
10.81	1
10.82	1
10.83	1
10.84	1
10.85	1
10.86	1
10.87	1
10.88	1
10.89	1
10.9	1
10.91	1
10.92	1
10.93	1
10.94	1
10.95	1
10.96	1
10.97	1
10.98	1
10.99	1
11	1
11.01	1
11.02	1
11.03	1
11.04	1
11.05	1
11.06	1
11.07	1
11.08	1
11.09	1
11.1	1
11.11	1
11.12	1
11.13	1
11.14	1
11.15	1
11.16	1
11.17	1
11.18	1
11.19	1
11.2	1
11.21	1
11.22	1
11.23	1
11.24	1
11.25	1
11.26	1
11.27	1
11.28	1
11.29	1
11.3	1
11.31	1
11.32	1
11.33	1
11.34	1
11.35	1
11.36	1
11.37	1
11.38	1
11.39	1
11.4	1
11.41	1
11.42	1
11.43	1
11.44	1
11.45	1
11.46	1
11.47	1
11.48	1
11.49	1
11.5	1
11.51	1
11.52	1
11.53	1
11.54	1
11.55	1
11.56	1
11.57	1
11.58	1
11.59	1
11.6	1
11.61	1
11.62	1
11.63	1
11.64	1
11.65	1
11.66	1
11.67	1
11.68	1
11.69	1
11.7	1
11.71	1
11.72	1
11.73	1
11.74	1
11.75	1
11.76	1
11.77	1
11.78	1
11.79	1
11.8	1
11.81	1
11.82	1
11.83	1
11.84	1
11.85	1
11.86	1
11.87	1
11.88	1
11.89	1
11.9	1
11.91	1
11.92	1
11.93	1
11.94	1
11.95	1
11.96	1
11.97	1
11.98	1
11.99	1
12	1
12.01	1
12.02	1
12.03	1
12.04	1
12.05	1
12.06	1
12.07	1
12.08	1
12.09	1
12.1	1
12.11	1
12.12	1
12.13	1
12.14	1
12.15	1
12.16	1
12.17	1
12.18	1
12.19	1
12.2	1
12.21	1
12.22	1
12.23	1
12.24	1
12.25	1
12.26	1
12.27	1
12.28	1
12.29	1
12.3	1
12.31	1
12.32	1
12.33	1
12.34	1
12.35	1
12.36	1
12.37	1
12.38	1
12.39	1
12.4	1
12.41	1
12.42	1
12.43	1
12.44	1
12.45	1
12.46	1
12.47	1
12.48	1
12.49	1
12.5	1
12.51	1
12.52	1
12.53	1
12.54	1
12.55	1
12.56	1
12.57	1
12.58	1
12.59	1
12.6	1
12.61	1
12.62	1
12.63	1
12.64	1
12.65	1
12.66	1
12.67	1
12.68	1
12.69	1
12.7	1
12.71	1
12.72	1
12.73	1
12.74	1
12.75	1
12.76	1
12.77	1
12.78	1
12.79	1
12.8	1
12.81	1
12.82	1
12.83	1
12.84	1
12.85	1
12.86	1
12.87	1
12.88	1
12.89	2
12.9	2
12.91	2
12.92	2
12.93	2
12.94	2
12.95	2
12.96	2
12.97	2
12.98	2
12.99	2
13	2
13.01	2
13.02	2
13.03	2
13.04	2
13.05	2
13.06	2
13.07	2
13.08	2
13.09	2
13.1	2
13.11	2
13.12	2
13.13	2
13.14	2
13.15	2
13.16	2
13.17	2
13.18	2
13.19	2
13.2	2
13.21	2
13.22	2
13.23	2
13.24	2
13.25	2
13.26	2
13.27	2
13.28	2
13.29	2
13.3	2
13.31	2
13.32	2
13.33	2
13.34	2
13.35	2
13.36	2
13.37	2
13.38	2
13.39	2
13.4	2
13.41	2
13.42	2
13.43	2
13.44	2
13.45	2
13.46	2
13.47	2
13.48	2
13.49	2
13.5	2
13.51	2
13.52	2
13.53	2
13.54	2
13.55	2
13.56	2
13.57	2
13.58	2
13.59	2
13.6	2
13.61	2
13.62	2
13.63	2
13.64	2
13.65	2
13.66	2
13.67	2
13.68	2
13.69	2
13.7	2
13.71	2
13.72	2
13.73	2
13.74	2
13.75	2
13.76	2
13.77	2
13.78	2
13.79	2
13.8	2
13.81	2
13.82	2
13.83	2
13.84	2
13.85	2
13.86	2
13.87	2
13.88	2
13.89	2
13.9	2
13.91	2
13.92	2
13.93	2
13.94	2
13.95	2
13.96	2
13.97	2
13.98	2
13.99	2
14	2
14.01	2
14.02	2
14.03	2
14.04	2
14.05	2
14.06	2
14.07	2
14.08	2
14.09	2
14.1	2
14.11	2
14.12	2
14.13	2
14.14	2
14.15	2
14.16	2
14.17	2
14.18	2
14.19	2
14.2	2
14.21	2
14.22	2
14.23	2
14.24	2
14.25	2
14.26	2
14.27	2
14.28	2
14.29	2
14.3	2
14.31	2
14.32	2
14.33	2
14.34	2
14.35	2
14.36	2
14.37	2
14.38	2
14.39	2
14.4	2
14.41	2
14.42	2
14.43	2
14.44	2
14.45	2
14.46	2
14.47	2
14.48	2
14.49	2
14.5	2
14.51	2
14.52	2
14.53	2
14.54	2
14.55	2
14.56	2
14.57	2
14.58	2
14.59	2
14.6	2
14.61	2
14.62	2
14.63	2
14.64	2
14.65	2
14.66	2
14.67	2
14.68	2
14.69	2
14.7	2
14.71	2
14.72	2
14.73	2
14.74	2
14.75	2
14.76	2
14.77	2
14.78	2
14.79	2
14.8	2
14.81	2
14.82	2
14.83	2
14.84	2
14.85	2
14.86	2
14.87	2
14.88	2
14.89	2
14.9	2
14.91	2
14.92	2
14.93	2
14.94	2
14.95	2
14.96	2
14.97	2
14.98	2
14.99	2
15	2
15.01	2
15.02	2
15.03	2
15.04	2
15.05	2
15.06	2
15.07	2
15.08	2
15.09	2
15.1	2
15.11	2
15.12	2
15.13	2
15.14	2
15.15	2
15.16	2
15.17	2
15.18	2
15.19	2
15.2	2
15.21	2
15.22	2
15.23	2
15.24	2
15.25	2
15.26	2
15.27	2
15.28	2
15.29	2
15.3	2
15.31	2
15.32	2
15.33	2
15.34	2
15.35	2
15.36	2
15.37	2
15.38	2
15.39	2
15.4	2
15.41	2
15.42	2
15.43	2
15.44	2
15.45	2
15.46	2
15.47	2
15.48	2
15.49	2
15.5	2
15.51	2
15.52	2
15.53	2
15.54	2
15.55	2
15.56	2
15.57	2
15.58	2
15.59	2
15.6	2
15.61	2
15.62	2
15.63	2
15.64	2
15.65	2
15.66	2
15.67	2
15.68	2
15.69	2
15.7	2
15.71	2
15.72	2
15.73	2
15.74	2
15.75	2
15.76	2
15.77	2
15.78	2
15.79	2
15.8	2
15.81	2
15.82	2
15.83	2
15.84	2
15.85	2
15.86	2
15.87	2
15.88	2
15.89	2
15.9	2
15.91	2
15.92	2
15.93	2
15.94	2
15.95	2
15.96	2
15.97	2
15.98	2
15.99	2
16	2
16.01	2
16.02	2
16.03	2
16.04	2
16.05	2
16.06	2
16.07	2
16.08	2
16.09	2
16.1	2
16.11	2
16.12	2
16.13	2
16.14	2
16.15	2
16.16	2
16.17	2
16.18	2
16.19	2
16.2	2
16.21	2
16.22	2
16.23	2
16.24	2
16.25	2
16.26	2
16.27	2
16.28	2
16.29	2
16.3	2
16.31	2
16.32	2
16.33	2
16.34	2
16.35	2
16.36	2
16.37	2
16.38	2
16.39	2
16.4	2
16.41	2
16.42	2
16.43	2
16.44	2
16.45	2
16.46	2
16.47	2
16.48	2
16.49	2
16.5	2
16.51	2
16.52	2
16.53	2
16.54	2
16.55	2
16.56	2
16.57	2
16.58	2
16.59	2
16.6	2
16.61	2
16.62	2
16.63	2
16.64	2
16.65	2
16.66	2
16.67	2
16.68	2
16.69	2
16.7	2
16.71	2
16.72	2
16.73	2
16.74	2
16.75	2
16.76	2
16.77	2
16.78	2
16.79	2
16.8	2
16.81	2
16.82	2
16.83	2
16.84	2
16.85	2
16.86	2
16.87	2
16.88	2
16.89	2
16.9	2
16.91	2
16.92	2
16.93	2
16.94	2
16.95	2
16.96	2
16.97	2
16.98	2
16.99	2
17	2
17.01	2
17.02	2
17.03	2
17.04	2
17.05	2
17.06	2
17.07	2
17.08	2
17.09	2
17.1	2
17.11	2
17.12	2
17.13	2
17.14	2
17.15	2
17.16	2
17.17	2
17.18	2
17.19	2
17.2	2
17.21	2
17.22	2
17.23	2
17.24	2
17.25	2
17.26	2
17.27	2
17.28	2
17.29	2
17.3	2
17.31	2
17.32	2
17.33	2
17.34	2
17.35	2
17.36	2
17.37	2
17.38	2
17.39	2
17.4	2
17.41	2
17.42	2
17.43	2
17.44	2
17.45	2
17.46	2
17.47	2
17.48	2
17.49	2
17.5	2
17.51	2
17.52	2
17.53	2
17.54	2
17.55	2
17.56	2
17.57	2
17.58	2
17.59	2
17.6	2
17.61	2
17.62	2
17.63	2
17.64	2
17.65	2
17.66	2
17.67	2
17.68	2
17.69	2
17.7	2
17.71	2
17.72	2
17.73	2
17.74	2
17.75	2
17.76	2
17.77	2
17.78	2
17.79	2
17.8	2
17.81	2
17.82	2
17.83	2
17.84	2
17.85	2
17.86	2
17.87	2
17.88	2
17.89	2
17.9	2
17.91	2
17.92	2
17.93	2
17.94	2
17.95	2
17.96	2
17.97	2
17.98	2
17.99	2
18	2
18.01	2
18.02	2
18.03	2
18.04	2
18.05	2
18.06	2
18.07	2
18.08	2
18.09	2
18.1	2
18.11	2
18.12	2
18.13	2
18.14	2
18.15	2
18.16	2
18.17	2
18.18	2
18.19	2
18.2	2
18.21	2
18.22	2
18.23	2
18.24	2
18.25	2
18.26	2
18.27	2
18.28	2
18.29	2
18.3	2
18.31	2
18.32	2
18.33	2
18.34	2
18.35	2
18.36	2
18.37	2
18.38	2
18.39	2
18.4	2
18.41	2
18.42	2
18.43	2
18.44	2
18.45	2
18.46	2
18.47	2
18.48	2
18.49	2
18.5	2
18.51	2
18.52	2
18.53	2
18.54	2
18.55	2
18.56	2
18.57	2
18.58	2
18.59	2
18.6	2
18.61	2
18.62	2
18.63	2
18.64	2
18.65	2
18.66	2
18.67	2
18.68	2
18.69	2
18.7	2
18.71	2
18.72	2
18.73	2
18.74	2
18.75	2
18.76	2
18.77	2
18.78	2
18.79	2
18.8	2
18.81	2
18.82	2
18.83	2
18.84	2
18.85	2
18.86	2
18.87	2
18.88	2
18.89	2
18.9	2
18.91	2
18.92	2
18.93	2
18.94	2
18.95	2
18.96	2
18.97	2
18.98	2
18.99	2
19	2
19.01	2
19.02	2
19.03	2
19.04	2
19.05	2
19.06	2
19.07	2
19.08	2
19.09	2
19.1	2
19.11	2
19.12	2
19.13	2
19.14	2
19.15	2
19.16	2
19.17	2
19.18	2
19.19	2
19.2	2
19.21	2
19.22	2
19.23	2
19.24	2
19.25	2
19.26	2
19.27	2
19.28	2
19.29	2
19.3	2
19.31	2
19.32	2
19.33	2
19.34	2
19.35	2
19.36	2
19.37	2
19.38	2
19.39	2
19.4	2
19.41	2
19.42	2
19.43	2
19.44	2
19.45	2
19.46	2
19.47	2
19.48	2
19.49	2
19.5	2
19.51	2
19.52	2
19.53	2
19.54	2
19.55	2
19.56	2
19.57	2
19.58	2
19.59	2
19.6	2
19.61	2
19.62	2
19.63	2
19.64	2
19.65	2
19.66	2
19.67	2
19.68	2
19.69	2
19.7	2
19.71	2
19.72	2
19.73	2
19.74	2
19.75	2
19.76	2
19.77	2
19.78	2
19.79	2
19.8	2
19.81	2
19.82	2
19.83	2
19.84	2
19.85	2
19.86	2
19.87	2
19.88	2
19.89	2
19.9	2
19.91	2
19.92	2
19.93	2
19.94	2
19.95	2
19.96	2
19.97	2
19.98	2
19.99	2
20	2
20.01	2
20.02	2
20.03	2
20.04	2
20.05	2
20.06	2
20.07	2
20.08	2
20.09	2
20.1	2
20.11	2
20.12	2
20.13	2
20.14	2
20.15	2
20.16	2
20.17	2
20.18	2
20.19	2
20.2	2
20.21	2
20.22	2
20.23	2
20.24	2
20.25	2
20.26	2
20.27	2
20.28	2
20.29	2
20.3	2
20.31	2
20.32	2
20.33	2
20.34	2
20.35	2
20.36	2
20.37	2
20.38	2
20.39	2
20.4	2
20.41	2
20.42	2
20.43	2
20.44	2
20.45	2
20.46	2
20.47	2
20.48	2
20.49	2
20.5	2
20.51	2
20.52	2
20.53	2
20.54	2
20.55	2
20.56	2
20.57	2
20.58	2
20.59	2
20.6	2
20.61	2
20.62	2
20.63	2
20.64	2
20.65	2
20.66	2
20.67	2
20.68	2
20.69	2
20.7	2
20.71	2
20.72	2
20.73	2
20.74	2
20.75	2
20.76	2
20.77	2
20.78	2
20.79	2
20.8	2
20.81	2
20.82	2
20.83	2
20.84	2
20.85	2
20.86	2
20.87	2
20.88	2
20.89	2
20.9	2
20.91	2
20.92	2
20.93	2
20.94	2
20.95	2
20.96	2
20.97	2
20.98	2
20.99	2
21	2
21.01	2
21.02	2
21.03	2
21.04	2
21.05	2
21.06	2
21.07	2
21.08	2
21.09	2
21.1	2
21.11	2
21.12	2
21.13	2
21.14	2
21.15	2
21.16	2
21.17	2
21.18	2
21.19	2
21.2	2
21.21	2
21.22	2
21.23	2
21.24	2
21.25	2
21.26	2
21.27	2
21.28	2
21.29	2
21.3	2
21.31	2
21.32	2
21.33	2
21.34	2
21.35	2
21.36	2
21.37	2
21.38	2
21.39	2
21.4	2
21.41	2
21.42	2
21.43	2
21.44	2
21.45	2
21.46	2
21.47	2
21.48	2
21.49	2
21.5	2
21.51	2
21.52	2
21.53	2
21.54	2
21.55	2
21.56	2
21.57	2
21.58	2
21.59	2
21.6	2
21.61	2
21.62	2
21.63	2
21.64	2
21.65	2
21.66	2
21.67	2
21.68	2
21.69	2
21.7	2
21.71	2
21.72	2
21.73	2
21.74	2
21.75	2
21.76	2
21.77	2
21.78	2
21.79	2
21.8	2
21.81	2
21.82	2
21.83	2
21.84	2
21.85	2
21.86	2
21.87	2
21.88	2
21.89	2
21.9	2
21.91	2
21.92	2
21.93	2
21.94	2
21.95	2
21.96	2
21.97	2
21.98	2
21.99	2
22	2
22.01	2
22.02	2
22.03	2
22.04	2
22.05	2
22.06	2
22.07	2
22.08	2
22.09	2
22.1	2
22.11	2
22.12	2
22.13	2
22.14	2
22.15	2
22.16	2
22.17	2
22.18	2
22.19	2
22.2	2
22.21	2
22.22	2
22.23	2
22.24	2
22.25	2
22.26	2
22.27	2
22.28	2
22.29	2
22.3	2
22.31	2
22.32	2
22.33	2
22.34	2
22.35	2
22.36	2
22.37	2
22.38	2
22.39	2
22.4	2
22.41	2
22.42	2
22.43	2
22.44	2
22.45	2
22.46	2
22.47	2
22.48	2
22.49	2
22.5	2
22.51	2
22.52	2
22.53	2
22.54	2
22.55	2
22.56	2
22.57	2
22.58	2
22.59	2
22.6	2
22.61	2
22.62	2
22.63	2
22.64	2
22.65	2
22.66	2
22.67	2
22.68	2
22.69	2
22.7	2
22.71	2
22.72	2
22.73	2
22.74	2
22.75	2
22.76	2
22.77	2
22.78	2
22.79	2
22.8	2
22.81	2
22.82	2
22.83	2
22.84	2
22.85	2
22.86	2
22.87	2
22.88	2
22.89	2
22.9	2
22.91	2
22.92	2
22.93	2
22.94	2
22.95	2
22.96	2
22.97	2
22.98	2
22.99	2
23	2
23.01	2
23.02	2
23.03	2
23.04	2
23.05	2
23.06	2
23.07	2
23.08	2
23.09	2
23.1	2
23.11	2
23.12	2
23.13	2
23.14	2
23.15	2
23.16	2
23.17	2
23.18	2
23.19	2
23.2	2
23.21	2
23.22	2
23.23	2
23.24	2
23.25	2
23.26	2
23.27	2
23.28	2
23.29	2
23.3	2
23.31	2
23.32	2
23.33	2
23.34	2
23.35	3
23.36	3
23.37	3
23.38	3
23.39	3
23.4	3
23.41	3
23.42	3
23.43	3
23.44	3
23.45	3
23.46	3
23.47	3
23.48	3
23.49	3
23.5	3
23.51	3
23.52	3
23.53	3
23.54	3
23.55	3
23.56	3
23.57	3
23.58	3
23.59	3
23.6	3
23.61	3
23.62	3
23.63	3
23.64	3
23.65	3
23.66	3
23.67	3
23.68	3
23.69	3
23.7	3
23.71	3
23.72	3
23.73	3
23.74	3
23.75	3
23.76	3
23.77	3
23.78	3
23.79	3
23.8	3
23.81	3
23.82	3
23.83	3
23.84	3
23.85	3
23.86	3
23.87	3
23.88	3
23.89	3
23.9	3
23.91	3
23.92	3
23.93	3
23.94	3
23.95	3
23.96	3
23.97	3
23.98	3
23.99	3
24	3
24.01	3
24.02	3
24.03	3
24.04	3
24.05	3
24.06	3
24.07	3
24.08	3
24.09	3
24.1	3
24.11	3
24.12	3
24.13	3
24.14	3
24.15	3
24.16	3
24.17	3
24.18	3
24.19	3
24.2	3
24.21	3
24.22	3
24.23	3
24.24	3
24.25	3
24.26	3
24.27	3
24.28	3
24.29	3
24.3	3
24.31	3
24.32	3
24.33	3
24.34	3
24.35	3
24.36	3
24.37	3
24.38	3
24.39	3
24.4	3
24.41	3
24.42	3
24.43	3
24.44	3
24.45	3
24.46	3
24.47	3
24.48	3
24.49	3
24.5	3
24.51	3
24.52	3
24.53	3
24.54	3
24.55	3
24.56	3
24.57	3
24.58	3
24.59	3
24.6	3
24.61	3
24.62	3
24.63	3
24.64	3
24.65	3
24.66	3
24.67	3
24.68	3
24.69	3
24.7	3
24.71	3
24.72	3
24.73	3
24.74	3
24.75	3
24.76	3
24.77	3
24.78	3
24.79	3
24.8	3
24.81	3
24.82	3
24.83	3
24.84	3
24.85	3
24.86	3
24.87	3
24.88	3
24.89	3
24.9	3
24.91	3
24.92	3
24.93	3
24.94	3
24.95	3
24.96	3
24.97	3
24.98	3
24.99	3
25	3
25.01	3
25.02	3
25.03	3
25.04	3
25.05	3
25.06	3
25.07	3
25.08	3
25.09	3
25.1	3
25.11	3
25.12	3
25.13	3
25.14	3
25.15	3
25.16	3
25.17	3
25.18	3
25.19	3
25.2	3
25.21	3
25.22	3
25.23	3
25.24	3
25.25	3
25.26	3
25.27	3
25.28	3
25.29	3
25.3	3
25.31	3
25.32	3
25.33	3
25.34	3
25.35	3
25.36	3
25.37	3
25.38	3
25.39	3
25.4	3
25.41	3
25.42	3
25.43	3
25.44	3
25.45	3
25.46	3
25.47	3
25.48	3
25.49	3
25.5	3
25.51	3
25.52	3
25.53	3
25.54	3
25.55	3
25.56	3
25.57	3
25.58	3
25.59	3
25.6	3
25.61	3
25.62	3
25.63	3
25.64	3
25.65	3
25.66	3
25.67	3
25.68	3
25.69	3
25.7	3
25.71	3
25.72	3
25.73	3
25.74	3
25.75	3
25.76	3
25.77	3
25.78	3
25.79	3
25.8	3
25.81	3
25.82	3
25.83	3
25.84	3
25.85	3
25.86	3
25.87	3
25.88	3
25.89	3
25.9	3
25.91	3
25.92	3
25.93	3
25.94	3
25.95	3
25.96	3
25.97	3
25.98	3
25.99	3
26	3
26.01	3
26.02	3
26.03	3
26.04	3
26.05	3
26.06	3
26.07	3
26.08	3
26.09	3
26.1	3
26.11	3
26.12	3
26.13	3
26.14	3
26.15	3
26.16	3
26.17	3
26.18	3
26.19	3
26.2	3
26.21	3
26.22	3
26.23	3
26.24	3
26.25	3
26.26	3
26.27	3
26.28	3
26.29	3
26.3	3
26.31	3
26.32	3
26.33	3
26.34	3
26.35	3
26.36	3
26.37	3
26.38	3
26.39	3
26.4	3
26.41	3
26.42	3
26.43	3
26.44	3
26.45	3
26.46	3
26.47	3
26.48	3
26.49	3
26.5	3
26.51	3
26.52	3
26.53	3
26.54	3
26.55	3
26.56	3
26.57	3
26.58	3
26.59	3
26.6	3
26.61	3
26.62	3
26.63	3
26.64	3
26.65	3
26.66	3
26.67	3
26.68	3
26.69	3
26.7	3
26.71	3
26.72	3
26.73	3
26.74	3
26.75	3
26.76	3
26.77	3
26.78	3
26.79	3
26.8	3
26.81	3
26.82	3
26.83	3
26.84	3
26.85	3
26.86	3
26.87	3
26.88	3
26.89	3
26.9	3
26.91	3
26.92	3
26.93	3
26.94	3
26.95	3
26.96	3
26.97	3
26.98	3
26.99	3
27	3
27.01	3
27.02	3
27.03	3
27.04	3
27.05	3
27.06	3
27.07	3
27.08	3
27.09	3
27.1	3
27.11	3
27.12	3
27.13	3
27.14	3
27.15	3
27.16	3
27.17	3
27.18	3
27.19	3
27.2	3
27.21	3
27.22	3
27.23	3
27.24	3
27.25	3
27.26	3
27.27	3
27.28	3
27.29	3
27.3	3
27.31	3
27.32	3
27.33	3
27.34	3
27.35	3
27.36	3
27.37	3
27.38	3
27.39	3
27.4	3
27.41	3
27.42	3
27.43	3
27.44	3
27.45	3
27.46	3
27.47	3
27.48	3
27.49	3
27.5	3
27.51	3
27.52	3
27.53	3
27.54	3
27.55	3
27.56	3
27.57	3
27.58	3
27.59	3
27.6	3
27.61	3
27.62	3
27.63	3
27.64	3
27.65	3
27.66	3
27.67	3
27.68	3
27.69	3
27.7	3
27.71	3
27.72	3
27.73	3
27.74	3
27.75	3
27.76	3
27.77	3
27.78	3
27.79	3
27.8	3
27.81	3
27.82	3
27.83	3
27.84	3
27.85	3
27.86	3
27.87	3
27.88	3
27.89	3
27.9	3
27.91	3
27.92	3
27.93	3
27.94	3
27.95	3
27.96	3
27.97	3
27.98	3
27.99	3
28	3
28.01	3
28.02	3
28.03	3
28.04	3
28.05	3
28.06	3
28.07	3
28.08	3
28.09	3
28.1	3
28.11	3
28.12	3
28.13	3
28.14	3
28.15	3
28.16	3
28.17	3
28.18	3
28.19	3
28.2	3
28.21	3
28.22	3
28.23	3
28.24	3
28.25	3
28.26	3
28.27	3
28.28	3
28.29	3
28.3	3
28.31	3
28.32	3
28.33	3
28.34	3
28.35	3
28.36	3
28.37	3
28.38	3
28.39	3
28.4	3
28.41	3
28.42	3
28.43	3
28.44	3
28.45	3
28.46	3
28.47	3
28.48	3
28.49	3
28.5	3
28.51	3
28.52	3
28.53	3
28.54	3
28.55	3
28.56	3
28.57	3
28.58	3
28.59	3
28.6	3
28.61	3
28.62	3
28.63	3
28.64	3
28.65	3
28.66	3
28.67	3
28.68	3
28.69	3
28.7	3
28.71	3
28.72	3
28.73	3
28.74	3
28.75	3
28.76	3
28.77	3
28.78	3
28.79	3
28.8	3
28.81	3
28.82	3
28.83	3
28.84	3
28.85	3
28.86	3
28.87	3
28.88	3
28.89	3
28.9	3
28.91	3
28.92	3
28.93	3
28.94	3
28.95	3
28.96	3
28.97	3
28.98	3
28.99	3
29	3
29.01	3
29.02	3
29.03	3
29.04	3
29.05	3
29.06	3
29.07	3
29.08	3
29.09	3
29.1	3
29.11	3
29.12	3
29.13	3
29.14	3
29.15	3
29.16	3
29.17	3
29.18	3
29.19	3
29.2	3
29.21	3
29.22	3
29.23	3
29.24	3
29.25	3
29.26	3
29.27	3
29.28	3
29.29	3
29.3	3
29.31	3
29.32	3
29.33	3
29.34	3
29.35	3
29.36	3
29.37	3
29.38	3
29.39	3
29.4	3
29.41	3
29.42	3
29.43	3
29.44	3
29.45	3
29.46	3
29.47	3
29.48	3
29.49	3
29.5	3
29.51	3
29.52	3
29.53	3
29.54	3
29.55	3
29.56	3
29.57	3
29.58	3
29.59	3
29.6	3
29.61	3
29.62	3
29.63	3
29.64	3
29.65	3
29.66	3
29.67	3
29.68	3
29.69	3
29.7	3
29.71	3
29.72	3
29.73	3
29.74	3
29.75	3
29.76	3
29.77	3
29.78	3
29.79	3
29.8	3
29.81	3
29.82	3
29.83	3
29.84	3
29.85	3
29.86	3
29.87	3
29.88	3
29.89	3
29.9	3
29.91	3
29.92	3
29.93	3
29.94	3
29.95	3
29.96	3
29.97	3
29.98	3
29.99	3
30	3
30.01	3
30.02	3
30.03	3
30.04	3
30.05	3
30.06	3
30.07	3
30.08	3
30.09	3
30.1	3
30.11	3
30.12	3
30.13	3
30.14	3
30.15	3
30.16	3
30.17	3
30.18	3
30.19	3
30.2	3
30.21	3
30.22	3
30.23	3
30.24	3
30.25	3
30.26	3
30.27	3
30.28	3
30.29	3
30.3	3
30.31	3
30.32	3
30.33	3
30.34	3
30.35	3
30.36	3
30.37	3
30.38	3
30.39	3
30.4	3
30.41	3
30.42	3
30.43	3
30.44	3
30.45	3
30.46	3
30.47	3
30.48	3
30.49	3
30.5	3
30.51	3
30.52	3
30.53	3
30.54	3
30.55	3
30.56	3
30.57	3
30.58	3
30.59	3
30.6	3
30.61	3
30.62	3
30.63	3
30.64	3
30.65	3
30.66	3
30.67	3
30.68	3
30.69	3
30.7	3
30.71	3
30.72	3
30.73	3
30.74	3
30.75	3
30.76	3
30.77	3
30.78	3
30.79	3
30.8	3
30.81	3
30.82	3
30.83	3
30.84	3
30.85	3
30.86	3
30.87	3
30.88	3
30.89	3
30.9	3
30.91	3
30.92	3
30.93	3
30.94	3
30.95	3
30.96	3
30.97	3
30.98	3
30.99	3
31	3
31.01	3
31.02	3
31.03	3
31.04	3
31.05	3
31.06	3
31.07	3
31.08	3
31.09	3
31.1	3
31.11	3
31.12	3
31.13	3
31.14	3
31.15	3
31.16	3
31.17	3
31.18	3
31.19	3
31.2	3
31.21	3
31.22	3
31.23	3
31.24	3
31.25	3
31.26	3
31.27	3
31.28	3
31.29	3
31.3	3
31.31	3
31.32	3
31.33	3
31.34	3
31.35	3
31.36	3
31.37	3
31.38	3
31.39	3
31.4	3
31.41	3
31.42	3
31.43	3
31.44	3
31.45	3
31.46	3
31.47	3
31.48	3
31.49	3
31.5	3
31.51	3
31.52	3
31.53	3
31.54	3
31.55	3
31.56	3
31.57	3
31.58	3
31.59	3
31.6	3
31.61	3
31.62	3
31.63	3
31.64	3
31.65	3
31.66	3
31.67	3
31.68	3
31.69	3
31.7	3
31.71	3
31.72	3
31.73	3
31.74	3
31.75	3
31.76	3
31.77	3
31.78	3
31.79	3
31.8	3
31.81	3
31.82	3
31.83	3
31.84	3
31.85	3
31.86	3
31.87	3
31.88	3
31.89	3
31.9	3
31.91	3
31.92	3
31.93	3
31.94	3
31.95	3
31.96	3
31.97	3
31.98	3
31.99	3
32	3
32.01	3
32.02	3
32.03	3
32.04	3
32.05	3
32.06	3
32.07	3
32.08	3
32.09	3
32.1	3
32.11	3
32.12	3
32.13	3
32.14	3
32.15	3
32.16	3
32.17	3
32.18	3
32.19	3
32.2	3
32.21	3
32.22	3
32.23	3
32.24	3
32.25	3
32.26	3
32.27	3
32.28	3
32.29	3
32.3	3
32.31	3
32.32	3
32.33	3
32.34	3
32.35	3
32.36	3
32.37	3
32.38	3
32.39	3
32.4	3
32.41	3
32.42	3
32.43	3
32.44	3
32.45	3
32.46	3
32.47	3
32.48	3
32.49	4
32.5	4
32.51	4
32.52	4
32.53	4
32.54	4
32.55	4
32.56	4
32.57	4
32.58	4
32.59	4
32.6	4
32.61	4
32.62	4
32.63	4
32.64	4
32.65	4
32.66	4
32.67	4
32.68	4
32.69	4
32.7	4
32.71	4
32.72	4
32.73	4
32.74	4
32.75	4
32.76	4
32.77	4
32.78	4
32.79	4
32.8	4
32.81	4
32.82	4
32.83	4
32.84	4
32.85	4
32.86	4
32.87	4
32.88	4
32.89	4
32.9	4
32.91	4
32.92	4
32.93	4
32.94	4
32.95	4
32.96	4
32.97	4
32.98	4
32.99	4
33	4
33.01	4
33.02	4
33.03	4
33.04	4
33.05	4
33.06	4
33.07	4
33.08	4
33.09	4
33.1	4
33.11	4
33.12	4
33.13	4
33.14	4
33.15	4
33.16	4
33.17	4
33.18	4
33.19	4
33.2	4
33.21	4
33.22	4
33.23	4
33.24	4
33.25	4
33.26	4
33.27	4
33.28	4
33.29	4
33.3	4
33.31	4
33.32	4
33.33	4
33.34	4
33.35	4
33.36	4
33.37	4
33.38	4
33.39	4
33.4	4
33.41	4
33.42	4
33.43	4
33.44	4
33.45	4
33.46	4
33.47	4
33.48	4
33.49	4
33.5	4
33.51	4
33.52	4
33.53	4
33.54	4
33.55	4
33.56	4
33.57	4
33.58	4
33.59	4
33.6	4
33.61	4
33.62	4
33.63	4
33.64	4
33.65	4
33.66	4
33.67	4
33.68	4
33.69	4
33.7	4
33.71	4
33.72	4
33.73	4
33.74	4
33.75	4
33.76	4
33.77	4
33.78	4
33.79	4
33.8	4
33.81	4
33.82	4
33.83	4
33.84	4
33.85	4
33.86	4
33.87	4
33.88	4
33.89	4
33.9	4
33.91	4
33.92	4
33.93	4
33.94	4
33.95	4
33.96	4
33.97	4
33.98	4
33.99	4
34	4
34.01	4
34.02	4
34.03	4
34.04	4
34.05	4
34.06	4
34.07	4
34.08	4
34.09	4
34.1	4
34.11	4
34.12	4
34.13	4
34.14	4
34.15	4
34.16	4
34.17	4
34.18	4
34.19	4
34.2	4
34.21	4
34.22	4
34.23	4
34.24	4
34.25	4
34.26	4
34.27	4
34.28	4
34.29	4
34.3	4
34.31	4
34.32	4
34.33	4
34.34	4
34.35	4
34.36	4
34.37	4
34.38	4
34.39	4
34.4	4
34.41	4
34.42	4
34.43	4
34.44	4
34.45	4
34.46	4
34.47	4
34.48	4
34.49	4
34.5	4
34.51	4
34.52	4
34.53	4
34.54	4
34.55	4
34.56	4
34.57	4
34.58	4
34.59	4
34.6	4
34.61	4
34.62	4
34.63	4
34.64	4
34.65	4
34.66	4
34.67	4
34.68	4
34.69	4
34.7	4
34.71	4
34.72	4
34.73	4
34.74	4
34.75	4
34.76	4
34.77	4
34.78	4
34.79	4
34.8	4
34.81	4
34.82	4
34.83	4
34.84	4
34.85	4
34.86	4
34.87	4
34.88	4
34.89	4
34.9	4
34.91	4
34.92	4
34.93	4
34.94	4
34.95	4
34.96	4
34.97	4
34.98	4
34.99	4
35	4
35.01	4
35.02	4
35.03	4
35.04	4
35.05	4
35.06	4
35.07	4
35.08	4
35.09	4
35.1	4
35.11	4
35.12	4
35.13	4
35.14	4
35.15	4
35.16	4
35.17	4
35.18	4
35.19	4
35.2	4
35.21	4
35.22	4
35.23	4
35.24	4
35.25	4
35.26	4
35.27	4
35.28	4
35.29	4
35.3	4
35.31	4
35.32	4
35.33	4
35.34	4
35.35	4
35.36	4
35.37	4
35.38	4
35.39	4
35.4	4
35.41	4
35.42	4
35.43	4
35.44	4
35.45	4
35.46	4
35.47	4
35.48	4
35.49	4
35.5	4
35.51	4
35.52	4
35.53	4
35.54	4
35.55	4
35.56	4
35.57	4
35.58	4
35.59	4
35.6	4
35.61	4
35.62	4
35.63	4
35.64	4
35.65	4
35.66	4
35.67	4
35.68	4
35.69	4
35.7	4
35.71	4
35.72	4
35.73	4
35.74	4
35.75	4
35.76	4
35.77	4
35.78	4
35.79	4
35.8	4
35.81	4
35.82	4
35.83	4
35.84	4
35.85	4
35.86	4
35.87	4
35.88	4
35.89	4
35.9	4
35.91	4
35.92	4
35.93	4
35.94	4
35.95	4
35.96	4
35.97	4
35.98	4
35.99	4
36	4
36.01	4
36.02	4
36.03	4
36.04	4
36.05	4
36.06	4
36.07	4
36.08	4
36.09	4
36.1	4
36.11	4
36.12	4
36.13	4
36.14	4
36.15	4
36.16	4
36.17	4
36.18	4
36.19	4
36.2	4
36.21	4
36.22	4
36.23	4
36.24	4
36.25	4
36.26	4
36.27	4
36.28	4
36.29	4
36.3	4
36.31	4
36.32	4
36.33	4
36.34	4
36.35	4
36.36	4
36.37	4
36.38	4
36.39	4
36.4	4
36.41	4
36.42	4
36.43	4
36.44	4
36.45	4
36.46	4
36.47	4
36.48	4
36.49	4
36.5	4
36.51	4
36.52	4
36.53	4
36.54	4
36.55	4
36.56	4
36.57	4
36.58	4
36.59	4
36.6	4
36.61	4
36.62	4
36.63	4
36.64	4
36.65	4
36.66	4
36.67	4
36.68	4
36.69	4
36.7	4
36.71	4
36.72	4
36.73	4
36.74	4
36.75	4
36.76	4
36.77	4
36.78	4
36.79	4
36.8	4
36.81	4
36.82	4
36.83	4
36.84	4
36.85	4
36.86	4
36.87	4
36.88	4
36.89	4
36.9	4
36.91	4
36.92	4
36.93	4
36.94	4
36.95	4
36.96	4
36.97	4
36.98	4
36.99	4
37	4
37.01	4
37.02	4
37.03	4
37.04	4
37.05	4
37.06	4
37.07	4
37.08	4
37.09	4
37.1	4
37.11	4
37.12	4
37.13	4
37.14	4
37.15	4
37.16	4
37.17	4
37.18	4
37.19	4
37.2	4
37.21	4
37.22	4
37.23	4
37.24	4
37.25	4
37.26	4
37.27	4
37.28	4
37.29	4
37.3	4
37.31	4
37.32	4
37.33	4
37.34	4
37.35	4
37.36	4
37.37	4
37.38	4
37.39	4
37.4	4
37.41	4
37.42	4
37.43	4
37.44	4
37.45	4
37.46	4
37.47	4
37.48	4
37.49	4
37.5	4
37.51	4
37.52	4
37.53	4
37.54	4
37.55	4
37.56	4
37.57	4
37.58	4
37.59	4
37.6	4
37.61	4
37.62	4
37.63	4
37.64	4
37.65	4
37.66	4
37.67	4
37.68	4
37.69	4
37.7	4
37.71	4
37.72	4
37.73	4
37.74	4
37.75	4
37.76	4
37.77	4
37.78	4
37.79	4
37.8	4
37.81	4
37.82	4
37.83	4
37.84	4
37.85	4
37.86	4
37.87	4
37.88	4
37.89	4
37.9	4
37.91	4
37.92	4
37.93	4
37.94	4
37.95	4
37.96	4
37.97	4
37.98	4
37.99	4
38	4
38.01	4
38.02	4
38.03	4
38.04	4
38.05	4
38.06	4
38.07	4
38.08	4
38.09	4
38.1	4
38.11	4
38.12	4
38.13	4
38.14	4
38.15	4
38.16	4
38.17	4
38.18	4
38.19	4
38.2	4
38.21	4
38.22	4
38.23	4
38.24	4
38.25	4
38.26	4
38.27	4
38.28	4
38.29	4
38.3	4
38.31	4
38.32	4
38.33	4
38.34	4
38.35	4
38.36	4
38.37	4
38.38	4
38.39	4
38.4	4
38.41	4
38.42	4
38.43	4
38.44	4
38.45	4
38.46	4
38.47	4
38.48	4
38.49	4
38.5	4
38.51	4
38.52	4
38.53	4
38.54	4
38.55	4
38.56	4
38.57	4
38.58	4
38.59	4
38.6	4
38.61	4
38.62	4
38.63	4
38.64	4
38.65	4
38.66	4
38.67	4
38.68	4
38.69	4
38.7	4
38.71	4
38.72	4
38.73	4
38.74	4
38.75	4
38.76	4
38.77	4
38.78	4
38.79	4
38.8	4
38.81	4
38.82	4
38.83	4
38.84	4
38.85	4
38.86	4
38.87	4
38.88	4
38.89	4
38.9	4
38.91	4
38.92	4
38.93	4
38.94	4
38.95	4
38.96	4
38.97	4
38.98	4
38.99	4
39	4
39.01	4
39.02	4
39.03	4
39.04	4
39.05	4
39.06	4
39.07	4
39.08	4
39.09	4
39.1	4
39.11	4
39.12	4
39.13	4
39.14	4
39.15	4
39.16	4
39.17	4
39.18	4
39.19	4
39.2	4
39.21	4
39.22	4
39.23	4
39.24	4
39.25	4
39.26	4
39.27	4
39.28	4
39.29	4
39.3	4
39.31	4
39.32	4
39.33	4
39.34	4
39.35	4
39.36	4
39.37	4
39.38	4
39.39	4
39.4	4
39.41	4
39.42	4
39.43	4
39.44	4
39.45	4
39.46	4
39.47	4
39.48	4
39.49	4
39.5	5
39.51	5
39.52	5
39.53	5
39.54	5
39.55	5
39.56	5
39.57	5
39.58	5
39.59	5
39.6	5
39.61	5
39.62	5
39.63	5
39.64	5
39.65	5
39.66	5
39.67	5
39.68	5
39.69	5
39.7	5
39.71	5
39.72	5
39.73	5
39.74	5
39.75	5
39.76	5
39.77	5
39.78	5
39.79	5
39.8	5
39.81	5
39.82	5
39.83	5
39.84	5
39.85	5
39.86	5
39.87	5
39.88	5
39.89	5
39.9	5
39.91	5
39.92	5
39.93	5
39.94	5
39.95	5
39.96	5
39.97	5
39.98	5
39.99	5
40	5
40.01	5
40.02	5
40.03	5
40.04	5
40.05	5
40.06	5
40.07	5
40.08	5
40.09	5
40.1	5
40.11	5
40.12	5
40.13	5
40.14	5
40.15	5
40.16	5
40.17	5
40.18	5
40.19	5
40.2	5
40.21	5
40.22	5
40.23	5
40.24	5
40.25	5
40.26	5
40.27	5
40.28	5
40.29	5
40.3	5
40.31	5
40.32	5
40.33	5
40.34	5
40.35	5
40.36	5
40.37	5
40.38	5
40.39	5
40.4	5
40.41	5
40.42	5
40.43	5
40.44	5
40.45	5
40.46	5
40.47	5
40.48	5
40.49	5
40.5	5
40.51	5
40.52	5
40.53	5
40.54	5
40.55	5
40.56	5
40.57	5
40.58	5
40.59	5
40.6	5
40.61	5
40.62	5
40.63	5
40.64	5
40.65	5
40.66	5
40.67	5
40.68	5
40.69	5
40.7	5
40.71	5
40.72	5
40.73	5
40.74	5
40.75	5
40.76	5
40.77	5
40.78	5
40.79	5
40.8	5
40.81	5
40.82	5
40.83	5
40.84	5
40.85	5
40.86	5
40.87	5
40.88	5
40.89	5
40.9	5
40.91	5
40.92	5
40.93	5
40.94	5
40.95	5
40.96	5
40.97	5
40.98	5
40.99	5
41	5
41.01	5
41.02	5
41.03	5
41.04	5
41.05	5
41.06	5
41.07	5
41.08	5
41.09	5
41.1	5
41.11	5
41.12	5
41.13	5
41.14	5
41.15	5
41.16	5
41.17	5
41.18	5
41.19	5
41.2	5
41.21	5
41.22	5
41.23	5
41.24	5
41.25	5
41.26	5
41.27	5
41.28	5
41.29	5
41.3	5
41.31	5
41.32	5
41.33	5
41.34	5
41.35	5
41.36	5
41.37	5
41.38	5
41.39	5
41.4	5
41.41	5
41.42	5
41.43	5
41.44	5
41.45	5
41.46	5
41.47	5
41.48	5
41.49	5
41.5	5
41.51	5
41.52	5
41.53	5
41.54	5
41.55	5
41.56	5
41.57	5
41.58	5
41.59	5
41.6	5
41.61	5
41.62	5
41.63	5
41.64	5
41.65	5
41.66	5
41.67	5
41.68	5
41.69	5
41.7	5
41.71	5
41.72	5
41.73	5
41.74	5
41.75	5
41.76	5
41.77	5
41.78	5
41.79	5
41.8	5
41.81	5
41.82	5
41.83	5
41.84	5
41.85	5
41.86	5
41.87	5
41.88	5
41.89	5
41.9	5
41.91	5
41.92	5
41.93	5
41.94	5
41.95	5
41.96	5
41.97	5
41.98	5
41.99	5
42	5
42.01	5
42.02	5
42.03	5
42.04	5
42.05	5
42.06	5
42.07	5
42.08	5
42.09	5
42.1	5
42.11	5
42.12	5
42.13	5
42.14	5
42.15	5
42.16	5
42.17	5
42.18	5
42.19	5
42.2	5
42.21	5
42.22	5
42.23	5
42.24	5
42.25	5
42.26	5
42.27	5
42.28	5
42.29	5
42.3	5
42.31	5
42.32	5
42.33	5
42.34	5
42.35	5
42.36	5
42.37	5
42.38	5
42.39	5
42.4	5
42.41	5
42.42	5
42.43	5
42.44	5
42.45	5
42.46	5
42.47	5
42.48	5
42.49	5
42.5	5
42.51	5
42.52	5
42.53	5
42.54	5
42.55	5
42.56	5
42.57	5
42.58	5
42.59	5
42.6	5
42.61	5
42.62	5
42.63	5
42.64	5
42.65	5
42.66	5
42.67	5
42.68	5
42.69	5
42.7	5
42.71	5
42.72	5
42.73	5
42.74	5
42.75	5
42.76	5
42.77	5
42.78	5
42.79	5
42.8	5
42.81	5
42.82	5
42.83	5
42.84	5
42.85	5
42.86	5
42.87	5
42.88	5
42.89	5
42.9	5
42.91	5
42.92	5
42.93	5
42.94	5
42.95	5
42.96	5
42.97	5
42.98	5
42.99	5
43	5
43.01	5
43.02	5
43.03	5
43.04	5
43.05	5
43.06	5
43.07	5
43.08	5
43.09	5
43.1	5
43.11	5
43.12	5
43.13	5
43.14	5
43.15	5
43.16	5
43.17	5
43.18	5
43.19	5
43.2	5
43.21	5
43.22	5
43.23	5
43.24	5
43.25	5
43.26	5
43.27	5
43.28	5
43.29	5
43.3	5
43.31	5
43.32	5
43.33	5
43.34	5
43.35	5
43.36	5
43.37	5
43.38	5
43.39	5
43.4	5
43.41	5
43.42	5
43.43	5
43.44	5
43.45	5
43.46	5
43.47	5
43.48	5
43.49	5
43.5	5
43.51	5
43.52	5
43.53	5
43.54	5
43.55	5
43.56	5
43.57	5
43.58	5
43.59	5
43.6	5
43.61	5
43.62	5
43.63	5
43.64	5
43.65	5
43.66	5
43.67	5
43.68	5
43.69	5
43.7	5
43.71	5
43.72	5
43.73	5
43.74	5
43.75	5
43.76	5
43.77	5
43.78	5
43.79	5
43.8	5
43.81	5
43.82	5
43.83	5
43.84	5
43.85	5
43.86	5
43.87	5
43.88	5
43.89	5
43.9	5
43.91	5
43.92	5
43.93	5
43.94	5
43.95	5
43.96	5
43.97	5
43.98	5
43.99	5
44	5
44.01	5
44.02	5
44.03	5
44.04	5
44.05	5
44.06	5
44.07	5
44.08	5
44.09	5
44.1	5
44.11	5
44.12	5
44.13	5
44.14	5
44.15	5
44.16	5
44.17	5
44.18	5
44.19	5
44.2	5
44.21	5
44.22	5
44.23	5
44.24	5
44.25	5
44.26	5
44.27	5
44.28	5
44.29	5
44.3	5
44.31	5
44.32	5
44.33	5
44.34	5
44.35	5
44.36	5
44.37	5
44.38	5
44.39	5
44.4	5
44.41	5
44.42	5
44.43	5
44.44	5
44.45	5
44.46	5
44.47	5
44.48	5
44.49	5
44.5	5
44.51	5
44.52	5
44.53	5
44.54	5
44.55	5
44.56	5
44.57	5
44.58	5
44.59	5
44.6	5
44.61	5
44.62	5
44.63	5
44.64	5
44.65	5
44.66	5
44.67	5
44.68	5
44.69	5
44.7	5
44.71	5
44.72	5
44.73	5
44.74	5
44.75	5
44.76	5
44.77	5
44.78	5
44.79	5
44.8	5
44.81	5
44.82	5
44.83	5
44.84	5
44.85	5
44.86	5
44.87	5
44.88	5
44.89	5
44.9	5
44.91	5
44.92	5
44.93	5
44.94	5
44.95	5
44.96	5
44.97	5
44.98	5
44.99	5
45	5
45.01	5
45.02	5
45.03	5
45.04	5
45.05	5
45.06	5
45.07	5
45.08	5
45.09	5
45.1	5
45.11	5
45.12	5
45.13	5
45.14	5
45.15	5
45.16	5
45.17	5
45.18	5
45.19	5
45.2	5
45.21	5
45.22	5
45.23	5
45.24	5
45.25	5
45.26	5
45.27	5
45.28	5
45.29	5
45.3	5
45.31	5
45.32	5
45.33	5
45.34	5
45.35	5
45.36	5
45.37	5
45.38	5
45.39	5
45.4	5
45.41	5
45.42	5
45.43	5
45.44	5
45.45	5
45.46	5
45.47	5
45.48	5
45.49	5
45.5	5
45.51	5
45.52	5
45.53	5
45.54	5
45.55	5
45.56	5
45.57	5
45.58	5
45.59	5
45.6	5
45.61	5
45.62	5
45.63	5
45.64	5
45.65	5
45.66	5
45.67	5
45.68	5
45.69	5
45.7	5
45.71	5
45.72	5
45.73	5
45.74	5
45.75	5
45.76	5
45.77	5
45.78	5
45.79	5
45.8	5
45.81	5
45.82	5
45.83	5
45.84	5
45.85	5
45.86	5
45.87	5
45.88	5
45.89	5
45.9	5
45.91	5
45.92	5
45.93	5
45.94	5
45.95	5
45.96	5
45.97	5
45.98	5
45.99	5
46	5
46.01	5
46.02	5
46.03	5
46.04	5
46.05	5
46.06	5
46.07	5
46.08	5
46.09	5
46.1	5
46.11	5
46.12	5
46.13	5
46.14	5
46.15	5
46.16	5
46.17	5
46.18	5
46.19	5
46.2	5
46.21	5
46.22	5
46.23	5
46.24	5
46.25	5
46.26	5
46.27	5
46.28	5
46.29	5
46.3	5
46.31	5
46.32	5
46.33	5
46.34	5
46.35	5
46.36	5
46.37	5
46.38	5
46.39	5
46.4	5
46.41	5
46.42	5
46.43	5
46.44	5
46.45	5
46.46	5
46.47	5
46.48	5
46.49	5
46.5	5
46.51	5
46.52	5
46.53	5
46.54	5
46.55	5
46.56	5
46.57	5
46.58	5
46.59	5
46.6	5
46.61	5
46.62	5
46.63	5
46.64	5
46.65	5
46.66	5
46.67	5
46.68	5
46.69	5
46.7	5
46.71	5
46.72	5
46.73	5
46.74	5
46.75	5
46.76	5
46.77	5
46.78	5
46.79	5
46.8	5
46.81	5
46.82	5
46.83	5
46.84	5
46.85	5
46.86	5
46.87	5
46.88	5
46.89	5
46.9	5
46.91	5
46.92	5
46.93	5
46.94	5
46.95	5
46.96	5
46.97	5
46.98	5
46.99	5
47	5
47.01	5
47.02	5
47.03	5
47.04	5
47.05	5
47.06	5
47.07	5
47.08	5
47.09	5
47.1	5
47.11	5
47.12	5
47.13	5
47.14	5
47.15	5
47.16	5
47.17	5
47.18	5
47.19	5
47.2	5
47.21	5
47.22	5
47.23	5
47.24	5
47.25	5
47.26	5
47.27	5
47.28	5
47.29	5
47.3	5
47.31	5
47.32	5
47.33	5
47.34	6
47.35	6
47.36	6
47.37	6
47.38	6
47.39	6
47.4	6
47.41	6
47.42	6
47.43	6
47.44	6
47.45	6
47.46	6
47.47	6
47.48	6
47.49	6
47.5	6
47.51	6
47.52	6
47.53	6
47.54	6
47.55	6
47.56	6
47.57	6
47.58	6
47.59	6
47.6	6
47.61	6
47.62	6
47.63	6
47.64	6
47.65	6
47.66	6
47.67	6
47.68	6
47.69	6
47.7	6
47.71	6
47.72	6
47.73	6
47.74	6
47.75	6
47.76	6
47.77	6
47.78	6
47.79	6
47.8	6
47.81	6
47.82	6
47.83	6
47.84	6
47.85	6
47.86	6
47.87	6
47.88	6
47.89	6
47.9	6
47.91	6
47.92	6
47.93	6
47.94	6
47.95	6
47.96	6
47.97	6
47.98	6
47.99	6
48	6
48.01	6
48.02	6
48.03	6
48.04	6
48.05	6
48.06	6
48.07	6
48.08	6
48.09	6
48.1	6
48.11	6
48.12	6
48.13	6
48.14	6
48.15	6
48.16	6
48.17	6
48.18	6
48.19	6
48.2	6
48.21	6
48.22	6
48.23	6
48.24	6
48.25	6
48.26	6
48.27	6
48.28	6
48.29	6
48.3	6
48.31	6
48.32	6
48.33	6
48.34	6
48.35	6
48.36	6
48.37	6
48.38	6
48.39	6
48.4	6
48.41	6
48.42	6
48.43	6
48.44	6
48.45	6
48.46	6
48.47	6
48.48	6
48.49	6
48.5	6
48.51	6
48.52	6
48.53	6
48.54	6
48.55	6
48.56	6
48.57	6
48.58	6
48.59	6
48.6	6
48.61	6
48.62	6
48.63	6
48.64	6
48.65	6
48.66	6
48.67	6
48.68	6
48.69	6
48.7	6
48.71	6
48.72	6
48.73	6
48.74	6
48.75	6
48.76	6
48.77	6
48.78	6
48.79	6
48.8	6
48.81	6
48.82	6
48.83	6
48.84	6
48.85	6
48.86	6
48.87	6
48.88	6
48.89	6
48.9	6
48.91	6
48.92	6
48.93	6
48.94	6
48.95	6
48.96	6
48.97	6
48.98	6
48.99	6
49	6
49.01	6
49.02	6
49.03	6
49.04	6
49.05	6
49.06	6
49.07	6
49.08	6
49.09	6
49.1	6
49.11	6
49.12	6
49.13	6
49.14	6
49.15	6
49.16	6
49.17	6
49.18	6
49.19	6
49.2	6
49.21	6
49.22	6
49.23	6
49.24	6
49.25	6
49.26	6
49.27	6
49.28	6
49.29	6
49.3	6
49.31	6
49.32	6
49.33	6
49.34	6
49.35	6
49.36	6
49.37	6
49.38	6
49.39	6
49.4	6
49.41	6
49.42	6
49.43	6
49.44	6
49.45	6
49.46	6
49.47	6
49.48	6
49.49	6
49.5	6
49.51	6
49.52	6
49.53	6
49.54	6
49.55	6
49.56	6
49.57	6
49.58	6
49.59	6
49.6	6
49.61	6
49.62	6
49.63	6
49.64	6
49.65	6
49.66	6
49.67	6
49.68	6
49.69	6
49.7	6
49.71	6
49.72	6
49.73	6
49.74	6
49.75	6
49.76	6
49.77	6
49.78	6
49.79	6
49.8	6
49.81	6
49.82	6
49.83	6
49.84	6
49.85	6
49.86	6
49.87	6
49.88	6
49.89	6
49.9	6
49.91	6
49.92	6
49.93	6
49.94	6
49.95	6
49.96	6
49.97	6
49.98	6
49.99	6
50	6
