0.01	0.31
0.02	0.31
0.03	0.31
0.04	0.31
0.05	0.33
0.06	0.33
0.07	0.33
0.08	0.33
0.09	0.34
0.1	0.34
0.11	0.34
0.12	0.35
0.13	0.35
0.14	0.35
0.15	0.36
0.16	0.36
0.17	0.36
0.18	0.36
0.19	0.36
0.2	0.37
0.21	0.37
0.22	0.37
0.23	0.37
0.24	0.37
0.25	0.37
0.26	0.38
0.27	0.38
0.28	0.38
0.29	0.38
0.3	0.38
0.31	0.38
0.32	0.38
0.33	0.39
0.34	0.39
0.35	0.39
0.36	0.39
0.37	0.39
0.38	0.39
0.39	0.39
0.4	0.39
0.41	0.4
0.42	0.4
0.43	0.4
0.44	0.4
0.45	0.4
0.46	0.4
0.47	0.4
0.48	0.4
0.49	0.41
0.5	0.41
0.51	0.41
0.52	0.41
0.53	0.41
0.54	0.41
0.55	0.42
0.56	0.42
0.57	0.42
0.58	0.43
0.59	0.43
0.6	0.43
0.61	0.43
0.62	0.43
0.63	0.43
0.64	0.43
0.65	0.44
0.66	0.44
0.67	0.44
0.68	0.44
0.69	0.44
0.7	0.44
0.71	0.45
0.72	0.45
0.73	0.45
0.74	0.45
0.75	0.45
0.76	0.45
0.77	0.45
0.78	0.45
0.79	0.45
0.8	0.45
0.81	0.45
0.82	0.47
0.83	0.47
0.84	0.47
0.85	0.47
0.86	0.47
0.87	0.47
0.88	0.48
0.89	0.48
0.9	0.48
0.91	0.48
0.92	0.49
0.93	0.49
0.94	0.49
0.95	0.49
0.96	0.49
0.97	0.49
0.98	0.49
0.99	0.49
1	0.49
1.01	0.51
1.02	0.51
1.03	0.51
1.04	0.51
1.05	0.51
1.06	0.51
1.07	0.51
1.08	0.52
1.09	0.52
1.1	0.52
1.11	0.52
1.12	0.52
1.13	0.53
1.14	0.53
1.15	0.53
1.16	0.53
1.17	0.53
1.18	0.53
1.19	0.53
1.2	0.53
1.21	0.53
1.22	0.53
1.23	0.54
1.24	0.54
1.25	0.54
1.26	0.54
1.27	0.54
1.28	0.55
1.29	0.55
1.3	0.55
1.31	0.55
1.32	0.55
1.33	0.55
1.34	0.55
1.35	0.55
1.36	0.55
1.37	0.56
1.38	0.56
1.39	0.56
1.4	0.56
1.41	0.56
1.42	0.56
1.43	0.56
1.44	0.56
1.45	0.58
1.46	0.58
1.47	0.58
1.48	0.58
1.49	0.58
1.5	0.58
1.51	0.58
1.52	0.58
1.53	0.58
1.54	0.58
1.55	0.59
1.56	0.59
1.57	0.59
1.58	0.59
1.59	0.59
1.6	0.59
1.61	0.59
1.62	0.59
1.63	0.6
1.64	0.6
1.65	0.6
1.66	0.6
1.67	0.6
1.68	0.6
1.69	0.6
1.7	0.6
1.71	0.61
1.72	0.61
1.73	0.61
1.74	0.61
1.75	0.61
1.76	0.61
1.77	0.61
1.78	0.61
1.79	0.61
1.8	0.62
1.81	0.62
1.82	0.62
1.83	0.62
1.84	0.62
1.85	0.62
1.86	0.63
1.87	0.63
1.88	0.63
1.89	0.63
1.9	0.63
1.91	0.63
1.92	0.63
1.93	0.63
1.94	0.63
1.95	0.64
1.96	0.64
1.97	0.64
1.98	0.64
1.99	0.64
2	0.65
2.01	0.65
2.02	0.65
2.03	0.65
2.04	0.65
2.05	0.65
2.06	0.65
2.07	0.65
2.08	0.65
2.09	0.65
2.1	0.65
2.11	0.66
2.12	0.66
2.13	0.66
2.14	0.66
2.15	0.66
2.16	0.67
2.17	0.67
2.18	0.67
2.19	0.67
2.2	0.67
2.21	0.67
2.22	0.67
2.23	0.68
2.24	0.68
2.25	0.68
2.26	0.68
2.27	0.68
2.28	0.68
2.29	0.68
2.3	0.68
2.31	0.69
2.32	0.69
2.33	0.69
2.34	0.69
2.35	0.69
2.36	0.7
2.37	0.7
2.38	0.7
2.39	0.7
2.4	0.7
2.41	0.7
2.42	0.7
2.43	0.7
2.44	0.71
2.45	0.71
2.46	0.71
2.47	0.71
2.48	0.71
2.49	0.71
2.5	0.71
2.51	0.71
2.52	0.71
2.53	0.71
2.54	0.72
2.55	0.72
2.56	0.72
2.57	0.72
2.58	0.72
2.59	0.72
2.6	0.72
2.61	0.72
2.62	0.73
2.63	0.73
2.64	0.73
2.65	0.73
2.66	0.73
2.67	0.73
2.68	0.73
2.69	0.73
2.7	0.73
2.71	0.74
2.72	0.74
2.73	0.74
2.74	0.74
2.75	0.74
2.76	0.74
2.77	0.74
2.78	0.75
2.79	0.75
2.8	0.75
2.81	0.75
2.82	0.75
2.83	0.75
2.84	0.75
2.85	0.75
2.86	0.75
2.87	0.75
2.88	0.75
2.89	0.75
2.9	0.76
2.91	0.76
2.92	0.76
2.93	0.76
2.94	0.76
2.95	0.76
2.96	0.77
2.97	0.77
2.98	0.77
2.99	0.77
3	0.77
3.01	0.77
3.02	0.77
3.03	0.77
3.04	0.77
3.05	0.77
3.06	0.77
3.07	0.77
3.08	0.77
3.09	0.77
3.1	0.79
3.11	0.79
3.12	0.79
3.13	0.79
3.14	0.79
3.15	0.79
3.16	0.79
3.17	0.79
3.18	0.79
3.19	0.79
3.2	0.79
3.21	0.79
3.22	0.79
3.23	0.79
3.24	0.79
3.25	0.79
3.26	0.79
3.27	0.81
3.28	0.81
3.29	0.81
3.3	0.81
3.31	0.81
3.32	0.81
3.33	0.81
3.34	0.81
3.35	0.81
3.36	0.82
3.37	0.82
3.38	0.82
3.39	0.82
3.4	0.82
3.41	0.82
3.42	0.82
3.43	0.82
3.44	0.83
3.45	0.83
3.46	0.83
3.47	0.83
3.48	0.83
3.49	0.83
3.5	0.83
3.51	0.83
3.52	0.84
3.53	0.84
3.54	0.84
3.55	0.84
3.56	0.84
3.57	0.84
3.58	0.84
3.59	0.84
3.6	0.84
3.61	0.84
3.62	0.85
3.63	0.85
3.64	0.85
3.65	0.85
3.66	0.85
3.67	0.85
3.68	0.86
3.69	0.86
3.7	0.86
3.71	0.86
3.72	0.86
3.73	0.86
3.74	0.86
3.75	0.86
3.76	0.87
3.77	0.87
3.78	0.87
3.79	0.87
3.8	0.87
3.81	0.87
3.82	0.87
3.83	0.87
3.84	0.88
3.85	0.88
3.86	0.88
3.87	0.88
3.88	0.88
3.89	0.88
3.9	0.88
3.91	0.88
3.92	0.88
3.93	0.88
3.94	0.89
3.95	0.89
3.96	0.89
3.97	0.89
3.98	0.89
3.99	0.89
4	0.9
4.01	0.9
4.02	0.9
4.03	0.9
4.04	0.9
4.05	0.9
4.06	0.9
4.07	0.9
4.08	0.91
4.09	0.91
4.1	0.91
4.11	0.91
4.12	0.91
4.13	0.91
4.14	0.91
4.15	0.91
4.16	0.91
4.17	0.91
4.18	0.91
4.19	0.92
4.2	0.92
4.21	0.92
4.22	0.92
4.23	0.92
4.24	0.92
4.25	0.92
4.26	0.92
4.27	0.92
4.28	0.93
4.29	0.93
4.3	0.93
4.31	0.93
4.32	0.93
4.33	0.94
4.34	0.94
4.35	0.94
4.36	0.94
4.37	0.94
4.38	0.94
4.39	0.94
4.4	0.94
4.41	0.95
4.42	0.95
4.43	0.95
4.44	0.95
4.45	0.95
4.46	0.95
4.47	0.95
4.48	0.95
4.49	0.95
4.5	0.95
4.51	0.95
4.52	0.96
4.53	0.96
4.54	0.96
4.55	0.96
4.56	0.96
4.57	0.96
4.58	0.96
4.59	0.97
4.6	0.97
4.61	0.97
4.62	0.97
4.63	0.97
4.64	0.97
4.65	0.97
4.66	0.97
4.67	0.97
4.68	0.97
4.69	0.98
4.7	0.98
4.71	0.98
4.72	0.98
4.73	0.98
4.74	0.98
4.75	0.98
4.76	0.98
4.77	0.99
4.78	0.99
4.79	0.99
4.8	0.99
4.81	0.99
4.82	0.99
4.83	0.99
4.84	0.99
4.85	0.99
4.86	1
4.87	1
4.88	1
4.89	1
4.9	1
4.91	1
4.92	1
4.93	1
4.94	1.01
4.95	1.01
4.96	1.01
4.97	1.01
4.98	1.01
4.99	1.01
5	1.01
5.01	1.01
5.02	1.01
5.03	1.01
5.04	1.02
5.05	1.02
5.06	1.02
5.07	1.02
5.08	1.02
5.09	1.02
5.1	1.03
5.11	1.03
5.12	1.03
5.13	1.03
5.14	1.03
5.15	1.03
5.16	1.03
5.17	1.04
5.18	1.04
5.19	1.04
5.2	1.04
5.21	1.04
5.22	1.04
5.23	1.04
5.24	1.04
5.25	1.05
5.26	1.05
5.27	1.05
5.28	1.05
5.29	1.05
5.3	1.05
5.31	1.05
5.32	1.05
5.33	1.05
5.34	1.05
5.35	1.05
5.36	1.06
5.37	1.06
5.38	1.06
5.39	1.06
5.4	1.06
5.41	1.07
5.42	1.07
5.43	1.07
5.44	1.07
5.45	1.07
5.46	1.07
5.47	1.07
5.48	1.07
5.49	1.07
5.5	1.08
5.51	1.08
5.52	1.08
5.53	1.08
5.54	1.08
5.55	1.08
5.56	1.08
5.57	1.08
5.58	1.08
5.59	1.08
5.6	1.08
5.61	1.08
5.62	1.08
5.63	1.08
5.64	1.08
5.65	1.08
5.66	1.1
5.67	1.1
5.68	1.1
5.69	1.1
5.7	1.1
5.71	1.1
5.72	1.1
5.73	1.1
5.74	1.11
5.75	1.11
5.76	1.11
5.77	1.11
5.78	1.11
5.79	1.11
5.8	1.11
5.81	1.11
5.82	1.11
5.83	1.11
5.84	1.11
5.85	1.11
5.86	1.11
5.87	1.12
5.88	1.12
5.89	1.12
5.9	1.12
5.91	1.12
5.92	1.12
5.93	1.12
5.94	1.12
5.95	1.13
5.96	1.13
5.97	1.13
5.98	1.13
5.99	1.13
6	1.14
6.01	1.14
6.02	1.14
6.03	1.14
6.04	1.14
6.05	1.14
6.06	1.14
6.07	1.14
6.08	1.15
6.09	1.15
6.1	1.15
6.11	1.15
6.12	1.15
6.13	1.15
6.14	1.15
6.15	1.15
6.16	1.15
6.17	1.15
6.18	1.16
6.19	1.16
6.2	1.16
6.21	1.16
6.22	1.16
6.23	1.16
6.24	1.16
6.25	1.16
6.26	1.16
6.27	1.16
6.28	1.16
6.29	1.16
6.3	1.17
6.31	1.17
6.32	1.17
6.33	1.17
6.34	1.17
6.35	1.17
6.36	1.17
6.37	1.17
6.38	1.17
6.39	1.17
6.4	1.18
6.41	1.18
6.42	1.18
6.43	1.18
6.44	1.18
6.45	1.18
6.46	1.18
6.47	1.18
6.48	1.18
6.49	1.18
6.5	1.19
6.51	1.19
6.52	1.19
6.53	1.19
6.54	1.19
6.55	1.19
6.56	1.19
6.57	1.19
6.58	1.19
6.59	1.19
6.6	1.19
6.61	1.19
6.62	1.19
6.63	1.19
6.64	1.2
6.65	1.2
6.66	1.2
6.67	1.2
6.68	1.2
6.69	1.2
6.7	1.2
6.71	1.2
6.72	1.21
6.73	1.21
6.74	1.21
6.75	1.21
6.76	1.21
6.77	1.21
6.78	1.21
6.79	1.21
6.8	1.21
6.81	1.21
6.82	1.21
6.83	1.22
6.84	1.22
6.85	1.22
6.86	1.22
6.87	1.22
6.88	1.22
6.89	1.22
6.9	1.22
6.91	1.22
6.92	1.22
6.93	1.22
6.94	1.22
6.95	1.23
6.96	1.23
6.97	1.23
6.98	1.23
6.99	1.23
7	1.23
7.01	1.24
7.02	1.24
7.03	1.24
7.04	1.24
7.05	1.24
7.06	1.24
7.07	1.24
7.08	1.24
7.09	1.24
7.1	1.24
7.11	1.24
7.12	1.25
7.13	1.25
7.14	1.25
7.15	1.25
7.16	1.25
7.17	1.25
7.18	1.26
7.19	1.26
7.2	1.26
7.21	1.26
7.22	1.26
7.23	1.26
7.24	1.26
7.25	1.27
7.26	1.27
7.27	1.27
7.28	1.27
7.29	1.27
7.3	1.27
7.31	1.27
7.32	1.27
7.33	1.27
7.34	1.28
7.35	1.28
7.36	1.28
7.37	1.28
7.38	1.28
7.39	1.28
7.4	1.28
7.41	1.28
7.42	1.28
7.43	1.28
7.44	1.28
7.45	1.29
7.46	1.29
7.47	1.29
7.48	1.29
7.49	1.29
7.5	1.29
7.51	1.29
7.52	1.29
7.53	1.29
7.54	1.3
7.55	1.3
7.56	1.3
7.57	1.3
7.58	1.3
7.59	1.3
7.6	1.3
7.61	1.3
7.62	1.3
7.63	1.3
7.64	1.3
7.65	1.3
7.66	1.31
7.67	1.31
7.68	1.31
7.69	1.31
7.7	1.31
7.71	1.31
7.72	1.31
7.73	1.31
7.74	1.31
7.75	1.31
7.76	1.31
7.77	1.32
7.78	1.32
7.79	1.32
7.8	1.32
7.81	1.32
7.82	1.33
7.83	1.33
7.84	1.33
7.85	1.33
7.86	1.33
7.87	1.33
7.88	1.34
7.89	1.34
7.9	1.34
7.91	1.34
7.92	1.34
7.93	1.34
7.94	1.34
7.95	1.34
7.96	1.34
7.97	1.34
7.98	1.34
7.99	1.34
8	1.35
8.01	1.35
8.02	1.35
8.03	1.35
8.04	1.35
8.05	1.35
8.06	1.35
8.07	1.36
8.08	1.36
8.09	1.36
8.1	1.36
8.11	1.36
8.12	1.36
8.13	1.37
8.14	1.37
8.15	1.37
8.16	1.37
8.17	1.37
8.18	1.37
8.19	1.37
8.2	1.38
8.21	1.38
8.22	1.38
8.23	1.38
8.24	1.38
8.25	1.38
8.26	1.38
8.27	1.38
8.28	1.38
8.29	1.38
8.3	1.38
8.31	1.39
8.32	1.39
8.33	1.39
8.34	1.39
8.35	1.39
8.36	1.39
8.37	1.39
8.38	1.39
8.39	1.39
8.4	1.39
8.41	1.39
8.42	1.4
8.43	1.4
8.44	1.4
8.45	1.4
8.46	1.4
8.47	1.4
8.48	1.4
8.49	1.4
8.5	1.4
8.51	1.4
8.52	1.4
8.53	1.41
8.54	1.41
8.55	1.41
8.56	1.41
8.57	1.41
8.58	1.41
8.59	1.41
8.6	1.41
8.61	1.41
8.62	1.41
8.63	1.41
8.64	1.41
8.65	1.42
8.66	1.42
8.67	1.42
8.68	1.42
8.69	1.42
8.7	1.42
8.71	1.42
8.72	1.42
8.73	1.42
8.74	1.42
8.75	1.43
8.76	1.43
8.77	1.43
8.78	1.43
8.79	1.43
8.8	1.43
8.81	1.43
8.82	1.43
8.83	1.43
8.84	1.43
8.85	1.44
8.86	1.44
8.87	1.44
8.88	1.44
8.89	1.44
8.9	1.44
8.91	1.44
8.92	1.44
8.93	1.44
8.94	1.44
8.95	1.44
8.96	1.46
8.97	1.46
8.98	1.46
8.99	1.46
9	1.46
9.01	1.46
9.02	1.46
9.03	1.46
9.04	1.47
9.05	1.47
9.06	1.47
9.07	1.47
9.08	1.47
9.09	1.47
9.1	1.47
9.11	1.48
9.12	1.48
9.13	1.48
9.14	1.48
9.15	1.48
9.16	1.48
9.17	1.48
9.18	1.48
9.19	1.49
9.2	1.49
9.21	1.49
9.22	1.49
9.23	1.49
9.24	1.49
9.25	1.49
9.26	1.49
9.27	1.49
9.28	1.5
9.29	1.5
9.3	1.5
9.31	1.5
9.32	1.5
9.33	1.5
9.34	1.5
9.35	1.5
9.36	1.5
9.37	1.5
9.38	1.5
9.39	1.5
9.4	1.51
9.41	1.51
9.42	1.51
9.43	1.51
9.44	1.51
9.45	1.51
9.46	1.52
9.47	1.52
9.48	1.52
9.49	1.52
9.5	1.52
9.51	1.52
9.52	1.52
9.53	1.52
9.54	1.52
9.55	1.52
9.56	1.52
9.57	1.53
9.58	1.53
9.59	1.53
9.6	1.53
9.61	1.53
9.62	1.53
9.63	1.53
9.64	1.53
9.65	1.53
9.66	1.53
9.67	1.53
9.68	1.53
9.69	1.53
9.7	1.54
9.71	1.54
9.72	1.54
9.73	1.54
9.74	1.54
9.75	1.54
9.76	1.54
9.77	1.54
9.78	1.55
9.79	1.55
9.8	1.55
9.81	1.55
9.82	1.55
9.83	1.55
9.84	1.55
9.85	1.55
9.86	1.55
9.87	1.55
9.88	1.55
9.89	1.55
9.9	1.55
9.91	1.55
9.92	1.56
9.93	1.56
9.94	1.56
9.95	1.56
9.96	1.56
9.97	1.56
9.98	1.56
9.99	1.56
10	1.57
10.01	1.57
10.02	1.57
10.03	1.57
10.04	1.57
10.05	1.57
10.06	1.57
10.07	1.57
10.08	1.57
10.09	1.57
10.1	1.58
10.11	1.58
10.12	1.58
10.13	1.58
10.14	1.58
10.15	1.58
10.16	1.58
10.17	1.58
10.18	1.58
10.19	1.58
10.2	1.59
10.21	1.59
10.22	1.59
10.23	1.59
10.24	1.59
10.25	1.59
10.26	1.59
10.27	1.59
10.28	1.59
10.29	1.59
10.3	1.59
10.31	1.6
10.32	1.6
10.33	1.6
10.34	1.6
10.35	1.6
10.36	1.6
10.37	1.6
10.38	1.6
10.39	1.6
10.4	1.6
10.41	1.6
10.42	1.61
10.43	1.61
10.44	1.61
10.45	1.61
10.46	1.61
10.47	1.61
10.48	1.61
10.49	1.61
10.5	1.61
10.51	1.61
10.52	1.62
10.53	1.62
10.54	1.62
10.55	1.62
10.56	1.62
10.57	1.62
10.58	1.62
10.59	1.62
10.6	1.62
10.61	1.62
10.62	1.62
10.63	1.63
10.64	1.63
10.65	1.63
10.66	1.63
10.67	1.63
10.68	1.63
10.69	1.63
10.7	1.63
10.71	1.63
10.72	1.63
10.73	1.63
10.74	1.64
10.75	1.64
10.76	1.64
10.77	1.64
10.78	1.64
10.79	1.64
10.8	1.64
10.81	1.64
10.82	1.64
10.83	1.65
10.84	1.65
10.85	1.65
10.86	1.65
10.87	1.65
10.88	1.65
10.89	1.65
10.9	1.65
10.91	1.65
10.92	1.65
10.93	1.66
10.94	1.66
10.95	1.66
10.96	1.66
10.97	1.66
10.98	1.66
10.99	1.67
11	1.67
11.01	1.67
11.02	1.67
11.03	1.67
11.04	1.67
11.05	1.67
11.06	1.68
11.07	1.68
11.08	1.68
11.09	1.68
11.1	1.68
11.11	1.68
11.12	1.68
11.13	1.68
11.14	1.68
11.15	1.69
11.16	1.69
11.17	1.69
11.18	1.69
11.19	1.69
11.2	1.69
11.21	1.69
11.22	1.69
11.23	1.7
11.24	1.7
11.25	1.7
11.26	1.7
11.27	1.7
11.28	1.7
11.29	1.7
11.3	1.7
11.31	1.71
11.32	1.71
11.33	1.71
11.34	1.71
11.35	1.71
11.36	1.71
11.37	1.71
11.38	1.71
11.39	1.72
11.4	1.72
11.41	1.72
11.42	1.72
11.43	1.72
11.44	1.72
11.45	1.72
11.46	1.72
11.47	1.73
11.48	1.73
11.49	1.73
11.5	1.73
11.51	1.73
11.52	1.73
11.53	1.73
11.54	1.73
11.55	1.73
11.56	1.73
11.57	1.74
11.58	1.74
11.59	1.74
11.6	1.74
11.61	1.74
11.62	1.74
11.63	1.74
11.64	1.74
11.65	1.74
11.66	1.74
11.67	1.74
11.68	1.75
11.69	1.75
11.7	1.75
11.71	1.75
11.72	1.75
11.73	1.75
11.74	1.75
11.75	1.75
11.76	1.75
11.77	1.75
11.78	1.75
11.79	1.76
11.8	1.76
11.81	1.76
11.82	1.76
11.83	1.76
11.84	1.76
11.85	1.76
11.86	1.76
11.87	1.76
11.88	1.76
11.89	1.76
11.9	1.76
11.91	1.77
11.92	1.77
11.93	1.77
11.94	1.77
11.95	1.77
11.96	1.77
11.97	1.77
11.98	1.77
11.99	1.77
12	1.78
12.01	1.78
12.02	1.78
12.03	1.78
12.04	1.78
12.05	1.78
12.06	1.78
12.07	1.78
12.08	1.79
12.09	1.79
12.1	1.79
12.11	1.79
12.12	1.79
12.13	1.79
12.14	1.79
12.15	1.79
12.16	1.79
12.17	1.8
12.18	1.8
12.19	1.8
12.2	1.8
12.21	1.8
12.22	1.8
12.23	1.8
12.24	1.8
12.25	1.8
12.26	1.8
12.27	1.81
12.28	1.81
12.29	1.81
12.3	1.81
12.31	1.81
12.32	1.81
12.33	1.81
12.34	1.81
12.35	1.81
12.36	1.81
12.37	1.82
12.38	1.82
12.39	1.82
12.4	1.82
12.41	1.82
12.42	1.82
12.43	1.82
12.44	1.82
12.45	1.82
12.46	1.82
12.47	1.82
12.48	1.83
12.49	1.83
12.5	1.83
12.51	1.83
12.52	1.83
12.53	1.83
12.54	1.83
12.55	1.83
12.56	1.83
12.57	1.83
12.58	1.83
12.59	1.83
12.6	1.84
12.61	1.84
12.62	1.84
12.63	1.84
12.64	1.84
12.65	1.84
12.66	1.84
12.67	1.84
12.68	1.85
12.69	1.85
12.7	1.85
12.71	1.85
12.72	1.85
12.73	1.85
12.74	1.85
12.75	1.85
12.76	1.85
12.77	1.86
12.78	1.86
12.79	1.86
12.8	1.86
12.81	1.86
12.82	1.86
12.83	1.86
12.84	1.86
12.85	1.87
12.86	1.87
12.87	1.87
12.88	1.87
12.89	1.87
12.9	1.87
12.91	1.87
12.92	1.87
12.93	1.87
12.94	1.87
12.95	1.88
12.96	1.88
12.97	1.88
12.98	1.88
12.99	1.88
13	1.88
13.01	1.89
13.02	1.89
13.03	1.89
13.04	1.89
13.05	1.89
13.06	1.89
13.07	1.89
13.08	1.89
13.09	1.89
13.1	1.89
13.11	1.89
13.12	1.9
13.13	1.9
13.14	1.9
13.15	1.9
13.16	1.9
13.17	1.9
13.18	1.9
13.19	1.9
13.2	1.9
13.21	1.9
13.22	1.9
13.23	1.91
13.24	1.91
13.25	1.91
13.26	1.91
13.27	1.91
13.28	1.91
13.29	1.91
13.3	1.91
13.31	1.91
13.32	1.91
13.33	1.92
13.34	1.92
13.35	1.92
13.36	1.92
13.37	1.92
13.38	1.92
13.39	1.92
13.4	1.92
13.41	1.92
13.42	1.92
13.43	1.93
13.44	1.93
13.45	1.93
13.46	1.93
13.47	1.93
13.48	1.93
13.49	1.93
13.5	1.93
13.51	1.93
13.52	1.93
13.53	1.93
13.54	1.94
13.55	1.94
13.56	1.94
13.57	1.94
13.58	1.94
13.59	1.94
13.6	1.94
13.61	1.94
13.62	1.94
13.63	1.94
13.64	1.95
13.65	1.95
13.66	1.95
13.67	1.95
13.68	1.95
13.69	1.95
13.7	1.95
13.71	1.95
13.72	1.95
13.73	1.95
13.74	1.95
13.75	1.95
13.76	1.95
13.77	1.95
13.78	1.95
13.79	1.95
13.8	1.96
13.81	1.96
13.82	1.96
13.83	1.96
13.84	1.96
13.85	1.96
13.86	1.97
13.87	1.97
13.88	1.97
13.89	1.97
13.9	1.97
13.91	1.97
13.92	1.97
13.93	1.97
13.94	1.97
13.95	1.97
13.96	1.97
13.97	1.98
13.98	1.98
13.99	1.98
14	1.98
14.01	1.98
14.02	1.98
14.03	1.98
14.04	1.98
14.05	1.99
14.06	1.99
14.07	1.99
14.08	1.99
14.09	1.99
14.1	1.99
14.11	1.99
14.12	1.99
14.13	1.99
14.14	1.99
14.15	1.99
14.16	2
14.17	2
14.18	2
14.19	2
14.2	2
14.21	2
14.22	2
14.23	2
14.24	2
14.25	2
14.26	2
14.27	2.01
14.28	2.01
14.29	2.01
14.3	2.01
14.31	2.01
14.32	2.01
14.33	2.01
14.34	2.01
14.35	2.01
14.36	2.01
14.37	2.02
14.38	2.02
14.39	2.02
14.4	2.02
14.41	2.02
14.42	2.02
14.43	2.02
14.44	2.02
14.45	2.02
14.46	2.03
14.47	2.03
14.48	2.03
14.49	2.03
14.5	2.03
14.51	2.03
14.52	2.03
14.53	2.03
14.54	2.03
14.55	2.04
14.56	2.04
14.57	2.04
14.58	2.04
14.59	2.04
14.6	2.04
14.61	2.04
14.62	2.04
14.63	2.04
14.64	2.05
14.65	2.05
14.66	2.05
14.67	2.05
14.68	2.05
14.69	2.05
14.7	2.05
14.71	2.05
14.72	2.05
14.73	2.05
14.74	2.05
14.75	2.05
14.76	2.06
14.77	2.06
14.78	2.06
14.79	2.06
14.8	2.06
14.81	2.06
14.82	2.06
14.83	2.06
14.84	2.06
14.85	2.06
14.86	2.06
14.87	2.07
14.88	2.07
14.89	2.07
14.9	2.07
14.91	2.07
14.92	2.07
14.93	2.07
14.94	2.07
14.95	2.07
14.96	2.07
14.97	2.07
14.98	2.07
14.99	2.07
15	2.07
15.01	2.07
15.02	2.07
15.03	2.07
15.04	2.07
15.05	2.07
15.06	2.09
15.07	2.09
15.08	2.09
15.09	2.09
15.1	2.09
15.11	2.09
15.12	2.09
15.13	2.09
15.14	2.09
15.15	2.09
15.16	2.09
15.17	2.09
15.18	2.1
15.19	2.1
15.2	2.1
15.21	2.1
15.22	2.1
15.23	2.1
15.24	2.1
15.25	2.1
15.26	2.1
15.27	2.1
15.28	2.1
15.29	2.11
15.3	2.11
15.31	2.11
15.32	2.11
15.33	2.11
15.34	2.11
15.35	2.11
15.36	2.11
15.37	2.11
15.38	2.11
15.39	2.11
15.4	2.11
15.41	2.12
15.42	2.12
15.43	2.12
15.44	2.12
15.45	2.12
15.46	2.12
15.47	2.12
15.48	2.12
15.49	2.12
15.5	2.12
15.51	2.12
15.52	2.12
15.53	2.13
15.54	2.13
15.55	2.13
15.56	2.13
15.57	2.13
15.58	2.13
15.59	2.13
15.6	2.13
15.61	2.14
15.62	2.14
15.63	2.14
15.64	2.14
15.65	2.14
15.66	2.14
15.67	2.14
15.68	2.14
15.69	2.14
15.7	2.15
15.71	2.15
15.72	2.15
15.73	2.15
15.74	2.15
15.75	2.15
15.76	2.15
15.77	2.15
15.78	2.15
15.79	2.15
15.8	2.15
15.81	2.15
15.82	2.15
15.83	2.15
15.84	2.16
15.85	2.16
15.86	2.16
15.87	2.16
15.88	2.16
15.89	2.16
15.9	2.17
15.91	2.17
15.92	2.17
15.93	2.17
15.94	2.17
15.95	2.17
15.96	2.17
15.97	2.17
15.98	2.17
15.99	2.17
16	2.18
16.01	2.18
16.02	2.18
16.03	2.18
16.04	2.18
16.05	2.19
16.06	2.19
16.07	2.19
16.08	2.19
16.09	2.19
16.1	2.19
16.11	2.19
16.12	2.19
16.13	2.19
16.14	2.19
16.15	2.19
16.16	2.19
16.17	2.19
16.18	2.19
16.19	2.2
16.2	2.2
16.21	2.2
16.22	2.2
16.23	2.2
16.24	2.2
16.25	2.2
16.26	2.2
16.27	2.21
16.28	2.21
16.29	2.21
16.3	2.21
16.31	2.21
16.32	2.21
16.33	2.21
16.34	2.21
16.35	2.21
16.36	2.21
16.37	2.22
16.38	2.22
16.39	2.22
16.4	2.22
16.41	2.22
16.42	2.22
16.43	2.22
16.44	2.22
16.45	2.22
16.46	2.22
16.47	2.22
16.48	2.23
16.49	2.23
16.5	2.23
16.51	2.23
16.52	2.23
16.53	2.23
16.54	2.23
16.55	2.23
16.56	2.23
16.57	2.23
16.58	2.24
16.59	2.24
16.6	2.24
16.61	2.24
16.62	2.24
16.63	2.24
16.64	2.24
16.65	2.24
16.66	2.24
16.67	2.24
16.68	2.24
16.69	2.24
16.7	2.25
16.71	2.25
16.72	2.25
16.73	2.25
16.74	2.25
16.75	2.25
16.76	2.25
16.77	2.25
16.78	2.25
16.79	2.25
16.8	2.25
16.81	2.25
16.82	2.26
16.83	2.26
16.84	2.26
16.85	2.26
16.86	2.26
16.87	2.26
16.88	2.26
16.89	2.26
16.9	2.26
16.91	2.26
16.92	2.26
16.93	2.26
16.94	2.26
16.95	2.26
16.96	2.26
16.97	2.26
16.98	2.27
16.99	2.27
17	2.27
17.01	2.27
17.02	2.27
17.03	2.28
17.04	2.28
17.05	2.28
17.06	2.28
17.07	2.28
17.08	2.28
17.09	2.28
17.1	2.28
17.11	2.28
17.12	2.28
17.13	2.28
17.14	2.28
17.15	2.29
17.16	2.29
17.17	2.29
17.18	2.29
17.19	2.29
17.2	2.29
17.21	2.29
17.22	2.29
17.23	2.29
17.24	2.29
17.25	2.29
17.26	2.29
17.27	2.29
17.28	2.29
17.29	2.3
17.3	2.3
17.31	2.3
17.32	2.3
17.33	2.3
17.34	2.3
17.35	2.3
17.36	2.3
17.37	2.31
17.38	2.31
17.39	2.31
17.4	2.31
17.41	2.31
17.42	2.31
17.43	2.31
17.44	2.31
17.45	2.31
17.46	2.31
17.47	2.32
17.48	2.32
17.49	2.32
17.5	2.32
17.51	2.32
17.52	2.32
17.53	2.32
17.54	2.32
17.55	2.32
17.56	2.32
17.57	2.33
17.58	2.33
17.59	2.33
17.6	2.33
17.61	2.33
17.62	2.33
17.63	2.33
17.64	2.33
17.65	2.33
17.66	2.33
17.67	2.33
17.68	2.33
17.69	2.34
17.7	2.34
17.71	2.34
17.72	2.34
17.73	2.34
17.74	2.34
17.75	2.34
17.76	2.34
17.77	2.34
17.78	2.34
17.79	2.34
17.8	2.34
17.81	2.35
17.82	2.35
17.83	2.35
17.84	2.35
17.85	2.35
17.86	2.35
17.87	2.36
17.88	2.36
17.89	2.36
17.9	2.36
17.91	2.36
17.92	2.36
17.93	2.36
17.94	2.36
17.95	2.37
17.96	2.37
17.97	2.37
17.98	2.37
17.99	2.37
18	2.37
18.01	2.38
18.02	2.38
18.03	2.38
18.04	2.38
18.05	2.38
18.06	2.38
18.07	2.38
18.08	2.38
18.09	2.38
18.1	2.38
18.11	2.39
18.12	2.39
18.13	2.39
18.14	2.39
18.15	2.39
18.16	2.39
18.17	2.39
18.18	2.39
18.19	2.39
18.2	2.39
18.21	2.4
18.22	2.4
18.23	2.4
18.24	2.4
18.25	2.4
18.26	2.4
18.27	2.4
18.28	2.4
18.29	2.4
18.3	2.4
18.31	2.4
18.32	2.4
18.33	2.4
18.34	2.4
18.35	2.41
18.36	2.41
18.37	2.41
18.38	2.41
18.39	2.41
18.4	2.41
18.41	2.41
18.42	2.42
18.43	2.42
18.44	2.42
18.45	2.42
18.46	2.42
18.47	2.42
18.48	2.42
18.49	2.42
18.5	2.42
18.51	2.42
18.52	2.42
18.53	2.43
18.54	2.43
18.55	2.43
18.56	2.43
18.57	2.43
18.58	2.43
18.59	2.43
18.6	2.43
18.61	2.43
18.62	2.43
18.63	2.43
18.64	2.43
18.65	2.43
18.66	2.43
18.67	2.43
18.68	2.43
18.69	2.43
18.7	2.43
18.71	2.43
18.72	2.43
18.73	2.43
18.74	2.43
18.75	2.43
18.76	2.45
18.77	2.45
18.78	2.45
18.79	2.45
18.8	2.45
18.81	2.45
18.82	2.45
18.83	2.45
18.84	2.45
18.85	2.45
18.86	2.45
18.87	2.45
18.88	2.45
18.89	2.46
18.9	2.46
18.91	2.46
18.92	2.46
18.93	2.46
18.94	2.46
18.95	2.46
18.96	2.46
18.97	2.46
18.98	2.46
18.99	2.46
19	2.47
19.01	2.47
19.02	2.47
19.03	2.47
19.04	2.47
19.05	2.47
19.06	2.47
19.07	2.47
19.08	2.47
19.09	2.48
19.1	2.48
19.11	2.48
19.12	2.48
19.13	2.48
19.14	2.48
19.15	2.48
19.16	2.48
19.17	2.48
19.18	2.48
19.19	2.48
19.2	2.49
19.21	2.49
19.22	2.49
19.23	2.49
19.24	2.49
19.25	2.49
19.26	2.49
19.27	2.49
19.28	2.49
19.29	2.49
19.3	2.5
19.31	2.5
19.32	2.5
19.33	2.5
19.34	2.5
19.35	2.5
19.36	2.5
19.37	2.5
19.38	2.5
19.39	2.5
19.4	2.5
19.41	2.5
19.42	2.5
19.43	2.51
19.44	2.51
19.45	2.51
19.46	2.51
19.47	2.51
19.48	2.51
19.49	2.51
19.5	2.51
19.51	2.51
19.52	2.51
19.53	2.51
19.54	2.51
19.55	2.51
19.56	2.52
19.57	2.52
19.58	2.52
19.59	2.52
19.6	2.52
19.61	2.52
19.62	2.52
19.63	2.52
19.64	2.52
19.65	2.52
19.66	2.52
19.67	2.52
19.68	2.52
19.69	2.52
19.7	2.53
19.71	2.53
19.72	2.53
19.73	2.53
19.74	2.53
19.75	2.53
19.76	2.53
19.77	2.53
19.78	2.54
19.79	2.54
19.8	2.54
19.81	2.54
19.82	2.54
19.83	2.54
19.84	2.54
19.85	2.54
19.86	2.54
19.87	2.54
19.88	2.54
19.89	2.54
19.9	2.54
19.91	2.55
19.92	2.55
19.93	2.55
19.94	2.55
19.95	2.55
19.96	2.55
19.97	2.55
19.98	2.55
19.99	2.55
20	2.55
20.01	2.56
20.02	2.56
20.03	2.56
20.04	2.56
20.05	2.56
20.06	2.56
20.07	2.56
20.08	2.56
20.09	2.56
20.1	2.56
20.11	2.56
20.12	2.57
20.13	2.57
20.14	2.57
20.15	2.57
20.16	2.57
20.17	2.57
20.18	2.57
20.19	2.57
20.2	2.57
20.21	2.57
20.22	2.57
20.23	2.58
20.24	2.58
20.25	2.58
20.26	2.58
20.27	2.58
20.28	2.58
20.29	2.58
20.3	2.58
20.31	2.58
20.32	2.58
20.33	2.58
20.34	2.59
20.35	2.59
20.36	2.59
20.37	2.59
20.38	2.59
20.39	2.59
20.4	2.59
20.41	2.59
20.42	2.59
20.43	2.59
20.44	2.59
20.45	2.59
20.46	2.59
20.47	2.59
20.48	2.6
20.49	2.6
20.5	2.6
20.51	2.6
20.52	2.6
20.53	2.6
20.54	2.6
20.55	2.6
20.56	2.6
20.57	2.6
20.58	2.61
20.59	2.61
20.6	2.61
20.61	2.61
20.62	2.61
20.63	2.61
20.64	2.61
20.65	2.61
20.66	2.61
20.67	2.62
20.68	2.62
20.69	2.62
20.7	2.62
20.71	2.62
20.72	2.62
20.73	2.62
20.74	2.62
20.75	2.62
20.76	2.62
20.77	2.62
20.78	2.63
20.79	2.63
20.8	2.63
20.81	2.63
20.82	2.63
20.83	2.63
20.84	2.63
20.85	2.63
20.86	2.63
20.87	2.63
20.88	2.63
20.89	2.63
20.9	2.63
20.91	2.64
20.92	2.64
20.93	2.64
20.94	2.64
20.95	2.64
20.96	2.64
20.97	2.64
20.98	2.64
20.99	2.64
21	2.64
21.01	2.64
21.02	2.64
21.03	2.64
21.04	2.64
21.05	2.64
21.06	2.66
21.07	2.66
21.08	2.66
21.09	2.66
21.1	2.66
21.11	2.66
21.12	2.66
21.13	2.66
21.14	2.66
21.15	2.66
21.16	2.66
21.17	2.66
21.18	2.66
21.19	2.67
21.2	2.67
21.21	2.67
21.22	2.67
21.23	2.67
21.24	2.67
21.25	2.67
21.26	2.67
21.27	2.67
21.28	2.67
21.29	2.67
21.3	2.67
21.31	2.67
21.32	2.67
21.33	2.67
21.34	2.68
21.35	2.68
21.36	2.68
21.37	2.68
21.38	2.68
21.39	2.68
21.4	2.68
21.41	2.68
21.42	2.69
21.43	2.69
21.44	2.69
21.45	2.69
21.46	2.69
21.47	2.69
21.48	2.69
21.49	2.69
21.5	2.69
21.51	2.69
21.52	2.69
21.53	2.69
21.54	2.7
21.55	2.7
21.56	2.7
21.57	2.7
21.58	2.7
21.59	2.7
21.6	2.7
21.61	2.7
21.62	2.7
21.63	2.7
21.64	2.7
21.65	2.7
21.66	2.71
21.67	2.71
21.68	2.71
21.69	2.71
21.7	2.71
21.71	2.71
21.72	2.71
21.73	2.71
21.74	2.71
21.75	2.71
21.76	2.72
21.77	2.72
21.78	2.72
21.79	2.72
21.8	2.72
21.81	2.72
21.82	2.72
21.83	2.72
21.84	2.72
21.85	2.72
21.86	2.72
21.87	2.72
21.88	2.72
21.89	2.73
21.9	2.73
21.91	2.73
21.92	2.73
21.93	2.73
21.94	2.73
21.95	2.73
21.96	2.73
21.97	2.73
21.98	2.73
21.99	2.73
22	2.74
22.01	2.74
22.02	2.74
22.03	2.74
22.04	2.74
22.05	2.74
22.06	2.74
22.07	2.74
22.08	2.74
22.09	2.74
22.1	2.74
22.11	2.74
22.12	2.75
22.13	2.75
22.14	2.75
22.15	2.75
22.16	2.75
22.17	2.75
22.18	2.75
22.19	2.75
22.2	2.75
22.21	2.75
22.22	2.75
22.23	2.75
22.24	2.76
22.25	2.76
22.26	2.76
22.27	2.76
22.28	2.76
22.29	2.76
22.3	2.76
22.31	2.76
22.32	2.76
22.33	2.76
22.34	2.76
22.35	2.76
22.36	2.76
22.37	2.76
22.38	2.76
22.39	2.77
22.4	2.77
22.41	2.77
22.42	2.77
22.43	2.77
22.44	2.77
22.45	2.78
22.46	2.78
22.47	2.78
22.48	2.78
22.49	2.78
22.5	2.78
22.51	2.78
22.52	2.78
22.53	2.78
22.54	2.78
22.55	2.78
22.56	2.78
22.57	2.79
22.58	2.79
22.59	2.79
22.6	2.79
22.61	2.79
22.62	2.79
22.63	2.79
22.64	2.79
22.65	2.79
22.66	2.79
22.67	2.79
22.68	2.8
22.69	2.8
22.7	2.8
22.71	2.8
22.72	2.8
22.73	2.8
22.74	2.8
22.75	2.8
22.76	2.8
22.77	2.8
22.78	2.81
22.79	2.81
22.8	2.81
22.81	2.81
22.82	2.81
22.83	2.81
22.84	2.81
22.85	2.81
22.86	2.81
22.87	2.81
22.88	2.83
22.89	2.83
22.9	2.83
22.91	2.83
22.92	2.83
22.93	2.83
22.94	2.83
22.95	2.83
22.96	2.83
22.97	2.83
22.98	2.83
22.99	2.83
23	2.84
23.01	2.84
23.02	2.84
23.03	2.84
23.04	2.84
23.05	2.84
23.06	2.84
23.07	2.84
23.08	2.84
23.09	2.84
23.1	2.84
23.11	2.85
23.12	2.85
23.13	2.85
23.14	2.85
23.15	2.85
23.16	2.85
23.17	2.85
23.18	2.85
23.19	2.86
23.2	2.86
23.21	2.86
23.22	2.86
23.23	2.86
23.24	2.86
23.25	2.86
23.26	2.86
23.27	2.86
23.28	2.86
23.29	2.86
23.3	2.86
23.31	2.86
23.32	2.86
23.33	2.86
23.34	2.87
23.35	2.87
23.36	2.87
23.37	2.87
23.38	2.87
23.39	2.87
23.4	2.87
23.41	2.88
23.42	2.88
23.43	2.88
23.44	2.88
23.45	2.88
23.46	2.88
23.47	2.88
23.48	2.88
23.49	2.88
23.5	2.88
23.51	2.88
23.52	2.88
23.53	2.89
23.54	2.89
23.55	2.89
23.56	2.89
23.57	2.89
23.58	2.89
23.59	2.89
23.6	2.89
23.61	2.89
23.62	2.89
23.63	2.89
23.64	2.9
23.65	2.9
23.66	2.9
23.67	2.9
23.68	2.9
23.69	2.9
23.7	2.9
23.71	2.9
23.72	2.9
23.73	2.9
23.74	2.9
23.75	2.9
23.76	2.9
23.77	2.91
23.78	2.91
23.79	2.91
23.8	2.91
23.81	2.91
23.82	2.91
23.83	2.91
23.84	2.91
23.85	2.91
23.86	2.91
23.87	2.91
23.88	2.92
23.89	2.92
23.9	2.92
23.91	2.92
23.92	2.92
23.93	2.92
23.94	2.92
23.95	2.92
23.96	2.92
23.97	2.92
23.98	2.92
23.99	2.92
24	2.93
24.01	2.93
24.02	2.93
24.03	2.93
24.04	2.93
24.05	2.93
24.06	2.93
24.07	2.93
24.08	2.93
24.09	2.93
24.1	2.94
24.11	2.94
24.12	2.94
24.13	2.94
24.14	2.94
24.15	2.94
24.16	2.94
24.17	2.94
24.18	2.94
24.19	2.94
24.2	2.94
24.21	2.94
24.22	2.95
24.23	2.95
24.24	2.95
24.25	2.95
24.26	2.95
24.27	2.95
24.28	2.95
24.29	2.95
24.3	2.95
24.31	2.96
24.32	2.96
24.33	2.96
24.34	2.96
24.35	2.96
24.36	2.96
24.37	2.96
24.38	2.96
24.39	2.96
24.4	2.96
24.41	2.96
24.42	2.96
24.43	2.97
24.44	2.97
24.45	2.97
24.46	2.97
24.47	2.97
24.48	2.97
24.49	2.97
24.5	2.97
24.51	2.97
24.52	2.97
24.53	2.97
24.54	2.97
24.55	2.97
24.56	2.98
24.57	2.98
24.58	2.98
24.59	2.98
24.6	2.98
24.61	2.98
24.62	2.98
24.63	2.98
24.64	2.98
24.65	2.98
24.66	2.98
24.67	2.98
24.68	2.99
24.69	2.99
24.7	2.99
24.71	2.99
24.72	2.99
24.73	2.99
24.74	2.99
24.75	2.99
24.76	2.99
24.77	2.99
24.78	2.99
24.79	2.99
24.8	2.99
24.81	2.99
24.82	2.99
24.83	2.99
24.84	2.99
24.85	3
24.86	3
24.87	3
24.88	3
24.89	3
24.9	3
24.91	3
24.92	3
24.93	3.01
24.94	3.01
24.95	3.01
24.96	3.01
24.97	3.01
24.98	3.01
24.99	3.01
25	3.01
25.01	3.01
25.02	3.01
25.03	3.01
25.04	3.02
25.05	3.02
25.06	3.02
25.07	3.02
25.08	3.02
25.09	3.02
25.1	3.02
25.11	3.02
25.12	3.02
25.13	3.02
25.14	3.02
25.15	3.02
25.16	3.02
25.17	3.02
25.18	3.03
25.19	3.03
25.2	3.03
25.21	3.03
25.22	3.03
25.23	3.03
25.24	3.03
25.25	3.03
25.26	3.03
25.27	3.03
25.28	3.04
25.29	3.04
25.3	3.04
25.31	3.04
25.32	3.04
25.33	3.04
25.34	3.04
25.35	3.04
25.36	3.04
25.37	3.05
25.38	3.05
25.39	3.05
25.4	3.05
25.41	3.05
25.42	3.05
25.43	3.05
25.44	3.05
25.45	3.05
25.46	3.05
25.47	3.06
25.48	3.06
25.49	3.06
25.5	3.06
25.51	3.06
25.52	3.06
25.53	3.06
25.54	3.06
25.55	3.06
25.56	3.07
25.57	3.07
25.58	3.07
25.59	3.07
25.6	3.07
25.61	3.07
25.62	3.07
25.63	3.07
25.64	3.07
25.65	3.08
25.66	3.08
25.67	3.08
25.68	3.08
25.69	3.08
25.7	3.08
25.71	3.08
25.72	3.08
25.73	3.08
25.74	3.08
25.75	3.08
25.76	3.09
25.77	3.09
25.78	3.09
25.79	3.09
25.8	3.09
25.81	3.09
25.82	3.09
25.83	3.09
25.84	3.1
25.85	3.1
25.86	3.1
25.87	3.1
25.88	3.1
25.89	3.1
25.9	3.1
25.91	3.1
25.92	3.1
25.93	3.11
25.94	3.11
25.95	3.11
25.96	3.11
25.97	3.11
25.98	3.11
25.99	3.11
26	3.12
26.01	3.12
26.02	3.12
26.03	3.12
26.04	3.12
26.05	3.12
26.06	3.12
26.07	3.12
26.08	3.12
26.09	3.13
26.1	3.13
26.11	3.13
26.12	3.13
26.13	3.13
26.14	3.13
26.15	3.13
26.16	3.13
26.17	3.13
26.18	3.13
26.19	3.13
26.2	3.13
26.21	3.13
26.22	3.13
26.23	3.14
26.24	3.14
26.25	3.14
26.26	3.14
26.27	3.14
26.28	3.14
26.29	3.14
26.3	3.14
26.31	3.14
26.32	3.14
26.33	3.14
26.34	3.14
26.35	3.15
26.36	3.15
26.37	3.15
26.38	3.15
26.39	3.15
26.4	3.16
26.41	3.16
26.42	3.16
26.43	3.16
26.44	3.16
26.45	3.16
26.46	3.17
26.47	3.17
26.48	3.17
26.49	3.17
26.5	3.17
26.51	3.17
26.52	3.17
26.53	3.17
26.54	3.17
26.55	3.17
26.56	3.19
26.57	3.19
26.58	3.19
26.59	3.19
26.6	3.19
26.61	3.19
26.62	3.2
26.63	3.2
26.64	3.2
26.65	3.2
26.66	3.2
26.67	3.2
26.68	3.2
26.69	3.21
26.7	3.21
26.71	3.21
26.72	3.21
26.73	3.21
26.74	3.21
26.75	3.21
26.76	3.21
26.77	3.21
26.78	3.23
26.79	3.23
26.8	3.23
26.81	3.23
26.82	3.23
26.83	3.23
26.84	3.24
26.85	3.24
26.86	3.24
26.87	3.24
26.88	3.24
26.89	3.25
26.9	3.25
26.91	3.25
26.92	3.25
26.93	3.25
26.94	3.25
26.95	3.25
26.96	3.26
26.97	3.26
26.98	3.26
26.99	3.26
27	3.27
27.01	3.27
27.02	3.27
27.03	3.27
27.04	3.28
27.05	3.28
27.06	3.28
27.07	3.28
27.08	3.29
27.09	3.29
27.1	3.29
27.11	3.29
27.12	3.29
27.13	3.29
27.14	3.29
27.15	3.29
27.16	3.29
27.17	3.31
27.18	3.31
27.19	3.31
27.2	3.31
27.21	3.31
27.22	3.31
27.23	3.31
27.24	3.31
27.25	3.32
27.26	3.32
27.27	3.32
27.28	3.32
27.29	3.32
27.3	3.33
27.31	3.33
27.32	3.33
27.33	3.33
27.34	3.33
27.35	3.33
27.36	3.33
27.37	3.33
27.38	3.33
27.39	3.34
27.4	3.34
27.41	3.34
27.42	3.34
27.43	3.34
27.44	3.34
27.45	3.34
27.46	3.35
27.47	3.35
27.48	3.35
27.49	3.35
27.5	3.35
27.51	3.35
27.52	3.35
27.53	3.36
27.54	3.36
27.55	3.36
27.56	3.36
27.57	3.36
27.58	3.36
27.59	3.36
27.6	3.36
27.61	3.36
27.62	3.36
27.63	3.37
27.64	3.37
27.65	3.37
27.66	3.37
27.67	3.37
27.68	3.37
27.69	3.37
27.7	3.37
27.71	3.37
27.72	3.37
27.73	3.37
27.74	3.37
27.75	3.37
27.76	3.37
27.77	3.37
27.78	3.38
27.79	3.38
27.8	3.38
27.81	3.38
27.82	3.38
27.83	3.38
27.84	3.38
27.85	3.38
27.86	3.38
27.87	3.38
27.88	3.38
27.89	3.38
27.9	3.38
27.91	3.39
27.92	3.39
27.93	3.39
27.94	3.39
27.95	3.39
27.96	3.39
27.97	3.39
27.98	3.39
27.99	3.39
28	3.39
28.01	3.39
28.02	3.39
28.03	3.39
28.04	3.39
28.05	3.39
28.06	3.39
28.07	3.39
28.08	3.39
28.09	3.39
28.1	3.39
28.11	3.41
28.12	3.41
28.13	3.41
28.14	3.41
28.15	3.41
28.16	3.41
28.17	3.41
28.18	3.41
28.19	3.41
28.2	3.41
28.21	3.41
28.22	3.41
28.23	3.41
28.24	3.41
28.25	3.41
28.26	3.41
28.27	3.42
28.28	3.42
28.29	3.42
28.3	3.42
28.31	3.42
28.32	3.42
28.33	3.42
28.34	3.42
28.35	3.42
28.36	3.42
28.37	3.42
28.38	3.42
28.39	3.42
28.4	3.42
28.41	3.42
28.42	3.42
28.43	3.43
28.44	3.43
28.45	3.43
28.46	3.43
28.47	3.43
28.48	3.43
28.49	3.43
28.5	3.43
28.51	3.43
28.52	3.43
28.53	3.43
28.54	3.43
28.55	3.43
28.56	3.43
28.57	3.44
28.58	3.44
28.59	3.44
28.6	3.44
28.61	3.44
28.62	3.44
28.63	3.44
28.64	3.44
28.65	3.44
28.66	3.45
28.67	3.45
28.68	3.45
28.69	3.45
28.7	3.45
28.71	3.46
28.72	3.46
28.73	3.46
28.74	3.46
28.75	3.46
28.76	3.46
28.77	3.47
28.78	3.47
28.79	3.47
28.8	3.47
28.81	3.47
28.82	3.47
28.83	3.48
28.84	3.48
28.85	3.48
28.86	3.48
28.87	3.48
28.88	3.48
28.89	3.48
28.9	3.49
28.91	3.49
28.92	3.49
28.93	3.49
28.94	3.49
28.95	3.49
28.96	3.5
28.97	3.5
28.98	3.5
28.99	3.5
29	3.5
29.01	3.51
29.02	3.51
29.03	3.51
29.04	3.51
29.05	3.51
29.06	3.51
29.07	3.51
29.08	3.51
29.09	3.51
29.1	3.51
29.11	3.52
29.12	3.52
29.13	3.52
29.14	3.52
29.15	3.52
29.16	3.52
29.17	3.52
29.18	3.52
29.19	3.53
29.2	3.53
29.21	3.53
29.22	3.53
29.23	3.53
29.24	3.53
29.25	3.53
29.26	3.53
29.27	3.53
29.28	3.53
29.29	3.53
29.3	3.53
29.31	3.54
29.32	3.54
29.33	3.54
29.34	3.54
29.35	3.54
29.36	3.54
29.37	3.54
29.38	3.54
29.39	3.55
29.4	3.55
29.41	3.55
29.42	3.55
29.43	3.55
29.44	3.55
29.45	3.55
29.46	3.55
29.47	3.55
29.48	3.55
29.49	3.55
29.5	3.55
29.51	3.56
29.52	3.56
29.53	3.56
29.54	3.56
29.55	3.56
29.56	3.56
29.57	3.56
29.58	3.56
29.59	3.56
29.6	3.56
29.61	3.56
29.62	3.56
29.63	3.57
29.64	3.57
29.65	3.57
29.66	3.57
29.67	3.57
29.68	3.57
29.69	3.57
29.7	3.57
29.71	3.57
29.72	3.57
29.73	3.57
29.74	3.57
29.75	3.57
29.76	3.57
29.77	3.57
29.78	3.57
29.79	3.57
29.8	3.58
29.81	3.58
29.82	3.58
29.83	3.58
29.84	3.58
29.85	3.58
29.86	3.58
29.87	3.58
29.88	3.58
29.89	3.58
29.9	3.58
29.91	3.58
29.92	3.58
29.93	3.58
29.94	3.58
29.95	3.58
29.96	3.58
29.97	3.59
29.98	3.59
29.99	3.59
30	3.59
30.01	3.59
30.02	3.59
30.03	3.59
30.04	3.59
30.05	3.6
30.06	3.6
30.07	3.6
30.08	3.6
30.09	3.6
30.1	3.6
30.11	3.61
30.12	3.61
30.13	3.61
30.14	3.61
30.15	3.61
30.16	3.62
30.17	3.62
30.18	3.62
30.19	3.62
30.2	3.62
30.21	3.63
30.22	3.63
30.23	3.63
30.24	3.63
30.25	3.63
30.26	3.63
30.27	3.63
30.28	3.63
30.29	3.63
30.3	3.63
30.31	3.63
30.32	3.63
30.33	3.64
30.34	3.64
30.35	3.64
30.36	3.64
30.37	3.64
30.38	3.64
30.39	3.64
30.4	3.64
30.41	3.64
30.42	3.64
30.43	3.64
30.44	3.64
30.45	3.64
30.46	3.64
30.47	3.64
30.48	3.65
30.49	3.65
30.5	3.65
30.51	3.65
30.52	3.65
30.53	3.65
30.54	3.65
30.55	3.65
30.56	3.65
30.57	3.65
30.58	3.65
30.59	3.65
30.6	3.65
30.61	3.65
30.62	3.65
30.63	3.66
30.64	3.66
30.65	3.66
30.66	3.66
30.67	3.66
30.68	3.66
30.69	3.66
30.7	3.66
30.71	3.66
30.72	3.67
30.73	3.67
30.74	3.67
30.75	3.67
30.76	3.67
30.77	3.67
30.78	3.67
30.79	3.67
30.8	3.67
30.81	3.67
30.82	3.67
30.83	3.67
30.84	3.67
30.85	3.67
30.86	3.67
30.87	3.67
30.88	3.68
30.89	3.68
30.9	3.68
30.91	3.68
30.92	3.68
30.93	3.68
30.94	3.68
30.95	3.68
30.96	3.68
30.97	3.68
30.98	3.68
30.99	3.68
31	3.68
31.01	3.69
31.02	3.69
31.03	3.69
31.04	3.69
31.05	3.69
31.06	3.69
31.07	3.69
31.08	3.69
31.09	3.69
31.1	3.69
31.11	3.69
31.12	3.69
31.13	3.69
31.14	3.69
31.15	3.69
31.16	3.69
31.17	3.69
31.18	3.71
31.19	3.71
31.2	3.71
31.21	3.71
31.22	3.71
31.23	3.71
31.24	3.71
31.25	3.71
31.26	3.71
31.27	3.72
31.28	3.72
31.29	3.72
31.3	3.72
31.31	3.72
31.32	3.72
31.33	3.73
31.34	3.73
31.35	3.73
31.36	3.73
31.37	3.73
31.38	3.73
31.39	3.73
31.4	3.73
31.41	3.73
31.42	3.73
31.43	3.73
31.44	3.73
31.45	3.73
31.46	3.73
31.47	3.73
31.48	3.74
31.49	3.74
31.5	3.74
31.51	3.74
31.52	3.74
31.53	3.74
31.54	3.74
31.55	3.74
31.56	3.74
31.57	3.74
31.58	3.74
31.59	3.74
31.6	3.74
31.61	3.74
31.62	3.74
31.63	3.74
31.64	3.74
31.65	3.74
31.66	3.74
31.67	3.74
31.68	3.75
31.69	3.75
31.7	3.75
31.71	3.75
31.72	3.75
31.73	3.75
31.74	3.75
31.75	3.75
31.76	3.75
31.77	3.75
31.78	3.76
31.79	3.76
31.8	3.76
31.81	3.76
31.82	3.76
31.83	3.76
31.84	3.76
31.85	3.76
31.86	3.76
31.87	3.76
31.88	3.76
31.89	3.77
31.9	3.77
31.91	3.77
31.92	3.77
31.93	3.77
31.94	3.77
31.95	3.78
31.96	3.78
31.97	3.78
31.98	3.78
31.99	3.78
32	3.78
32.01	3.78
32.02	3.8
32.03	3.8
32.04	3.8
32.05	3.8
32.06	3.8
32.07	3.8
32.08	3.81
32.09	3.81
32.1	3.81
32.11	3.81
32.12	3.81
32.13	3.81
32.14	3.82
32.15	3.82
32.16	3.82
32.17	3.82
32.18	3.82
32.19	3.82
32.2	3.82
32.21	3.83
32.22	3.83
32.23	3.83
32.24	3.83
32.25	3.83
32.26	3.83
32.27	3.83
32.28	3.83
32.29	3.83
32.3	3.84
32.31	3.84
32.32	3.84
32.33	3.84
32.34	3.84
32.35	3.84
32.36	3.84
32.37	3.84
32.38	3.85
32.39	3.85
32.4	3.85
32.41	3.85
32.42	3.86
32.43	3.86
32.44	3.86
32.45	3.86
32.46	3.87
32.47	3.87
32.48	3.87
32.49	3.87
32.5	3.87
32.51	3.87
32.52	3.87
32.53	3.88
32.54	3.88
32.55	3.88
32.56	3.88
32.57	3.88
32.58	3.88
32.59	3.88
32.6	3.88
32.61	3.88
32.62	3.88
32.63	3.88
32.64	3.89
32.65	3.89
32.66	3.89
32.67	3.89
32.68	3.89
32.69	3.9
32.7	3.9
32.71	3.9
32.72	3.9
32.73	3.9
32.74	3.91
32.75	3.91
32.76	3.91
32.77	3.91
32.78	3.91
32.79	3.92
32.8	3.92
32.81	3.92
32.82	3.92
32.83	3.92
32.84	3.93
32.85	3.93
32.86	3.93
32.87	3.93
32.88	3.93
32.89	3.93
32.9	3.94
32.91	3.94
32.92	3.94
32.93	3.94
32.94	3.94
32.95	3.95
32.96	3.95
32.97	3.95
32.98	3.95
32.99	3.95
33	3.96
33.01	3.96
33.02	3.97
33.03	3.97
33.04	3.97
33.05	3.97
33.06	3.97
33.07	3.97
33.08	3.97
33.09	3.98
33.1	3.98
33.11	3.98
33.12	3.98
33.13	3.98
33.14	3.98
33.15	3.99
33.16	3.99
33.17	3.99
33.18	3.99
33.19	3.99
33.2	3.99
33.21	3.99
33.22	3.99
33.23	4
33.24	4
33.25	4
33.26	4
33.27	4
33.28	4.01
33.29	4.01
33.3	4.01
33.31	4.01
33.32	4.01
33.33	4.02
33.34	4.02
33.35	4.02
33.36	4.02
33.37	4.02
33.38	4.03
33.39	4.03
33.4	4.03
33.41	4.03
33.42	4.03
33.43	4.03
33.44	4.03
33.45	4.04
33.46	4.04
33.47	4.04
33.48	4.04
33.49	4.04
33.5	4.04
33.51	4.04
33.52	4.04
33.53	4.04
33.54	4.05
33.55	4.05
33.56	4.05
33.57	4.05
33.58	4.05
33.59	4.05
33.6	4.05
33.61	4.05
33.62	4.05
33.63	4.05
33.64	4.05
33.65	4.05
33.66	4.05
33.67	4.05
33.68	4.07
33.69	4.07
33.7	4.07
33.71	4.07
33.72	4.07
33.73	4.07
33.74	4.07
33.75	4.08
33.76	4.08
33.77	4.08
33.78	4.08
33.79	4.08
33.8	4.09
33.81	4.09
33.82	4.09
33.83	4.09
33.84	4.09
33.85	4.1
33.86	4.1
33.87	4.1
33.88	4.1
33.89	4.1
33.9	4.11
33.91	4.11
33.92	4.11
33.93	4.11
33.94	4.12
33.95	4.12
33.96	4.12
33.97	4.12
33.98	4.12
33.99	4.13
34	4.14
34.01	4.14
34.02	4.14
34.03	4.14
34.04	4.14
34.05	4.15
34.06	4.15
34.07	4.15
34.08	4.15
34.09	4.15
34.1	4.16
34.11	4.16
34.12	4.16
34.13	4.16
34.14	4.17
34.15	4.17
34.16	4.17
34.17	4.17
34.18	4.17
34.19	4.18
34.2	4.18
34.21	4.18
34.22	4.18
34.23	4.18
34.24	4.19
34.25	4.19
34.26	4.19
34.27	4.19
34.28	4.2
34.29	4.2
34.3	4.2
34.31	4.2
34.32	4.2
34.33	4.2
34.34	4.2
34.35	4.21
34.36	4.21
34.37	4.21
34.38	4.21
34.39	4.22
34.4	4.22
34.41	4.22
34.42	4.22
34.43	4.22
34.44	4.23
34.45	4.23
34.46	4.23
34.47	4.23
34.48	4.24
34.49	4.24
34.5	4.24
34.51	4.24
34.52	4.24
34.53	4.24
34.54	4.25
34.55	4.25
34.56	4.25
34.57	4.25
34.58	4.25
34.59	4.25
34.6	4.25
34.61	4.25
34.62	4.25
34.63	4.26
34.64	4.26
34.65	4.26
34.66	4.26
34.67	4.26
34.68	4.26
34.69	4.26
34.7	4.26
34.71	4.26
34.72	4.26
34.73	4.26
34.74	4.26
34.75	4.26
34.76	4.26
34.77	4.26
34.78	4.28
34.79	4.28
34.8	4.28
34.81	4.28
34.82	4.28
34.83	4.29
34.84	4.29
34.85	4.29
34.86	4.29
34.87	4.29
34.88	4.29
34.89	4.3
34.9	4.3
34.91	4.3
34.92	4.3
34.93	4.31
34.94	4.31
34.95	4.31
34.96	4.31
34.97	4.31
34.98	4.31
34.99	4.32
35	4.32
35.01	4.33
35.02	4.33
35.03	4.33
35.04	4.33
35.05	4.33
35.06	4.34
35.07	4.34
35.08	4.34
35.09	4.34
35.1	4.34
35.11	4.35
35.12	4.35
35.13	4.35
35.14	4.35
35.15	4.35
35.16	4.35
35.17	4.35
35.18	4.35
35.19	4.35
35.2	4.37
35.21	4.37
35.22	4.37
35.23	4.37
35.24	4.37
35.25	4.37
35.26	4.38
35.27	4.38
35.28	4.38
35.29	4.38
35.3	4.38
35.31	4.39
35.32	4.39
35.33	4.39
35.34	4.39
35.35	4.4
35.36	4.4
35.37	4.4
35.38	4.4
35.39	4.4
35.4	4.4
35.41	4.4
35.42	4.4
35.43	4.4
35.44	4.42
35.45	4.42
35.46	4.42
35.47	4.42
35.48	4.43
35.49	4.43
35.5	4.43
35.51	4.43
35.52	4.43
35.53	4.43
35.54	4.43
35.55	4.44
35.56	4.44
35.57	4.44
35.58	4.44
35.59	4.44
35.6	4.44
35.61	4.44
35.62	4.45
35.63	4.45
35.64	4.45
35.65	4.45
35.66	4.45
35.67	4.45
35.68	4.45
35.69	4.45
35.7	4.45
35.71	4.45
35.72	4.45
35.73	4.45
35.74	4.46
35.75	4.46
35.76	4.46
35.77	4.46
35.78	4.46
35.79	4.46
35.8	4.46
35.81	4.46
35.82	4.46
35.83	4.46
35.84	4.46
35.85	4.46
35.86	4.47
35.87	4.47
35.88	4.47
35.89	4.47
35.9	4.47
35.91	4.47
35.92	4.47
35.93	4.47
35.94	4.47
35.95	4.47
35.96	4.47
35.97	4.48
35.98	4.48
35.99	4.48
36	4.48
36.01	4.48
36.02	4.48
36.03	4.48
36.04	4.49
36.05	4.49
36.06	4.49
36.07	4.49
36.08	4.49
36.09	4.49
36.1	4.49
36.11	4.49
36.12	4.49
36.13	4.49
36.14	4.49
36.15	4.49
36.16	4.49
36.17	4.49
36.18	4.49
36.19	4.49
36.2	4.49
36.21	4.49
36.22	4.5
36.23	4.5
36.24	4.5
36.25	4.5
36.26	4.5
36.27	4.5
36.28	4.5
36.29	4.5
36.3	4.5
36.31	4.5
36.32	4.5
36.33	4.5
36.34	4.51
36.35	4.51
36.36	4.51
36.37	4.51
36.38	4.51
36.39	4.51
36.4	4.51
36.41	4.51
36.42	4.51
36.43	4.51
36.44	4.51
36.45	4.51
36.46	4.51
36.47	4.52
36.48	4.52
36.49	4.52
36.5	4.52
36.51	4.52
36.52	4.52
36.53	4.52
36.54	4.52
36.55	4.52
36.56	4.52
36.57	4.52
36.58	4.52
36.59	4.52
36.6	4.53
36.61	4.53
36.62	4.53
36.63	4.53
36.64	4.53
36.65	4.54
36.66	4.54
36.67	4.54
36.68	4.54
36.69	4.54
36.7	4.54
36.71	4.55
36.72	4.55
36.73	4.55
36.74	4.55
36.75	4.55
36.76	4.55
36.77	4.55
36.78	4.55
36.79	4.56
36.8	4.56
36.81	4.56
36.82	4.56
36.83	4.56
36.84	4.56
36.85	4.56
36.86	4.56
36.87	4.57
36.88	4.57
36.89	4.57
36.9	4.57
36.91	4.57
36.92	4.57
36.93	4.57
36.94	4.57
36.95	4.57
36.96	4.58
36.97	4.58
36.98	4.58
36.99	4.58
37	4.6
37.01	4.6
37.02	4.6
37.03	4.6
37.04	4.6
37.05	4.6
37.06	4.6
37.07	4.61
37.08	4.61
37.09	4.61
37.1	4.61
37.11	4.61
37.12	4.61
37.13	4.61
37.14	4.62
37.15	4.62
37.16	4.62
37.17	4.62
37.18	4.63
37.19	4.63
37.2	4.63
37.21	4.63
37.22	4.63
37.23	4.63
37.24	4.64
37.25	4.64
37.26	4.64
37.27	4.64
37.28	4.64
37.29	4.65
37.3	4.65
37.31	4.65
37.32	4.65
37.33	4.65
37.34	4.65
37.35	4.66
37.36	4.66
37.37	4.66
37.38	4.66
37.39	4.66
37.4	4.66
37.41	4.66
37.42	4.67
37.43	4.67
37.44	4.67
37.45	4.67
37.46	4.67
37.47	4.67
37.48	4.67
37.49	4.67
37.5	4.67
37.51	4.67
37.52	4.68
37.53	4.68
37.54	4.68
37.55	4.68
37.56	4.68
37.57	4.68
37.58	4.68
37.59	4.68
37.6	4.68
37.61	4.68
37.62	4.68
37.63	4.68
37.64	4.68
37.65	4.69
37.66	4.69
37.67	4.69
37.68	4.69
37.69	4.69
37.7	4.69
37.71	4.69
37.72	4.69
37.73	4.69
37.74	4.69
37.75	4.69
37.76	4.69
37.77	4.69
37.78	4.69
37.79	4.69
37.8	4.7
37.81	4.7
37.82	4.7
37.83	4.7
37.84	4.7
37.85	4.7
37.86	4.7
37.87	4.7
37.88	4.7
37.89	4.7
37.9	4.7
37.91	4.7
37.92	4.7
37.93	4.7
37.94	4.7
37.95	4.7
37.96	4.7
37.97	4.7
37.98	4.7
37.99	4.7
38	4.7
38.01	4.7
38.02	4.7
38.03	4.7
38.04	4.7
38.05	4.7
38.06	4.7
38.07	4.7
38.08	4.72
38.09	4.72
38.1	4.72
38.11	4.72
38.12	4.72
38.13	4.72
38.14	4.72
38.15	4.72
38.16	4.72
38.17	4.72
38.18	4.72
38.19	4.72
38.2	4.72
38.21	4.72
38.22	4.72
38.23	4.72
38.24	4.72
38.25	4.72
38.26	4.73
38.27	4.73
38.28	4.73
38.29	4.73
38.3	4.73
38.31	4.73
38.32	4.73
38.33	4.73
38.34	4.73
38.35	4.73
38.36	4.73
38.37	4.73
38.38	4.73
38.39	4.73
38.4	4.74
38.41	4.74
38.42	4.74
38.43	4.74
38.44	4.74
38.45	4.74
38.46	4.74
38.47	4.74
38.48	4.74
38.49	4.74
38.5	4.75
38.51	4.75
38.52	4.75
38.53	4.75
38.54	4.75
38.55	4.75
38.56	4.75
38.57	4.76
38.58	4.76
38.59	4.76
38.6	4.76
38.61	4.76
38.62	4.76
38.63	4.76
38.64	4.76
38.65	4.76
38.66	4.76
38.67	4.76
38.68	4.76
38.69	4.76
38.7	4.76
38.71	4.77
38.72	4.77
38.73	4.77
38.74	4.77
38.75	4.77
38.76	4.77
38.77	4.77
38.78	4.78
38.79	4.78
38.8	4.78
38.81	4.78
38.82	4.78
38.83	4.78
38.84	4.78
38.85	4.79
38.86	4.79
38.87	4.79
38.88	4.79
38.89	4.79
38.9	4.79
38.91	4.79
38.92	4.79
38.93	4.79
38.94	4.79
38.95	4.8
38.96	4.8
38.97	4.8
38.98	4.8
38.99	4.8
39	4.81
39.01	4.81
39.02	4.81
39.03	4.81
39.04	4.81
39.05	4.82
39.06	4.82
39.07	4.82
39.08	4.82
39.09	4.82
39.1	4.82
39.11	4.82
39.12	4.83
39.13	4.83
39.14	4.83
39.15	4.83
39.16	4.83
39.17	4.83
39.18	4.83
39.19	4.84
39.2	4.84
39.21	4.84
39.22	4.84
39.23	4.84
39.24	4.84
39.25	4.84
39.26	4.84
39.27	4.84
39.28	4.84
39.29	4.84
39.3	4.84
39.31	4.84
39.32	4.84
39.33	4.85
39.34	4.85
39.35	4.85
39.36	4.85
39.37	4.85
39.38	4.85
39.39	4.85
39.4	4.85
39.41	4.85
39.42	4.86
39.43	4.86
39.44	4.86
39.45	4.86
39.46	4.86
39.47	4.86
39.48	4.86
39.49	4.86
39.5	4.86
39.51	4.86
39.52	4.86
39.53	4.86
39.54	4.88
39.55	4.88
39.56	4.88
39.57	4.88
39.58	4.88
39.59	4.88
39.6	4.88
39.61	4.88
39.62	4.88
39.63	4.88
39.64	4.89
39.65	4.89
39.66	4.89
39.67	4.89
39.68	4.89
39.69	4.89
39.7	4.89
39.71	4.89
39.72	4.89
39.73	4.89
39.74	4.89
39.75	4.89
39.76	4.89
39.77	4.91
39.78	4.91
39.79	4.91
39.8	4.91
39.81	4.91
39.82	4.92
39.83	4.92
39.84	4.92
39.85	4.92
39.86	4.92
39.87	4.93
39.88	4.93
39.89	4.93
39.9	4.93
39.91	4.94
39.92	4.94
39.93	4.94
39.94	4.94
39.95	4.94
39.96	4.95
39.97	4.95
39.98	4.95
39.99	4.95
40	4.96
40.01	4.96
40.02	4.96
40.03	4.97
40.04	4.97
40.05	4.97
40.06	4.97
40.07	4.97
40.08	4.98
40.09	4.98
40.1	4.98
40.11	4.98
40.12	4.98
40.13	4.99
40.14	4.99
40.15	4.99
40.16	4.99
40.17	5
40.18	5
40.19	5
40.2	5
40.21	5.01
40.22	5.01
40.23	5.01
40.24	5.01
40.25	5.02
40.26	5.02
40.27	5.02
40.28	5.02
40.29	5.02
40.3	5.02
40.31	5.02
40.32	5.03
40.33	5.03
40.34	5.03
40.35	5.03
40.36	5.03
40.37	5.04
40.38	5.04
40.39	5.04
40.4	5.04
40.41	5.04
40.42	5.05
40.43	5.05
40.44	5.05
40.45	5.05
40.46	5.05
40.47	5.06
40.48	5.06
40.49	5.06
40.5	5.06
40.51	5.06
40.52	5.06
40.53	5.07
40.54	5.07
40.55	5.07
40.56	5.07
40.57	5.07
40.58	5.07
40.59	5.07
40.6	5.08
40.61	5.08
40.62	5.08
40.63	5.08
40.64	5.08
40.65	5.08
40.66	5.08
40.67	5.08
40.68	5.08
40.69	5.08
40.7	5.08
40.71	5.08
40.72	5.08
40.73	5.08
40.74	5.08
40.75	5.09
40.76	5.09
40.77	5.09
40.78	5.09
40.79	5.09
40.8	5.09
40.81	5.09
40.82	5.09
40.83	5.09
40.84	5.09
40.85	5.09
40.86	5.1
40.87	5.1
40.88	5.1
40.89	5.1
40.9	5.1
40.91	5.1
40.92	5.1
40.93	5.1
40.94	5.1
40.95	5.1
40.96	5.11
40.97	5.11
40.98	5.11
40.99	5.11
41	5.11
41.01	5.11
41.02	5.11
41.03	5.11
41.04	5.11
41.05	5.12
41.06	5.12
41.07	5.12
41.08	5.12
41.09	5.12
41.1	5.12
41.11	5.12
41.12	5.12
41.13	5.12
41.14	5.13
41.15	5.13
41.16	5.13
41.17	5.13
41.18	5.13
41.19	5.13
41.2	5.13
41.21	5.13
41.22	5.13
41.23	5.14
41.24	5.14
41.25	5.14
41.26	5.14
41.27	5.14
41.28	5.14
41.29	5.14
41.3	5.14
41.31	5.14
41.32	5.14
41.33	5.15
41.34	5.15
41.35	5.15
41.36	5.15
41.37	5.15
41.38	5.15
41.39	5.15
41.4	5.15
41.41	5.15
41.42	5.15
41.43	5.15
41.44	5.16
41.45	5.16
41.46	5.16
41.47	5.16
41.48	5.16
41.49	5.16
41.5	5.16
41.51	5.16
41.52	5.16
41.53	5.17
41.54	5.17
41.55	5.17
41.56	5.17
41.57	5.17
41.58	5.17
41.59	5.17
41.6	5.17
41.61	5.17
41.62	5.17
41.63	5.17
41.64	5.17
41.65	5.18
41.66	5.18
41.67	5.18
41.68	5.18
41.69	5.18
41.7	5.18
41.71	5.18
41.72	5.18
41.73	5.18
41.74	5.18
41.75	5.18
41.76	5.18
41.77	5.18
41.78	5.18
41.79	5.18
41.8	5.18
41.81	5.19
41.82	5.19
41.83	5.19
41.84	5.19
41.85	5.19
41.86	5.19
41.87	5.19
41.88	5.19
41.89	5.19
41.9	5.19
41.91	5.19
41.92	5.19
41.93	5.19
41.94	5.19
41.95	5.19
41.96	5.19
41.97	5.19
41.98	5.2
41.99	5.2
42	5.2
42.01	5.21
42.02	5.21
42.03	5.21
42.04	5.21
42.05	5.21
42.06	5.21
42.07	5.22
42.08	5.22
42.09	5.22
42.1	5.22
42.11	5.22
42.12	5.22
42.13	5.22
42.14	5.23
42.15	5.23
42.16	5.23
42.17	5.23
42.18	5.23
42.19	5.23
42.2	5.24
42.21	5.24
42.22	5.24
42.23	5.24
42.24	5.24
42.25	5.24
42.26	5.25
42.27	5.25
42.28	5.25
42.29	5.25
42.3	5.25
42.31	5.26
42.32	5.26
42.33	5.26
42.34	5.26
42.35	5.26
42.36	5.26
42.37	5.26
42.38	5.26
42.39	5.26
42.4	5.27
42.41	5.27
42.42	5.27
42.43	5.27
42.44	5.27
42.45	5.27
42.46	5.27
42.47	5.28
42.48	5.28
42.49	5.28
42.5	5.28
42.51	5.28
42.52	5.28
42.53	5.28
42.54	5.29
42.55	5.29
42.56	5.29
42.57	5.29
42.58	5.29
42.59	5.29
42.6	5.29
42.61	5.3
42.62	5.3
42.63	5.3
42.64	5.3
42.65	5.3
42.66	5.3
42.67	5.3
42.68	5.31
42.69	5.31
42.7	5.31
42.71	5.31
42.72	5.31
42.73	5.31
42.74	5.31
42.75	5.31
42.76	5.31
42.77	5.32
42.78	5.32
42.79	5.32
42.8	5.32
42.81	5.32
42.82	5.32
42.83	5.32
42.84	5.32
42.85	5.32
42.86	5.32
42.87	5.33
42.88	5.33
42.89	5.33
42.9	5.33
42.91	5.33
42.92	5.33
42.93	5.33
42.94	5.33
42.95	5.34
42.96	5.34
42.97	5.34
42.98	5.34
42.99	5.34
43	5.35
43.01	5.35
43.02	5.36
43.03	5.36
43.04	5.36
43.05	5.36
43.06	5.37
43.07	5.37
43.08	5.37
43.09	5.37
43.1	5.37
43.11	5.38
43.12	5.38
43.13	5.38
43.14	5.38
43.15	5.38
43.16	5.39
43.17	5.39
43.18	5.39
43.19	5.39
43.2	5.39
43.21	5.4
43.22	5.4
43.23	5.4
43.24	5.4
43.25	5.4
43.26	5.4
43.27	5.41
43.28	5.41
43.29	5.41
43.3	5.41
43.31	5.41
43.32	5.41
43.33	5.41
43.34	5.41
43.35	5.41
43.36	5.41
43.37	5.41
43.38	5.43
43.39	5.43
43.4	5.43
43.41	5.43
43.42	5.43
43.43	5.43
43.44	5.43
43.45	5.43
43.46	5.44
43.47	5.44
43.48	5.44
43.49	5.44
43.5	5.44
43.51	5.44
43.52	5.44
43.53	5.44
43.54	5.44
43.55	5.44
43.56	5.45
43.57	5.45
43.58	5.45
43.59	5.45
43.6	5.45
43.61	5.45
43.62	5.45
43.63	5.45
43.64	5.45
43.65	5.45
43.66	5.45
43.67	5.45
43.68	5.45
43.69	5.45
43.7	5.46
43.71	5.46
43.72	5.46
43.73	5.46
43.74	5.46
43.75	5.46
43.76	5.46
43.77	5.46
43.78	5.46
43.79	5.46
43.8	5.47
43.81	5.47
43.82	5.47
43.83	5.47
43.84	5.47
43.85	5.47
43.86	5.48
43.87	5.48
43.88	5.48
43.89	5.48
43.9	5.48
43.91	5.48
43.92	5.49
43.93	5.49
43.94	5.49
43.95	5.49
43.96	5.49
43.97	5.49
43.98	5.49
43.99	5.49
44	5.5
44.01	5.51
44.02	5.51
44.03	5.51
44.04	5.51
44.05	5.51
44.06	5.51
44.07	5.53
44.08	5.53
44.09	5.53
44.1	5.53
44.11	5.53
44.12	5.54
44.13	5.54
44.14	5.54
44.15	5.54
44.16	5.54
44.17	5.54
44.18	5.54
44.19	5.55
44.2	5.55
44.21	5.55
44.22	5.55
44.23	5.55
44.24	5.55
44.25	5.55
44.26	5.55
44.27	5.56
44.28	5.56
44.29	5.56
44.3	5.56
44.31	5.56
44.32	5.56
44.33	5.56
44.34	5.56
44.35	5.56
44.36	5.56
44.37	5.57
44.38	5.57
44.39	5.57
44.4	5.57
44.41	5.57
44.42	5.57
44.43	5.57
44.44	5.57
44.45	5.57
44.46	5.57
44.47	5.57
44.48	5.58
44.49	5.58
44.5	5.58
44.51	5.58
44.52	5.58
44.53	5.58
44.54	5.58
44.55	5.58
44.56	5.58
44.57	5.58
44.58	5.58
44.59	5.58
44.6	5.58
44.61	5.59
44.62	5.59
44.63	5.59
44.64	5.59
44.65	5.59
44.66	5.59
44.67	5.59
44.68	5.59
44.69	5.59
44.7	5.59
44.71	5.59
44.72	5.59
44.73	5.59
44.74	5.59
44.75	5.59
44.76	5.59
44.77	5.6
44.78	5.6
44.79	5.6
44.8	5.6
44.81	5.6
44.82	5.6
44.83	5.6
44.84	5.6
44.85	5.6
44.86	5.6
44.87	5.61
44.88	5.61
44.89	5.61
44.9	5.61
44.91	5.62
44.92	5.62
44.93	5.62
44.94	5.62
44.95	5.62
44.96	5.63
44.97	5.63
44.98	5.63
44.99	5.63
45	5.64
45.01	5.64
45.02	5.64
45.03	5.64
45.04	5.64
45.05	5.64
45.06	5.64
45.07	5.64
45.08	5.64
45.09	5.64
45.1	5.64
45.11	5.65
45.12	5.65
45.13	5.65
45.14	5.65
45.15	5.65
45.16	5.65
45.17	5.65
45.18	5.65
45.19	5.65
45.2	5.65
45.21	5.65
45.22	5.65
45.23	5.65
45.24	5.65
45.25	5.65
45.26	5.65
45.27	5.66
45.28	5.66
45.29	5.66
45.3	5.66
45.31	5.66
45.32	5.66
45.33	5.66
45.34	5.66
45.35	5.66
45.36	5.66
45.37	5.66
45.38	5.66
45.39	5.66
45.4	5.66
45.41	5.66
45.42	5.66
45.43	5.67
45.44	5.67
45.45	5.67
45.46	5.67
45.47	5.67
45.48	5.67
45.49	5.67
45.5	5.67
45.51	5.67
45.52	5.67
45.53	5.67
45.54	5.67
45.55	5.67
45.56	5.67
45.57	5.68
45.58	5.68
45.59	5.68
45.6	5.68
45.61	5.68
45.62	5.68
45.63	5.68
45.64	5.68
45.65	5.68
45.66	5.68
45.67	5.68
45.68	5.68
45.69	5.68
45.7	5.68
45.71	5.68
45.72	5.68
45.73	5.68
45.74	5.69
45.75	5.69
45.76	5.69
45.77	5.69
45.78	5.69
45.79	5.69
45.8	5.69
45.81	5.69
45.82	5.69
45.83	5.69
45.84	5.69
45.85	5.69
45.86	5.69
45.87	5.69
45.88	5.69
45.89	5.69
45.9	5.69
45.91	5.7
45.92	5.7
45.93	5.7
45.94	5.7
45.95	5.7
45.96	5.7
45.97	5.7
45.98	5.7
45.99	5.7
46	5.7
46.01	5.7
46.02	5.71
46.03	5.71
46.04	5.71
46.05	5.71
46.06	5.71
46.07	5.73
46.08	5.73
46.09	5.73
46.1	5.73
46.11	5.73
46.12	5.74
46.13	5.74
46.14	5.74
46.15	5.74
46.16	5.74
46.17	5.74
46.18	5.75
46.19	5.75
46.2	5.75
46.21	5.75
46.22	5.75
46.23	5.75
46.24	5.75
46.25	5.75
46.26	5.76
46.27	5.76
46.28	5.76
46.29	5.76
46.3	5.76
46.31	5.77
46.32	5.77
46.33	5.77
46.34	5.77
46.35	5.77
46.36	5.78
46.37	5.78
46.38	5.78
46.39	5.78
46.4	5.78
46.41	5.78
46.42	5.78
46.43	5.78
46.44	5.78
46.45	5.78
46.46	5.78
46.47	5.78
46.48	5.79
46.49	5.79
46.5	5.79
46.51	5.79
46.52	5.79
46.53	5.79
46.54	5.79
46.55	5.79
46.56	5.79
46.57	5.79
46.58	5.79
46.59	5.79
46.6	5.79
46.61	5.8
46.62	5.8
46.63	5.8
46.64	5.8
46.65	5.8
46.66	5.8
46.67	5.8
46.68	5.8
46.69	5.8
46.7	5.8
46.71	5.8
46.72	5.8
46.73	5.8
46.74	5.8
46.75	5.8
46.76	5.81
46.77	5.81
46.78	5.81
46.79	5.81
46.8	5.81
46.81	5.81
46.82	5.81
46.83	5.81
46.84	5.81
46.85	5.81
46.86	5.81
46.87	5.81
46.88	5.81
46.89	5.82
46.9	5.82
46.91	5.82
46.92	5.82
46.93	5.82
46.94	5.82
46.95	5.82
46.96	5.82
46.97	5.82
46.98	5.82
46.99	5.82
47	5.82
47.01	5.82
47.02	5.82
47.03	5.82
47.04	5.82
47.05	5.82
47.06	5.82
47.07	5.84
47.08	5.84
47.09	5.84
47.1	5.84
47.11	5.84
47.12	5.84
47.13	5.85
47.14	5.85
47.15	5.85
47.16	5.85
47.17	5.85
47.18	5.85
47.19	5.85
47.2	5.85
47.21	5.86
47.22	5.86
47.23	5.86
47.24	5.86
47.25	5.86
47.26	5.86
47.27	5.86
47.28	5.86
47.29	5.86
47.3	5.86
47.31	5.86
47.32	5.87
47.33	5.87
47.34	5.87
47.35	5.87
47.36	5.87
47.37	5.87
47.38	5.87
47.39	5.87
47.4	5.87
47.41	5.87
47.42	5.87
47.43	5.87
47.44	5.87
47.45	5.88
47.46	5.88
47.47	5.88
47.48	5.88
47.49	5.88
47.5	5.88
47.51	5.88
47.52	5.88
47.53	5.88
47.54	5.88
47.55	5.89
47.56	5.89
47.57	5.89
47.58	5.89
47.59	5.89
47.6	5.89
47.61	5.89
47.62	5.9
47.63	5.9
47.64	5.9
47.65	5.9
47.66	5.9
47.67	5.9
47.68	5.9
47.69	5.9
47.7	5.9
47.71	5.91
47.72	5.91
47.73	5.91
47.74	5.91
47.75	5.91
47.76	5.91
47.77	5.91
47.78	5.91
47.79	5.91
47.8	5.91
47.81	5.92
47.82	5.92
47.83	5.92
47.84	5.92
47.85	5.92
47.86	5.93
47.87	5.93
47.88	5.93
47.89	5.93
47.9	5.93
47.91	5.93
47.92	5.94
47.93	5.94
47.94	5.94
47.95	5.94
47.96	5.94
47.97	5.94
47.98	5.95
47.99	5.95
48	5.95
48.01	5.95
48.02	5.95
48.03	5.96
48.04	5.96
48.05	5.96
48.06	5.96
48.07	5.96
48.08	5.96
48.09	5.96
48.1	5.96
48.11	5.96
48.12	5.96
48.13	5.96
48.14	5.97
48.15	5.97
48.16	5.97
48.17	5.97
48.18	5.97
48.19	5.97
48.2	5.97
48.21	5.97
48.22	5.97
48.23	5.97
48.24	5.97
48.25	5.97
48.26	5.97
48.27	5.97
48.28	5.97
48.29	5.98
48.3	5.98
48.31	5.98
48.32	5.98
48.33	5.98
48.34	5.98
48.35	5.98
48.36	5.98
48.37	5.98
48.38	5.98
48.39	5.98
48.4	5.98
48.41	5.98
48.42	5.98
48.43	5.98
48.44	5.98
48.45	5.99
48.46	5.99
48.47	5.99
48.48	5.99
48.49	5.99
48.5	5.99
48.51	5.99
48.52	5.99
48.53	5.99
48.54	5.99
48.55	5.99
48.56	5.99
48.57	5.99
48.58	5.99
48.59	5.99
48.6	5.99
48.61	5.99
48.62	6
48.63	6
48.64	6
48.65	6
48.66	6
48.67	6
48.68	6
48.69	6
48.7	6
48.71	6
48.72	6
48.73	6
48.74	6
48.75	6
48.76	6
48.77	6
48.78	6
48.79	6.01
48.8	6.01
48.81	6.01
48.82	6.01
48.83	6.01
48.84	6.01
48.85	6.01
48.86	6.01
48.87	6.01
48.88	6.01
48.89	6.01
48.9	6.01
48.91	6.01
48.92	6.01
48.93	6.01
48.94	6.01
48.95	6.01
48.96	6.01
48.97	6.02
48.98	6.02
48.99	6.02
49	6.02
49.01	6.02
49.02	6.02
49.03	6.02
49.04	6.02
49.05	6.02
49.06	6.02
49.07	6.02
49.08	6.02
49.09	6.02
49.1	6.03
49.11	6.03
49.12	6.03
49.13	6.03
49.14	6.03
49.15	6.03
49.16	6.03
49.17	6.03
49.18	6.03
49.19	6.03
49.2	6.03
49.21	6.03
49.22	6.03
49.23	6.03
49.24	6.03
49.25	6.03
49.26	6.03
49.27	6.03
49.28	6.03
49.29	6.04
49.3	6.04
49.31	6.04
49.32	6.04
49.33	6.04
49.34	6.04
49.35	6.04
49.36	6.04
49.37	6.04
49.38	6.04
49.39	6.04
49.4	6.04
49.41	6.04
49.42	6.04
49.43	6.04
49.44	6.04
49.45	6.05
49.46	6.05
49.47	6.05
49.48	6.05
49.49	6.05
49.5	6.05
49.51	6.05
49.52	6.05
49.53	6.05
49.54	6.05
49.55	6.05
49.56	6.05
49.57	6.05
49.58	6.05
49.59	6.05
49.6	6.05
49.61	6.05
49.62	6.05
49.63	6.05
49.64	6.06
49.65	6.06
49.66	6.06
49.67	6.06
49.68	6.06
49.69	6.06
49.7	6.06
49.71	6.06
49.72	6.06
49.73	6.06
49.74	6.06
49.75	6.06
49.76	6.06
49.77	6.06
49.78	6.06
49.79	6.06
49.8	6.07
49.81	6.07
49.82	6.07
49.83	6.07
49.84	6.07
49.85	6.07
49.86	6.07
49.87	6.07
49.88	6.07
49.89	6.07
49.9	6.07
49.91	6.07
49.92	6.07
49.93	6.07
49.94	6.07
49.95	6.08
49.96	6.08
49.97	6.08
49.98	6.08
49.99	6.08
50	6.08
