0.490941 	2.17223 	0.00567156 	3.00061 	-6.71991e-20
0.561075 	2.17223 	0.00567156 	3.00061 	-6.71991e-20
0.63121 	2.17223 	0.00567156 	3.00061 	-6.71991e-20
0.701344 	2.17223 	0.00567156 	3.00061 	-6.71991e-20
0.771478 	2.17223 	0.00567156 	3.00061 	-6.71991e-20
0.841613 	2.17223 	0.00567156 	3.00061 	-6.71991e-20
0.911747 	2.17223 	0.00567156 	3.00061 	-6.71991e-20
0.981881 	2.17223 	0.00567156 	3.00061 	-6.71991e-20
1.05202 	2.17223 	0.00567156 	3.00061 	-6.71991e-20
1.12215 	2.17223 	0.00567156 	3.00061 	-6.71991e-20
1.19228 	2.17223 	0.00567156 	3.00061 	-6.71991e-20
1.26242 	2.17223 	0.00567156 	3.00061 	-6.71991e-20
1.33255 	2.13289 	0.0141479 	3.01448 	-6.9677e-20
1.40269 	2.13289 	0.0141479 	3.01448 	-6.9677e-20
1.47282 	2.13289 	0.0141479 	3.01448 	-6.9677e-20
1.54296 	2.13289 	0.0141479 	3.01448 	-6.9677e-20
1.61309 	2.13289 	0.0141479 	3.01448 	-6.9677e-20
1.68323 	2.13289 	0.0141479 	3.01448 	-6.9677e-20
1.75336 	2.13289 	0.0141479 	3.01448 	-6.9677e-20
1.82349 	2.13289 	0.0141479 	3.01448 	-6.9677e-20
1.89363 	2.13289 	0.0141479 	3.01448 	-6.9677e-20
1.96376 	2.13289 	0.0141479 	3.01448 	-6.9677e-20
2.0339 	2.13289 	0.0141479 	3.01448 	-6.9677e-20
2.10403 	2.13289 	0.0141479 	3.01448 	-6.9677e-20
2.17417 	2.07213 	0.0141267 	3.03177 	1.44401e-19
2.2443 	2.07213 	0.0141267 	3.03177 	1.44401e-19
2.31443 	2.07213 	0.0141267 	3.03177 	1.44401e-19
2.38457 	2.07213 	0.0141267 	3.03177 	1.44401e-19
2.4547 	2.07213 	0.0141267 	3.03177 	1.44401e-19
2.52484 	2.07213 	0.0141267 	3.03177 	1.44401e-19
2.59497 	2.07213 	0.0141267 	3.03177 	1.44401e-19
2.66511 	2.07213 	0.0141267 	3.03177 	1.44401e-19
2.73524 	2.07213 	0.0141267 	3.03177 	1.44401e-19
2.80538 	2.07213 	0.0141267 	3.03177 	1.44401e-19
2.87551 	2.07213 	0.0141267 	3.03177 	1.44401e-19
2.94564 	2.07213 	0.0141267 	3.03177 	1.44401e-19
3.01578 	1.99818 	0.0165164 	3.05897 	-1.70414e-20
3.08591 	1.99818 	0.0165164 	3.05897 	-1.70414e-20
3.15605 	1.99818 	0.0165164 	3.05897 	-1.70414e-20
3.22618 	1.99818 	0.0165164 	3.05897 	-1.70414e-20
3.29632 	1.99818 	0.0165164 	3.05897 	-1.70414e-20
3.36645 	1.99818 	0.0165164 	3.05897 	-1.70414e-20
3.43659 	1.99818 	0.0165164 	3.05897 	-1.70414e-20
3.50672 	1.99818 	0.0165164 	3.05897 	-1.70414e-20
3.57685 	1.99818 	0.0165164 	3.05897 	-1.70414e-20
3.64699 	1.99818 	0.0165164 	3.05897 	-1.70414e-20
3.71712 	1.99818 	0.0165164 	3.05897 	-1.70414e-20
3.78726 	1.99099 	0.00719482 	3.05536 	3.33519e-20
3.85739 	1.91208 	-0.000834725 	3.08435 	-2.50445e-19
3.92753 	1.91208 	-0.000834725 	3.08435 	-2.50445e-19
3.99766 	1.91208 	-0.000834725 	3.08435 	-2.50445e-19
4.06779 	1.91208 	-0.000834725 	3.08435 	-2.50445e-19
4.13793 	1.91208 	-0.000834725 	3.08435 	-2.50445e-19
4.20806 	1.91208 	-0.000834725 	3.08435 	-2.50445e-19
4.2782 	1.91208 	-0.000834725 	3.08435 	-2.50445e-19
4.34833 	1.91208 	-0.000834725 	3.08435 	-2.50445e-19
4.41847 	1.91208 	-0.000834725 	3.08435 	-2.50445e-19
4.4886 	1.91208 	-0.000834725 	3.08435 	-2.50445e-19
4.55874 	1.91208 	-0.000834725 	3.08435 	-2.50445e-19
4.62887 	1.91208 	-0.000834725 	3.08435 	-2.50445e-19
4.699 	1.91208 	-0.000834725 	3.08435 	-2.50445e-19
4.76914 	1.83337 	0.00557673 	3.10644 	4.90497e-19
4.83927 	1.83337 	0.00557673 	3.10644 	4.90497e-19
4.90941 	1.83337 	0.00557673 	3.10644 	4.90497e-19
4.97954 	1.83337 	0.00557673 	3.10644 	4.90497e-19
5.04968 	1.83337 	0.00557673 	3.10644 	4.90497e-19
5.11981 	1.83337 	0.00557673 	3.10644 	4.90497e-19
5.18994 	1.83337 	0.00557673 	3.10644 	4.90497e-19
5.26008 	1.83337 	0.00557673 	3.10644 	4.90497e-19
5.33021 	1.83337 	0.00557673 	3.10644 	4.90497e-19
5.40035 	1.83337 	0.00557673 	3.10644 	4.90497e-19
5.47048 	1.83337 	0.00557673 	3.10644 	4.90497e-19
5.54062 	1.83337 	0.00557673 	3.10644 	4.90497e-19
5.61075 	1.75873 	-0.0021654 	3.13379 	-2.39823e-19
5.68089 	1.75873 	-0.0021654 	3.13379 	-2.39823e-19
5.75102 	1.75873 	-0.0021654 	3.13379 	-2.39823e-19
5.82115 	1.75873 	-0.0021654 	3.13379 	-2.39823e-19
5.89129 	1.75873 	-0.0021654 	3.13379 	-2.39823e-19
5.96142 	1.75873 	-0.0021654 	3.13379 	-2.39823e-19
6.03156 	1.75873 	-0.0021654 	3.13379 	-2.39823e-19
6.10169 	1.75873 	-0.0021654 	3.13379 	-2.39823e-19
6.17183 	1.75873 	-0.0021654 	3.13379 	-2.39823e-19
6.24196 	1.75873 	-0.0021654 	3.13379 	-2.39823e-19
6.3121 	1.75873 	-0.0021654 	3.13379 	-2.39823e-19
6.38223 	1.75873 	-0.0021654 	3.13379 	-2.39823e-19
6.45236 	1.68745 	0.00542685 	3.15308 	0
6.5225 	1.68745 	0.00542685 	3.15308 	0
6.59263 	1.68745 	0.00542685 	3.15308 	0
6.66277 	1.68745 	0.00542685 	3.15308 	0
6.7329 	1.68745 	0.00542685 	3.15308 	0
6.80304 	1.68745 	0.00542685 	3.15308 	0
6.87317 	1.68745 	0.00542685 	3.15308 	0
6.9433 	1.68745 	0.00542685 	3.15308 	0
7.01344 	1.68745 	0.00542685 	3.15308 	0
7.08357 	1.68745 	0.00542685 	3.15308 	0
7.15371 	1.68745 	0.00542685 	3.15308 	0
7.22384 	1.68745 	0.00542685 	3.15308 	0
7.29398 	1.61949 	-0.00116827 	3.1781 	0
7.36411 	1.61949 	-0.00116827 	3.1781 	0
7.43425 	1.61949 	-0.00116827 	3.1781 	0
7.50438 	1.61949 	-0.00116827 	3.1781 	0
7.57451 	1.61949 	-0.00116827 	3.1781 	0
7.64465 	1.61949 	-0.00116827 	3.1781 	0
7.71478 	1.61949 	-0.00116827 	3.1781 	0
7.78492 	1.61949 	-0.00116827 	3.1781 	0
7.85505 	1.61949 	-0.00116827 	3.1781 	0
7.92519 	1.61949 	-0.00116827 	3.1781 	0
7.99532 	1.61949 	-0.00116827 	3.1781 	0
8.06545 	1.61949 	-0.00116827 	3.1781 	0
8.13559 	1.61949 	-0.00116827 	3.1781 	0
8.20572 	1.55236 	0.00810677 	3.19571 	3.72911e-22
8.27586 	1.55236 	0.00810677 	3.19571 	3.72911e-22
8.34599 	1.55236 	0.00810677 	3.19571 	3.72911e-22
8.41613 	1.55236 	0.00810677 	3.19571 	3.72911e-22
8.48626 	1.55236 	0.00810677 	3.19571 	3.72911e-22
8.5564 	1.55236 	0.00810677 	3.19571 	3.72911e-22
8.62653 	1.55236 	0.00810677 	3.19571 	3.72911e-22
8.69666 	1.55236 	0.00810677 	3.19571 	3.72911e-22
8.7668 	1.55236 	0.00810677 	3.19571 	3.72911e-22
8.83693 	1.55236 	0.00810677 	3.19571 	3.72911e-22
8.90707 	1.55236 	0.00810677 	3.19571 	3.72911e-22
8.9772 	1.55236 	0.00810677 	3.19571 	3.72911e-22
9.04734 	1.48603 	0.00399216 	3.22002 	3.87775e-19
9.11747 	1.48603 	0.00399216 	3.22002 	3.87775e-19
9.18761 	1.48603 	0.00399216 	3.22002 	3.87775e-19
9.25774 	1.48603 	0.00399216 	3.22002 	3.87775e-19
9.32787 	1.48603 	0.00399216 	3.22002 	3.87775e-19
9.39801 	1.48603 	0.00399216 	3.22002 	3.87775e-19
9.46814 	1.48603 	0.00399216 	3.22002 	3.87775e-19
9.53828 	1.48603 	0.00399216 	3.22002 	3.87775e-19
9.60841 	1.48603 	0.00399216 	3.22002 	3.87775e-19
9.67855 	1.48603 	0.00399216 	3.22002 	3.87775e-19
9.74868 	1.48603 	0.00399216 	3.22002 	3.87775e-19
9.81881 	1.48603 	0.00399216 	3.22002 	3.87775e-19
9.88895 	1.48603 	0.00399216 	3.22002 	3.87775e-19
9.95908 	1.41896 	0.0184592 	3.23731 	5.28604e-21
10.0292 	1.41896 	0.0184592 	3.23731 	5.28604e-21
10.0994 	1.41896 	0.0184592 	3.23731 	5.28604e-21
10.1695 	1.41896 	0.0184592 	3.23731 	5.28604e-21
10.2396 	1.41896 	0.0184592 	3.23731 	5.28604e-21
10.3098 	1.41896 	0.0184592 	3.23731 	5.28604e-21
10.3799 	1.41896 	0.0184592 	3.23731 	5.28604e-21
10.45 	1.41896 	0.0184592 	3.23731 	5.28604e-21
10.5202 	1.41896 	0.0184592 	3.23731 	5.28604e-21
10.5903 	1.41896 	0.0184592 	3.23731 	5.28604e-21
10.6604 	1.41896 	0.0184592 	3.23731 	5.28604e-21
10.7306 	1.41896 	0.0184592 	3.23731 	5.28604e-21
10.8007 	1.35098 	0.0246696 	3.26185 	-3.90307e-19
10.8708 	1.35098 	0.0246696 	3.26185 	-3.90307e-19
10.941 	1.35098 	0.0246696 	3.26185 	-3.90307e-19
11.0111 	1.35098 	0.0246696 	3.26185 	-3.90307e-19
11.0812 	1.35098 	0.0246696 	3.26185 	-3.90307e-19
11.1514 	1.35098 	0.0246696 	3.26185 	-3.90307e-19
11.2215 	1.35098 	0.0246696 	3.26185 	-3.90307e-19
11.2916 	1.35098 	0.0246696 	3.26185 	-3.90307e-19
11.3618 	1.35098 	0.0246696 	3.26185 	-3.90307e-19
11.4319 	1.35098 	0.0246696 	3.26185 	-3.90307e-19
11.502 	1.35098 	0.0246696 	3.26185 	-3.90307e-19
11.5722 	1.35098 	0.0246696 	3.26185 	-3.90307e-19
11.6423 	1.35098 	0.0246696 	3.26185 	-3.90307e-19
11.7124 	1.2768 	0.0566478 	3.28156 	-6.35865e-19
11.7826 	1.2768 	0.0566478 	3.28156 	-6.35865e-19
11.8527 	1.2768 	0.0566478 	3.28156 	-6.35865e-19
11.9228 	1.2768 	0.0566478 	3.28156 	-6.35865e-19
11.993 	1.2768 	0.0566478 	3.28156 	-6.35865e-19
12.0631 	1.2768 	0.0566478 	3.28156 	-6.35865e-19
12.1332 	1.2768 	0.0566478 	3.28156 	-6.35865e-19
12.2034 	1.2768 	0.0566478 	3.28156 	-6.35865e-19
12.2735 	1.2768 	0.0566478 	3.28156 	-6.35865e-19
12.3437 	1.2768 	0.0566478 	3.28156 	-6.35865e-19
12.4138 	1.2768 	0.0566478 	3.28156 	-6.35865e-19
12.4839 	1.2768 	0.0566478 	3.28156 	-6.35865e-19
12.5541 	1.2768 	0.0566478 	3.28156 	-6.35865e-19
12.6242 	1.19197 	0.0830487 	3.30916 	1.24676e-18
12.6943 	1.19197 	0.0830487 	3.30916 	1.24676e-18
12.7645 	1.19197 	0.0830487 	3.30916 	1.24676e-18
12.8346 	1.19197 	0.0830487 	3.30916 	1.24676e-18
12.9047 	1.19197 	0.0830487 	3.30916 	1.24676e-18
12.9749 	1.19197 	0.0830487 	3.30916 	1.24676e-18
13.045 	1.19197 	0.0830487 	3.30916 	1.24676e-18
13.1151 	1.19197 	0.0830487 	3.30916 	1.24676e-18
13.1853 	1.19197 	0.0830487 	3.30916 	1.24676e-18
13.2554 	1.19197 	0.0830487 	3.30916 	1.24676e-18
13.3255 	1.19197 	0.0830487 	3.30916 	1.24676e-18
13.3957 	1.19197 	0.0830487 	3.30916 	1.24676e-18
13.4658 	1.19197 	0.0830487 	3.30916 	1.24676e-18
13.5359 	1.08028 	0.160206 	3.34492 	-6.1452e-19
13.6061 	1.08028 	0.160206 	3.34492 	-6.1452e-19
13.6762 	1.08028 	0.160206 	3.34492 	-6.1452e-19
13.7463 	1.08028 	0.160206 	3.34492 	-6.1452e-19
13.8165 	1.08028 	0.160206 	3.34492 	-6.1452e-19
13.8866 	1.08028 	0.160206 	3.34492 	-6.1452e-19
13.9567 	1.08028 	0.160206 	3.34492 	-6.1452e-19
14.0269 	1.08028 	0.160206 	3.34492 	-6.1452e-19
14.097 	1.08028 	0.160206 	3.34492 	-6.1452e-19
14.1671 	1.08028 	0.160206 	3.34492 	-6.1452e-19
14.2373 	1.08028 	0.160206 	3.34492 	-6.1452e-19
14.3074 	1.08028 	0.160206 	3.34492 	-6.1452e-19
14.3776 	0.973358 	0.185291 	3.36774 	0
14.4477 	0.765243 	0.18253 	3.42755 	7.52956e-19
14.5178 	0.765243 	0.18253 	3.42755 	7.52956e-19
14.588 	0.765243 	0.18253 	3.42755 	7.52956e-19
14.6581 	0.765243 	0.18253 	3.42755 	7.52956e-19
14.7282 	0.765243 	0.18253 	3.42755 	7.52956e-19
14.7984 	0.765243 	0.18253 	3.42755 	7.52956e-19
14.8685 	0.789429 	0.208137 	3.41872 	-1.50401e-18
14.9386 	0.789429 	0.208137 	3.41872 	-1.50401e-18
15.0088 	0.789429 	0.208137 	3.41872 	-1.50401e-18
15.0789 	0.789429 	0.208137 	3.41872 	-1.50401e-18
15.149 	0.789429 	0.208137 	3.41872 	-1.50401e-18
15.2192 	0.545467 	0.27332 	3.48661 	1.09961e-18
15.2893 	0.545467 	0.27332 	3.48661 	1.09961e-18
15.3594 	0.545467 	0.27332 	3.48661 	1.09961e-18
15.4296 	0.672909 	0.345944 	3.44239 	-9.68879e-20
15.4997 	0.672909 	0.345944 	3.44239 	-9.68879e-20
15.5698 	0.672909 	0.345944 	3.44239 	-9.68879e-20
15.64 	0.672909 	0.345944 	3.44239 	-9.68879e-20
15.7101 	0.672909 	0.345944 	3.44239 	-9.68879e-20
15.7802 	0.672909 	0.345944 	3.44239 	-9.68879e-20
15.8504 	0.672909 	0.345944 	3.44239 	-9.68879e-20
15.9205 	0.409412 	0.347308 	3.54262 	9.58443e-20
15.9906 	0.409412 	0.347308 	3.54262 	9.58443e-20
16.0608 	0.409412 	0.347308 	3.54262 	9.58443e-20
16.1309 	0.623703 	0.434814 	3.45482 	4.55285e-19
16.201 	0.623703 	0.434814 	3.45482 	4.55285e-19
16.2712 	0.623703 	0.434814 	3.45482 	4.55285e-19
16.3413 	0.623703 	0.434814 	3.45482 	4.55285e-19
16.4114 	0.623703 	0.434814 	3.45482 	4.55285e-19
16.4816 	0.623703 	0.434814 	3.45482 	4.55285e-19
16.5517 	0.623703 	0.434814 	3.45482 	4.55285e-19
16.6219 	0.431543 	0.536103 	3.53272 	0
16.692 	0.431543 	0.536103 	3.53272 	0
16.7621 	0.431543 	0.536103 	3.53272 	0
16.8323 	0.431543 	0.536103 	3.53272 	0
16.9024 	0.431543 	0.536103 	3.53272 	0
16.9725 	0.668685 	0.542218 	3.43347 	4.02235e-19
17.0427 	0.668685 	0.542218 	3.43347 	4.02235e-19
17.1128 	0.668685 	0.542218 	3.43347 	4.02235e-19
17.1829 	0.668685 	0.542218 	3.43347 	4.02235e-19
17.2531 	0.512356 	0.630357 	3.48717 	5.4485e-19
17.3232 	0.512356 	0.630357 	3.48717 	5.4485e-19
17.3933 	0.512356 	0.630357 	3.48717 	5.4485e-19
17.4635 	0.512356 	0.630357 	3.48717 	5.4485e-19
17.5336 	0.512356 	0.630357 	3.48717 	5.4485e-19
17.6037 	0.512356 	0.630357 	3.48717 	5.4485e-19
17.6739 	0.512356 	0.630357 	3.48717 	5.4485e-19
17.744 	0.512356 	0.630357 	3.48717 	5.4485e-19
17.8141 	0.512356 	0.630357 	3.48717 	5.4485e-19
17.8843 	0.512356 	0.630357 	3.48717 	5.4485e-19
17.9544 	0.593652 	0.651231 	3.40663 	0
18.0245 	0.593652 	0.651231 	3.40663 	0
18.0947 	0.593652 	0.651231 	3.40663 	0
18.1648 	0.593652 	0.651231 	3.40663 	0
18.2349 	0.593652 	0.651231 	3.40663 	0
18.3051 	0.593652 	0.651231 	3.40663 	0
18.3752 	0.593652 	0.651231 	3.40663 	0
18.4453 	0.593652 	0.651231 	3.40663 	0
18.5155 	0.593652 	0.651231 	3.40663 	0
18.5856 	0.493236 	0.734879 	3.44536 	0
18.6557 	0.493236 	0.734879 	3.44536 	0
18.7259 	0.493236 	0.734879 	3.44536 	0
18.796 	0.493236 	0.734879 	3.44536 	0
18.8662 	0.493236 	0.734879 	3.44536 	0
18.9363 	0.493236 	0.734879 	3.44536 	0
19.0064 	0.493236 	0.734879 	3.44536 	0
19.0766 	0.493236 	0.734879 	3.44536 	0
19.1467 	0.493236 	0.734879 	3.44536 	0
19.2168 	0.441192 	0.799558 	3.43747 	-1.18376e-19
19.287 	0.678458 	0.724769 	3.21469 	-1.86043e-19
19.3571 	0.678458 	0.724769 	3.21469 	-1.86043e-19
19.4272 	0.678458 	0.724769 	3.21469 	-1.86043e-19
19.4974 	0.678458 	0.724769 	3.21469 	-1.86043e-19
19.5675 	0.678458 	0.724769 	3.21469 	-1.86043e-19
19.6376 	0.678458 	0.724769 	3.21469 	-1.86043e-19
19.7078 	0.678458 	0.724769 	3.21469 	-1.86043e-19
19.7779 	0.678458 	0.724769 	3.21469 	-1.86043e-19
19.848 	0.678458 	0.724769 	3.21469 	-1.86043e-19
19.9182 	0.627141 	0.771563 	3.28265 	-5.8665e-19
19.9883 	0.627141 	0.771563 	3.28265 	-5.8665e-19
20.0584 	0.627141 	0.771563 	3.28265 	-5.8665e-19
20.1286 	0.627141 	0.771563 	3.28265 	-5.8665e-19
20.1987 	0.627141 	0.771563 	3.28265 	-5.8665e-19
20.2688 	0.627141 	0.771563 	3.28265 	-5.8665e-19
20.339 	0.627141 	0.771563 	3.28265 	-5.8665e-19
20.4091 	0.627141 	0.771563 	3.28265 	-5.8665e-19
20.4792 	0.627141 	0.771563 	3.28265 	-5.8665e-19
20.5494 	0.627141 	0.771563 	3.28265 	-5.8665e-19
20.6195 	0.565297 	0.843689 	3.3285 	-9.78066e-20
20.6896 	0.565297 	0.843689 	3.3285 	-9.78066e-20
20.7598 	0.565297 	0.843689 	3.3285 	-9.78066e-20
20.8299 	0.565297 	0.843689 	3.3285 	-9.78066e-20
20.9 	0.656029 	0.72505 	2.72141 	-7.19158e-19
20.9702 	0.656029 	0.72505 	2.72141 	-7.19158e-19
21.0403 	0.656029 	0.72505 	2.72141 	-7.19158e-19
21.1105 	0.656029 	0.72505 	2.72141 	-7.19158e-19
21.1806 	0.656029 	0.72505 	2.72141 	-7.19158e-19
21.2507 	0.656029 	0.72505 	2.72141 	-7.19158e-19
21.3209 	0.612461 	0.775596 	2.91341 	0
21.391 	0.612461 	0.775596 	2.91341 	0
21.4611 	0.612461 	0.775596 	2.91341 	0
21.5313 	0.612461 	0.775596 	2.91341 	0
21.6014 	0.612461 	0.775596 	2.91341 	0
21.6715 	0.612461 	0.775596 	2.91341 	0
21.7417 	0.612461 	0.775596 	2.91341 	0
21.8118 	0.612461 	0.775596 	2.91341 	0
21.8819 	0.612461 	0.775596 	2.91341 	0
21.9521 	0.612461 	0.775596 	2.91341 	0
22.0222 	0.612461 	0.775596 	2.91341 	0
22.0923 	0.569682 	0.83514 	3.04777 	-3.87988e-19
22.1625 	0.569682 	0.83514 	3.04777 	-3.87988e-19
22.2326 	0.569682 	0.83514 	3.04777 	-3.87988e-19
22.3027 	0.569682 	0.83514 	3.04777 	-3.87988e-19
22.3729 	0.569682 	0.83514 	3.04777 	-3.87988e-19
22.443 	0.569682 	0.83514 	3.04777 	-3.87988e-19
22.5131 	0.569682 	0.83514 	3.04777 	-3.87988e-19
22.5833 	0.569682 	0.83514 	3.04777 	-3.87988e-19
22.6534 	0.569682 	0.83514 	3.04777 	-3.87988e-19
22.7235 	0.569682 	0.83514 	3.04777 	-3.87988e-19
22.7937 	0.569682 	0.83514 	3.04777 	-3.87988e-19
22.8638 	0.521734 	0.877632 	3.11952 	7.72125e-19
22.9339 	0.521734 	0.877632 	3.11952 	7.72125e-19
23.0041 	0.521734 	0.877632 	3.11952 	7.72125e-19
23.0742 	0.54681 	0.704402 	2.18809 	2.30982e-19
23.1443 	0.54681 	0.704402 	2.18809 	2.30982e-19
23.2145 	0.54681 	0.704402 	2.18809 	2.30982e-19
23.2846 	0.54681 	0.704402 	2.18809 	2.30982e-19
23.3548 	0.54681 	0.704402 	2.18809 	2.30982e-19
23.4249 	0.54681 	0.704402 	2.18809 	2.30982e-19
23.495 	0.54681 	0.704402 	2.18809 	2.30982e-19
23.5652 	0.54681 	0.704402 	2.18809 	2.30982e-19
23.6353 	0.54681 	0.704402 	2.18809 	2.30982e-19
23.7054 	0.497405 	0.752335 	2.36758 	-7.72971e-20
23.7756 	0.497405 	0.752335 	2.36758 	-7.72971e-20
23.8457 	0.497405 	0.752335 	2.36758 	-7.72971e-20
23.9158 	0.497405 	0.752335 	2.36758 	-7.72971e-20
23.986 	0.497405 	0.752335 	2.36758 	-7.72971e-20
24.0561 	0.497405 	0.752335 	2.36758 	-7.72971e-20
24.1262 	0.497405 	0.752335 	2.36758 	-7.72971e-20
24.1964 	0.497405 	0.752335 	2.36758 	-7.72971e-20
24.2665 	0.497405 	0.752335 	2.36758 	-7.72971e-20
24.3366 	0.497405 	0.752335 	2.36758 	-7.72971e-20
24.4068 	0.497405 	0.752335 	2.36758 	-7.72971e-20
24.4769 	0.497405 	0.752335 	2.36758 	-7.72971e-20
24.547 	0.497405 	0.752335 	2.36758 	-7.72971e-20
24.6172 	0.449532 	0.795524 	2.50355 	5.89203e-19
24.6873 	0.449532 	0.795524 	2.50355 	5.89203e-19
24.7574 	0.449532 	0.795524 	2.50355 	5.89203e-19
24.8276 	0.449532 	0.795524 	2.50355 	5.89203e-19
24.8977 	0.449532 	0.795524 	2.50355 	5.89203e-19
24.9678 	0.449532 	0.795524 	2.50355 	5.89203e-19
25.038 	0.449532 	0.795524 	2.50355 	5.89203e-19
25.1081 	0.449532 	0.795524 	2.50355 	5.89203e-19
25.1782 	0.449532 	0.795524 	2.50355 	5.89203e-19
25.2484 	0.449532 	0.795524 	2.50355 	5.89203e-19
25.3185 	0.449532 	0.795524 	2.50355 	5.89203e-19
25.3886 	0.449532 	0.795524 	2.50355 	5.89203e-19
25.4588 	0.403927 	0.840585 	2.63115 	-5.11498e-19
25.5289 	0.403927 	0.840585 	2.63115 	-5.11498e-19
25.5991 	0.403927 	0.840585 	2.63115 	-5.11498e-19
25.6692 	0.403927 	0.840585 	2.63115 	-5.11498e-19
25.7393 	0.403927 	0.840585 	2.63115 	-5.11498e-19
25.8095 	0.403927 	0.840585 	2.63115 	-5.11498e-19
25.8796 	0.403927 	0.840585 	2.63115 	-5.11498e-19
25.9497 	0.403927 	0.840585 	2.63115 	-5.11498e-19
26.0199 	0.403927 	0.840585 	2.63115 	-5.11498e-19
26.09 	0.429346 	0.626251 	1.69999 	-1.33896e-19
26.1601 	0.429346 	0.626251 	1.69999 	-1.33896e-19
26.2303 	0.429346 	0.626251 	1.69999 	-1.33896e-19
26.3004 	0.429346 	0.626251 	1.69999 	-1.33896e-19
26.3705 	0.429346 	0.626251 	1.69999 	-1.33896e-19
26.4407 	0.392302 	0.639028 	1.75538 	9.38944e-20
26.5108 	0.392302 	0.639028 	1.75538 	9.38944e-20
26.5809 	0.392302 	0.639028 	1.75538 	9.38944e-20
26.6511 	0.392302 	0.639028 	1.75538 	9.38944e-20
26.7212 	0.392302 	0.639028 	1.75538 	9.38944e-20
26.7913 	0.392302 	0.639028 	1.75538 	9.38944e-20
26.8615 	0.392302 	0.639028 	1.75538 	9.38944e-20
26.9316 	0.392302 	0.639028 	1.75538 	9.38944e-20
27.0017 	0.392302 	0.639028 	1.75538 	9.38944e-20
27.0719 	0.392302 	0.639028 	1.75538 	9.38944e-20
27.142 	0.392302 	0.639028 	1.75538 	9.38944e-20
27.2121 	0.392302 	0.639028 	1.75538 	9.38944e-20
27.2823 	0.392302 	0.639028 	1.75538 	9.38944e-20
27.3524 	0.355501 	0.656098 	1.80879 	0
27.4225 	0.355501 	0.656098 	1.80879 	0
27.4927 	0.355501 	0.656098 	1.80879 	0
27.5628 	0.355501 	0.656098 	1.80879 	0
27.6329 	0.355501 	0.656098 	1.80879 	0
27.7031 	0.355501 	0.656098 	1.80879 	0
27.7732 	0.355501 	0.656098 	1.80879 	0
27.8434 	0.355501 	0.656098 	1.80879 	0
27.9135 	0.355501 	0.656098 	1.80879 	0
27.9836 	0.355501 	0.656098 	1.80879 	0
28.0538 	0.355501 	0.656098 	1.80879 	0
28.1239 	0.355501 	0.656098 	1.80879 	0
28.194 	0.355501 	0.656098 	1.80879 	0
28.2642 	0.355501 	0.656098 	1.80879 	0
28.3343 	0.355501 	0.656098 	1.80879 	0
28.4044 	0.321026 	0.660204 	1.83005 	0
28.4746 	0.321026 	0.660204 	1.83005 	0
28.5447 	0.321026 	0.660204 	1.83005 	0
28.6148 	0.321026 	0.660204 	1.83005 	0
28.685 	0.321026 	0.660204 	1.83005 	0
28.7551 	0.321026 	0.660204 	1.83005 	0
28.8252 	0.321026 	0.660204 	1.83005 	0
28.8954 	0.321026 	0.660204 	1.83005 	0
28.9655 	0.321026 	0.660204 	1.83005 	0
29.0356 	0.321026 	0.660204 	1.83005 	0
29.1058 	0.321026 	0.660204 	1.83005 	0
29.1759 	0.321026 	0.660204 	1.83005 	0
29.246 	0.321026 	0.660204 	1.83005 	0
29.3162 	0.321026 	0.660204 	1.83005 	0
29.3863 	0.321026 	0.660204 	1.83005 	0
29.4564 	0.292169 	0.660727 	1.83132 	1.21938e-19
29.5266 	0.292169 	0.660727 	1.83132 	1.21938e-19
29.5967 	0.292169 	0.660727 	1.83132 	1.21938e-19
29.6668 	0.292169 	0.660727 	1.83132 	1.21938e-19
29.737 	0.292169 	0.660727 	1.83132 	1.21938e-19
29.8071 	0.292169 	0.660727 	1.83132 	1.21938e-19
29.8773 	0.292169 	0.660727 	1.83132 	1.21938e-19
29.9474 	0.292169 	0.660727 	1.83132 	1.21938e-19
30.0175 	0.292169 	0.660727 	1.83132 	1.21938e-19
30.0877 	0.292169 	0.660727 	1.83132 	1.21938e-19
30.1578 	0.292169 	0.660727 	1.83132 	1.21938e-19
30.2279 	0.292169 	0.660727 	1.83132 	1.21938e-19
30.2981 	0.292169 	0.660727 	1.83132 	1.21938e-19
30.3682 	0.292169 	0.660727 	1.83132 	1.21938e-19
30.4383 	0.292169 	0.660727 	1.83132 	1.21938e-19
30.5085 	0.292169 	0.660727 	1.83132 	1.21938e-19
30.5786 	0.284464 	0.643135 	1.79922 	6.73031e-21
30.6487 	0.284464 	0.643135 	1.79922 	6.73031e-21
30.7189 	0.284464 	0.643135 	1.79922 	6.73031e-21
30.789 	0.284464 	0.643135 	1.79922 	6.73031e-21
30.8591 	0.284464 	0.643135 	1.79922 	6.73031e-21
30.9293 	0.284464 	0.643135 	1.79922 	6.73031e-21
30.9994 	0.284464 	0.643135 	1.79922 	6.73031e-21
31.0695 	0.284464 	0.643135 	1.79922 	6.73031e-21
31.1397 	0.284464 	0.643135 	1.79922 	6.73031e-21
31.2098 	0.284464 	0.643135 	1.79922 	6.73031e-21
31.2799 	0.284464 	0.643135 	1.79922 	6.73031e-21
31.3501 	0.284464 	0.643135 	1.79922 	6.73031e-21
31.4202 	0.284464 	0.643135 	1.79922 	6.73031e-21
31.4903 	0.284464 	0.643135 	1.79922 	6.73031e-21
31.5605 	0.253556 	0.528522 	1.56081 	1.66471e-19
31.6306 	0.253556 	0.528522 	1.56081 	1.66471e-19
31.7007 	0.270129 	0.509279 	1.54873 	-1.03209e-19
31.7709 	0.270129 	0.509279 	1.54873 	-1.03209e-19
31.841 	0.270129 	0.509279 	1.54873 	-1.03209e-19
31.9111 	0.270129 	0.509279 	1.54873 	-1.03209e-19
31.9813 	0.270129 	0.509279 	1.54873 	-1.03209e-19
32.0514 	0.270129 	0.509279 	1.54873 	-1.03209e-19
32.1216 	0.270129 	0.509279 	1.54873 	-1.03209e-19
32.1917 	0.270129 	0.509279 	1.54873 	-1.03209e-19
32.2618 	0.270129 	0.509279 	1.54873 	-1.03209e-19
32.332 	0.270129 	0.509279 	1.54873 	-1.03209e-19
32.4021 	0.270129 	0.509279 	1.54873 	-1.03209e-19
32.4722 	0.270129 	0.509279 	1.54873 	-1.03209e-19
32.5424 	0.270129 	0.509279 	1.54873 	-1.03209e-19
32.6125 	0.270129 	0.509279 	1.54873 	-1.03209e-19
32.6826 	0.270129 	0.509279 	1.54873 	-1.03209e-19
32.7528 	0.270129 	0.509279 	1.54873 	-1.03209e-19
32.8229 	0.270129 	0.509279 	1.54873 	-1.03209e-19
32.893 	0.270129 	0.509279 	1.54873 	-1.03209e-19
32.9632 	0.307819 	0.474802 	1.52127 	-2.15755e-20
33.0333 	0.307819 	0.474802 	1.52127 	-2.15755e-20
33.1034 	0.307819 	0.474802 	1.52127 	-2.15755e-20
33.1736 	0.307819 	0.474802 	1.52127 	-2.15755e-20
33.2437 	0.307819 	0.474802 	1.52127 	-2.15755e-20
33.3138 	0.307819 	0.474802 	1.52127 	-2.15755e-20
33.384 	0.307819 	0.474802 	1.52127 	-2.15755e-20
33.4541 	0.307819 	0.474802 	1.52127 	-2.15755e-20
33.5242 	0.307819 	0.474802 	1.52127 	-2.15755e-20
33.5944 	0.307819 	0.474802 	1.52127 	-2.15755e-20
33.6645 	0.307819 	0.474802 	1.52127 	-2.15755e-20
33.7346 	0.307819 	0.474802 	1.52127 	-2.15755e-20
33.8048 	0.307819 	0.474802 	1.52127 	-2.15755e-20
33.8749 	0.307819 	0.474802 	1.52127 	-2.15755e-20
33.945 	0.307819 	0.474802 	1.52127 	-2.15755e-20
34.0152 	0.307819 	0.474802 	1.52127 	-2.15755e-20
34.0853 	0.307819 	0.474802 	1.52127 	-2.15755e-20
34.1554 	0.307819 	0.474802 	1.52127 	-2.15755e-20
34.2256 	0.35948 	0.418821 	1.48513 	3.52122e-20
34.2957 	0.35948 	0.418821 	1.48513 	3.52122e-20
34.3659 	0.35948 	0.418821 	1.48513 	3.52122e-20
34.436 	0.35948 	0.418821 	1.48513 	3.52122e-20
34.5061 	0.35948 	0.418821 	1.48513 	3.52122e-20
34.5763 	0.35948 	0.418821 	1.48513 	3.52122e-20
34.6464 	0.35948 	0.418821 	1.48513 	3.52122e-20
34.7165 	0.35948 	0.418821 	1.48513 	3.52122e-20
34.7867 	0.35948 	0.418821 	1.48513 	3.52122e-20
34.8568 	0.35948 	0.418821 	1.48513 	3.52122e-20
34.9269 	0.35948 	0.418821 	1.48513 	3.52122e-20
34.9971 	0.35948 	0.418821 	1.48513 	3.52122e-20
35.0672 	0.35948 	0.418821 	1.48513 	3.52122e-20
35.1373 	0.35948 	0.418821 	1.48513 	3.52122e-20
35.2075 	0.35948 	0.418821 	1.48513 	3.52122e-20
35.2776 	0.35948 	0.418821 	1.48513 	3.52122e-20
35.3477 	0.35948 	0.418821 	1.48513 	3.52122e-20
35.4179 	0.35948 	0.418821 	1.48513 	3.52122e-20
35.488 	0.35948 	0.418821 	1.48513 	3.52122e-20
35.5581 	0.35948 	0.418821 	1.48513 	3.52122e-20
35.6283 	0.401103 	0.338643 	1.45661 	6.83097e-21
35.6984 	0.401103 	0.338643 	1.45661 	6.83097e-21
35.7685 	0.401103 	0.338643 	1.45661 	6.83097e-21
35.8387 	0.401103 	0.338643 	1.45661 	6.83097e-21
35.9088 	0.401103 	0.338643 	1.45661 	6.83097e-21
35.9789 	0.401103 	0.338643 	1.45661 	6.83097e-21
36.0491 	0.401103 	0.338643 	1.45661 	6.83097e-21
36.1192 	0.401103 	0.338643 	1.45661 	6.83097e-21
36.1893 	0.401103 	0.338643 	1.45661 	6.83097e-21
36.2595 	0.401103 	0.338643 	1.45661 	6.83097e-21
36.3296 	0.401103 	0.338643 	1.45661 	6.83097e-21
36.3997 	0.401103 	0.338643 	1.45661 	6.83097e-21
36.4699 	0.401103 	0.338643 	1.45661 	6.83097e-21
36.54 	0.401103 	0.338643 	1.45661 	6.83097e-21
36.6102 	0.401103 	0.338643 	1.45661 	6.83097e-21
36.6803 	0.401103 	0.338643 	1.45661 	6.83097e-21
36.7504 	0.401103 	0.338643 	1.45661 	6.83097e-21
36.8206 	0.401103 	0.338643 	1.45661 	6.83097e-21
36.8907 	0.401103 	0.338643 	1.45661 	6.83097e-21
36.9608 	0.401103 	0.338643 	1.45661 	6.83097e-21
37.031 	0.401103 	0.338643 	1.45661 	6.83097e-21
37.1011 	0.415357 	0.261007 	1.44782 	0
37.1712 	0.415357 	0.261007 	1.44782 	0
37.2414 	0.415357 	0.261007 	1.44782 	0
37.3115 	0.415357 	0.261007 	1.44782 	0
37.3816 	0.415357 	0.261007 	1.44782 	0
37.4518 	0.415357 	0.261007 	1.44782 	0
37.5219 	0.415357 	0.261007 	1.44782 	0
37.592 	0.415357 	0.261007 	1.44782 	0
37.6622 	0.415357 	0.261007 	1.44782 	0
37.7323 	0.415357 	0.261007 	1.44782 	0
37.8024 	0.415357 	0.261007 	1.44782 	0
37.8726 	0.415357 	0.261007 	1.44782 	0
37.9427 	0.415357 	0.261007 	1.44782 	0
38.0128 	0.415357 	0.261007 	1.44782 	0
38.083 	0.415357 	0.261007 	1.44782 	0
38.1531 	0.415357 	0.261007 	1.44782 	0
38.2232 	0.415357 	0.261007 	1.44782 	0
38.2934 	0.409599 	0.198058 	1.45156 	0
38.3635 	0.409599 	0.198058 	1.45156 	0
38.4336 	0.409599 	0.198058 	1.45156 	0
38.5038 	0.409599 	0.198058 	1.45156 	0
38.5739 	0.409599 	0.198058 	1.45156 	0
38.644 	0.409599 	0.198058 	1.45156 	0
38.7142 	0.409599 	0.198058 	1.45156 	0
38.7843 	0.409599 	0.198058 	1.45156 	0
38.8545 	0.409599 	0.198058 	1.45156 	0
38.9246 	0.409599 	0.198058 	1.45156 	0
38.9947 	0.409599 	0.198058 	1.45156 	0
39.0649 	0.409599 	0.198058 	1.45156 	0
39.135 	0.409599 	0.198058 	1.45156 	0
39.2051 	0.409599 	0.198058 	1.45156 	0
39.2753 	0.409599 	0.198058 	1.45156 	0
39.3454 	0.409599 	0.198058 	1.45156 	0
39.4155 	0.409599 	0.198058 	1.45156 	0
39.4857 	0.409599 	0.198058 	1.45156 	0
39.5558 	0.396526 	0.143981 	1.45919 	0
39.6259 	0.396526 	0.143981 	1.45919 	0
39.6961 	0.396526 	0.143981 	1.45919 	0
39.7662 	0.396526 	0.143981 	1.45919 	0
39.8363 	0.396526 	0.143981 	1.45919 	0
39.9065 	0.396526 	0.143981 	1.45919 	0
39.9766 	0.396526 	0.143981 	1.45919 	0
40.0467 	0.396526 	0.143981 	1.45919 	0
40.1169 	0.396526 	0.143981 	1.45919 	0
40.187 	0.396526 	0.143981 	1.45919 	0
40.2571 	0.396526 	0.143981 	1.45919 	0
40.3273 	0.396526 	0.143981 	1.45919 	0
40.3974 	0.396526 	0.143981 	1.45919 	0
40.4675 	0.396526 	0.143981 	1.45919 	0
40.5377 	0.396526 	0.143981 	1.45919 	0
40.6078 	0.396526 	0.143981 	1.45919 	0
40.6779 	0.396526 	0.143981 	1.45919 	0
40.7481 	0.386169 	0.095511 	1.46588 	0
40.8182 	0.386169 	0.095511 	1.46588 	0
40.8883 	0.386169 	0.095511 	1.46588 	0
40.9585 	0.386169 	0.095511 	1.46588 	0
41.0286 	0.386169 	0.095511 	1.46588 	0
41.0988 	0.386169 	0.095511 	1.46588 	0
41.1689 	0.386169 	0.095511 	1.46588 	0
41.239 	0.386169 	0.095511 	1.46588 	0
41.3092 	0.386169 	0.095511 	1.46588 	0
41.3793 	0.386169 	0.095511 	1.46588 	0
41.4494 	0.386169 	0.095511 	1.46588 	0
41.5196 	0.386169 	0.095511 	1.46588 	0
41.5897 	0.386169 	0.095511 	1.46588 	0
41.6598 	0.386169 	0.095511 	1.46588 	0
41.73 	0.386169 	0.095511 	1.46588 	0
41.8001 	0.386169 	0.095511 	1.46588 	0
41.8702 	0.386169 	0.095511 	1.46588 	0
41.9404 	0.386169 	0.095511 	1.46588 	0
42.0105 	0.383317 	0.056117 	1.46551 	0
42.0806 	0.383317 	0.056117 	1.46551 	0
42.1508 	0.383317 	0.056117 	1.46551 	0
42.2209 	0.383317 	0.056117 	1.46551 	0
42.291 	0.383317 	0.056117 	1.46551 	0
42.3612 	0.383317 	0.056117 	1.46551 	0
42.4313 	0.383317 	0.056117 	1.46551 	0
42.5014 	0.383317 	0.056117 	1.46551 	0
42.5716 	0.383317 	0.056117 	1.46551 	0
42.6417 	0.383317 	0.056117 	1.46551 	0
42.7118 	0.383317 	0.056117 	1.46551 	0
42.782 	0.383317 	0.056117 	1.46551 	0
42.8521 	0.383317 	0.056117 	1.46551 	0
42.9222 	0.383317 	0.056117 	1.46551 	0
42.9924 	0.383317 	0.056117 	1.46551 	0
43.0625 	0.383317 	0.056117 	1.46551 	0
43.1327 	0.383317 	0.056117 	1.46551 	0
43.2028 	0.386748 	0.0283159 	1.45636 	0
43.2729 	0.386748 	0.0283159 	1.45636 	0
43.3431 	0.386748 	0.0283159 	1.45636 	0
43.4132 	0.386748 	0.0283159 	1.45636 	0
43.4833 	0.386748 	0.0283159 	1.45636 	0
43.5535 	0.386748 	0.0283159 	1.45636 	0
43.6236 	0.386748 	0.0283159 	1.45636 	0
43.6937 	0.386748 	0.0283159 	1.45636 	0
43.7639 	0.386748 	0.0283159 	1.45636 	0
43.834 	0.386748 	0.0283159 	1.45636 	0
43.9041 	0.386748 	0.0283159 	1.45636 	0
43.9743 	0.386748 	0.0283159 	1.45636 	0
44.0444 	0.386748 	0.0283159 	1.45636 	0
44.1145 	0.386748 	0.0283159 	1.45636 	0
44.1847 	0.386748 	0.0283159 	1.45636 	0
44.2548 	0.386748 	0.0283159 	1.45636 	0
44.3249 	0.386748 	0.0283159 	1.45636 	0
44.3951 	0.386748 	0.0283159 	1.45636 	0
44.4652 	0.392642 	0.00883279 	1.44636 	0
44.5353 	0.392642 	0.00883279 	1.44636 	0
44.6055 	0.392642 	0.00883279 	1.44636 	0
44.6756 	0.392642 	0.00883279 	1.44636 	0
44.7457 	0.392642 	0.00883279 	1.44636 	0
44.8159 	0.392642 	0.00883279 	1.44636 	0
44.886 	0.392642 	0.00883279 	1.44636 	0
44.9561 	0.392642 	0.00883279 	1.44636 	0
45.0263 	0.392642 	0.00883279 	1.44636 	0
45.0964 	0.392642 	0.00883279 	1.44636 	0
45.1665 	0.392642 	0.00883279 	1.44636 	0
45.2367 	0.392642 	0.00883279 	1.44636 	0
45.3068 	0.392642 	0.00883279 	1.44636 	0
45.377 	0.392642 	0.00883279 	1.44636 	0
45.4471 	0.392642 	0.00883279 	1.44636 	0
45.5172 	0.392642 	0.00883279 	1.44636 	0
45.5874 	0.392642 	0.00883279 	1.44636 	0
45.6575 	0.398767 	-0.00541332 	1.43807 	0
45.7276 	0.398767 	-0.00541332 	1.43807 	0
45.7978 	0.398767 	-0.00541332 	1.43807 	0
45.8679 	0.398767 	-0.00541332 	1.43807 	0
45.938 	0.398767 	-0.00541332 	1.43807 	0
46.0082 	0.398767 	-0.00541332 	1.43807 	0
46.0783 	0.398767 	-0.00541332 	1.43807 	0
46.1484 	0.398767 	-0.00541332 	1.43807 	0
46.2186 	0.398767 	-0.00541332 	1.43807 	0
46.2887 	0.398767 	-0.00541332 	1.43807 	0
46.3588 	0.398767 	-0.00541332 	1.43807 	0
46.429 	0.398767 	-0.00541332 	1.43807 	0
46.4991 	0.398767 	-0.00541332 	1.43807 	0
46.5692 	0.398767 	-0.00541332 	1.43807 	0
46.6394 	0.398767 	-0.00541332 	1.43807 	0
46.7095 	0.398767 	-0.00541332 	1.43807 	0
46.7796 	0.421073 	0.0124947 	1.4968 	0
46.8498 	0.421073 	0.0124947 	1.4968 	0
46.9199 	0.417495 	-0.00313075 	1.4934 	0
46.99 	0.417495 	-0.00313075 	1.4934 	0
47.0602 	0.417495 	-0.00313075 	1.4934 	0
47.1303 	0.417495 	-0.00313075 	1.4934 	0
47.2004 	0.417495 	-0.00313075 	1.4934 	0
47.2706 	0.417495 	-0.00313075 	1.4934 	0
47.3407 	0.417495 	-0.00313075 	1.4934 	0
47.4108 	0.417495 	-0.00313075 	1.4934 	0
47.481 	0.417495 	-0.00313075 	1.4934 	0
47.5511 	0.417495 	-0.00313075 	1.4934 	0
47.6213 	0.417495 	-0.00313075 	1.4934 	0
47.6914 	0.417495 	-0.00313075 	1.4934 	0
47.7615 	0.417495 	-0.00313075 	1.4934 	0
47.8317 	0.417495 	-0.00313075 	1.4934 	0
47.9018 	0.417495 	-0.00313075 	1.4934 	0
47.9719 	0.417495 	-0.00313075 	1.4934 	0
48.0421 	0.417495 	-0.00313075 	1.4934 	0
48.1122 	0.417495 	-0.00313075 	1.4934 	0
48.1823 	0.41682 	-0.0174085 	1.48756 	0
48.2525 	0.41682 	-0.0174085 	1.48756 	0
48.3226 	0.41682 	-0.0174085 	1.48756 	0
48.3927 	0.41682 	-0.0174085 	1.48756 	0
48.4629 	0.41682 	-0.0174085 	1.48756 	0
48.533 	0.41682 	-0.0174085 	1.48756 	0
48.6031 	0.41682 	-0.0174085 	1.48756 	0
48.6733 	0.41682 	-0.0174085 	1.48756 	0
48.7434 	0.41682 	-0.0174085 	1.48756 	0
48.8135 	0.41682 	-0.0174085 	1.48756 	0
48.8837 	0.41682 	-0.0174085 	1.48756 	0
48.9538 	0.41682 	-0.0174085 	1.48756 	0
49.0239 	0.41682 	-0.0174085 	1.48756 	0
49.0941 	0.41682 	-0.0174085 	1.48756 	0
49.1642 	0.41682 	-0.0174085 	1.48756 	0
49.2343 	0.41682 	-0.0174085 	1.48756 	0
49.3045 	0.41682 	-0.0174085 	1.48756 	0
49.3746 	0.416608 	-0.0300242 	1.48331 	0
49.4447 	0.416608 	-0.0300242 	1.48331 	0
49.5149 	0.416608 	-0.0300242 	1.48331 	0
49.585 	0.416608 	-0.0300242 	1.48331 	0
49.6551 	0.416608 	-0.0300242 	1.48331 	0
49.7253 	0.416608 	-0.0300242 	1.48331 	0
49.7954 	0.416608 	-0.0300242 	1.48331 	0
49.8656 	0.416608 	-0.0300242 	1.48331 	0
49.9357 	0.416608 	-0.0300242 	1.48331 	0
50.0058 	0.416608 	-0.0300242 	1.48331 	0
50.076 	0.416608 	-0.0300242 	1.48331 	0
50.1461 	0.416608 	-0.0300242 	1.48331 	0
50.2162 	0.416608 	-0.0300242 	1.48331 	0
50.2864 	0.416608 	-0.0300242 	1.48331 	0
50.3565 	0.416608 	-0.0300242 	1.48331 	0
50.4266 	0.416608 	-0.0300242 	1.48331 	0
50.4968 	0.416608 	-0.0300242 	1.48331 	0
50.5669 	0.416608 	-0.0300242 	1.48331 	0
50.637 	0.416586 	-0.0404335 	1.48204 	0
50.7072 	0.416586 	-0.0404335 	1.48204 	0
50.7773 	0.416586 	-0.0404335 	1.48204 	0
50.8474 	0.416586 	-0.0404335 	1.48204 	0
50.9176 	0.416586 	-0.0404335 	1.48204 	0
50.9877 	0.416586 	-0.0404335 	1.48204 	0
51.0578 	0.416586 	-0.0404335 	1.48204 	0
51.128 	0.416586 	-0.0404335 	1.48204 	0
51.1981 	0.416586 	-0.0404335 	1.48204 	0
51.2682 	0.416586 	-0.0404335 	1.48204 	0
51.3384 	0.416586 	-0.0404335 	1.48204 	0
51.4085 	0.416586 	-0.0404335 	1.48204 	0
51.4786 	0.416586 	-0.0404335 	1.48204 	0
51.5488 	0.416586 	-0.0404335 	1.48204 	0
51.6189 	0.416586 	-0.0404335 	1.48204 	0
51.689 	0.416586 	-0.0404335 	1.48204 	0
51.7592 	0.416586 	-0.0404335 	1.48204 	0
51.8293 	0.417132 	-0.0487037 	1.48131 	0
51.8994 	0.417132 	-0.0487037 	1.48131 	0
51.9696 	0.417132 	-0.0487037 	1.48131 	0
52.0397 	0.417132 	-0.0487037 	1.48131 	0
52.1099 	0.417132 	-0.0487037 	1.48131 	0
52.18 	0.417132 	-0.0487037 	1.48131 	0
52.2501 	0.417132 	-0.0487037 	1.48131 	0
52.3203 	0.417132 	-0.0487037 	1.48131 	0
52.3904 	0.417132 	-0.0487037 	1.48131 	0
52.4605 	0.417132 	-0.0487037 	1.48131 	0
52.5307 	0.417132 	-0.0487037 	1.48131 	0
52.6008 	0.417132 	-0.0487037 	1.48131 	0
52.6709 	0.417132 	-0.0487037 	1.48131 	0
52.7411 	0.417132 	-0.0487037 	1.48131 	0
52.8112 	0.417132 	-0.0487037 	1.48131 	0
52.8813 	0.417132 	-0.0487037 	1.48131 	0
52.9515 	0.417132 	-0.0487037 	1.48131 	0
53.0216 	0.417132 	-0.0487037 	1.48131 	0
53.0917 	0.420421 	-0.0570626 	1.48668 	0
53.1619 	0.420421 	-0.0570626 	1.48668 	0
53.232 	0.420421 	-0.0570626 	1.48668 	0
53.3021 	0.420421 	-0.0570626 	1.48668 	0
53.3723 	0.420421 	-0.0570626 	1.48668 	0
53.4424 	0.420421 	-0.0570626 	1.48668 	0
53.5125 	0.420421 	-0.0570626 	1.48668 	0
53.5827 	0.420421 	-0.0570626 	1.48668 	0
53.6528 	0.420421 	-0.0570626 	1.48668 	0
53.7229 	0.420421 	-0.0570626 	1.48668 	0
53.7931 	0.420421 	-0.0570626 	1.48668 	0
53.8632 	0.420421 	-0.0570626 	1.48668 	0
53.9333 	0.420421 	-0.0570626 	1.48668 	0
54.0035 	0.420421 	-0.0570626 	1.48668 	0
54.0736 	0.420421 	-0.0570626 	1.48668 	0
54.1437 	0.420421 	-0.0570626 	1.48668 	0
54.2139 	0.420421 	-0.0570626 	1.48668 	0
54.284 	0.430273 	-0.0568616 	1.49566 	0
54.3542 	0.430273 	-0.0568616 	1.49566 	0
54.4243 	0.430273 	-0.0568616 	1.49566 	0
54.4944 	0.430273 	-0.0568616 	1.49566 	0
54.5646 	0.430273 	-0.0568616 	1.49566 	0
54.6347 	0.430273 	-0.0568616 	1.49566 	0
54.7048 	0.430273 	-0.0568616 	1.49566 	0
54.775 	0.430273 	-0.0568616 	1.49566 	0
54.8451 	0.430273 	-0.0568616 	1.49566 	0
54.9152 	0.430273 	-0.0568616 	1.49566 	0
54.9854 	0.430273 	-0.0568616 	1.49566 	0
55.0555 	0.430273 	-0.0568616 	1.49566 	0
55.1256 	0.430273 	-0.0568616 	1.49566 	0
55.1958 	0.430273 	-0.0568616 	1.49566 	0
55.2659 	0.430273 	-0.0568616 	1.49566 	0
55.336 	0.430273 	-0.0568616 	1.49566 	0
55.4062 	0.430273 	-0.0568616 	1.49566 	0
55.4763 	0.430273 	-0.0568616 	1.49566 	0
55.5464 	0.443379 	-0.0458203 	1.5153 	0
55.6166 	0.443379 	-0.0458203 	1.5153 	0
55.6867 	0.443379 	-0.0458203 	1.5153 	0
55.7568 	0.443379 	-0.0458203 	1.5153 	0
55.827 	0.443379 	-0.0458203 	1.5153 	0
55.8971 	0.443379 	-0.0458203 	1.5153 	0
55.9672 	0.443379 	-0.0458203 	1.5153 	0
56.0374 	0.443379 	-0.0458203 	1.5153 	0
56.1075 	0.443379 	-0.0458203 	1.5153 	0
56.1776 	0.443379 	-0.0458203 	1.5153 	0
56.2478 	0.443379 	-0.0458203 	1.5153 	0
56.3179 	0.443379 	-0.0458203 	1.5153 	0
56.3881 	0.443379 	-0.0458203 	1.5153 	0
56.4582 	0.443379 	-0.0458203 	1.5153 	0
56.5283 	0.443379 	-0.0458203 	1.5153 	0
56.5985 	0.443379 	-0.0458203 	1.5153 	0
56.6686 	0.443379 	-0.0458203 	1.5153 	0
56.7387 	0.443379 	-0.0458203 	1.5153 	0
56.8089 	0.450568 	0.00314753 	1.55698 	0
56.879 	0.450568 	0.00314753 	1.55698 	0
56.9491 	0.450568 	0.00314753 	1.55698 	0
57.0193 	0.450568 	0.00314753 	1.55698 	0
57.0894 	0.450568 	0.00314753 	1.55698 	0
57.1595 	0.450568 	0.00314753 	1.55698 	0
57.2297 	0.450568 	0.00314753 	1.55698 	0
57.2998 	0.450568 	0.00314753 	1.55698 	0
57.3699 	0.450568 	0.00314753 	1.55698 	0
57.4401 	0.450568 	0.00314753 	1.55698 	0
57.5102 	0.450568 	0.00314753 	1.55698 	0
57.5803 	0.450568 	0.00314753 	1.55698 	0
57.6505 	0.450568 	0.00314753 	1.55698 	0
57.7206 	0.450568 	0.00314753 	1.55698 	0
57.7907 	0.450568 	0.00314753 	1.55698 	0
57.8609 	0.450568 	0.00314753 	1.55698 	0
57.931 	0.450568 	0.00314753 	1.55698 	0
58.0011 	0.450195 	0.0680554 	1.62084 	0
58.0713 	0.450195 	0.0680554 	1.62084 	0
58.1414 	0.450195 	0.0680554 	1.62084 	0
58.2115 	0.450195 	0.0680554 	1.62084 	0
58.2817 	0.450195 	0.0680554 	1.62084 	0
58.3518 	0.450195 	0.0680554 	1.62084 	0
58.4219 	0.450195 	0.0680554 	1.62084 	0
58.4921 	0.450195 	0.0680554 	1.62084 	0
58.5622 	0.450195 	0.0680554 	1.62084 	0
58.6324 	0.450195 	0.0680554 	1.62084 	0
58.7025 	0.450195 	0.0680554 	1.62084 	0
58.7726 	0.450195 	0.0680554 	1.62084 	0
58.8428 	0.450195 	0.0680554 	1.62084 	0
58.9129 	0.450195 	0.0680554 	1.62084 	0
58.983 	0.450195 	0.0680554 	1.62084 	0
59.0532 	0.450195 	0.0680554 	1.62084 	0
59.1233 	0.450195 	0.0680554 	1.62084 	0
59.1934 	0.450195 	0.0680554 	1.62084 	0
59.2636 	0.440694 	0.137562 	1.7061 	0
59.3337 	0.440694 	0.137562 	1.7061 	0
59.4038 	0.440694 	0.137562 	1.7061 	0
59.474 	0.440694 	0.137562 	1.7061 	0
59.5441 	0.440694 	0.137562 	1.7061 	0
59.6142 	0.440694 	0.137562 	1.7061 	0
59.6844 	0.440694 	0.137562 	1.7061 	0
59.7545 	0.440694 	0.137562 	1.7061 	0
59.8246 	0.440694 	0.137562 	1.7061 	0
59.8948 	0.440694 	0.137562 	1.7061 	0
59.9649 	0.440694 	0.137562 	1.7061 	0
60.035 	0.440694 	0.137562 	1.7061 	0
60.1052 	0.440694 	0.137562 	1.7061 	0
60.1753 	0.440694 	0.137562 	1.7061 	0
60.2454 	0.440694 	0.137562 	1.7061 	0
60.3156 	0.440694 	0.137562 	1.7061 	0
60.3857 	0.440694 	0.137562 	1.7061 	0
60.4558 	0.400563 	0.194871 	1.78589 	0
60.526 	0.400563 	0.194871 	1.78589 	0
60.5961 	0.400563 	0.194871 	1.78589 	0
60.6662 	0.400563 	0.194871 	1.78589 	0
60.7364 	0.400563 	0.194871 	1.78589 	0
60.8065 	0.400563 	0.194871 	1.78589 	0
60.8767 	0.400563 	0.194871 	1.78589 	0
60.9468 	0.400563 	0.194871 	1.78589 	0
61.0169 	0.400563 	0.194871 	1.78589 	0
61.0871 	0.400563 	0.194871 	1.78589 	0
61.1572 	0.400563 	0.194871 	1.78589 	0
61.2273 	0.400563 	0.194871 	1.78589 	0
61.2975 	0.400563 	0.194871 	1.78589 	0
61.3676 	0.400563 	0.194871 	1.78589 	0
61.4377 	0.400563 	0.194871 	1.78589 	0
61.5079 	0.400563 	0.194871 	1.78589 	0
61.578 	0.400563 	0.194871 	1.78589 	0
61.6481 	0.400563 	0.194871 	1.78589 	0
61.7183 	0.340873 	0.216504 	1.90139 	0
61.7884 	0.340873 	0.216504 	1.90139 	0
61.8585 	0.340873 	0.216504 	1.90139 	0
61.9287 	0.340873 	0.216504 	1.90139 	0
61.9988 	0.340873 	0.216504 	1.90139 	0
62.0689 	0.340873 	0.216504 	1.90139 	0
62.1391 	0.340873 	0.216504 	1.90139 	0
62.2092 	0.340873 	0.216504 	1.90139 	0
62.2793 	0.340873 	0.216504 	1.90139 	0
62.3495 	0.340873 	0.216504 	1.90139 	0
62.4196 	0.340873 	0.216504 	1.90139 	0
62.4897 	0.340873 	0.216504 	1.90139 	0
62.5599 	0.340873 	0.216504 	1.90139 	0
62.63 	0.340873 	0.216504 	1.90139 	0
62.7001 	0.340873 	0.216504 	1.90139 	0
62.7703 	0.340873 	0.216504 	1.90139 	0
62.8404 	0.340873 	0.216504 	1.90139 	0
62.9105 	0.261196 	0.242958 	1.99944 	0
62.9807 	0.261196 	0.242958 	1.99944 	0
63.0508 	0.261196 	0.242958 	1.99944 	0
63.121 	0.261196 	0.242958 	1.99944 	0
63.1911 	0.261196 	0.242958 	1.99944 	0
63.2612 	0.261196 	0.242958 	1.99944 	0
63.3314 	0.261196 	0.242958 	1.99944 	0
63.4015 	0.261196 	0.242958 	1.99944 	0
63.4716 	0.261196 	0.242958 	1.99944 	0
63.5418 	0.261196 	0.242958 	1.99944 	0
63.6119 	0.261196 	0.242958 	1.99944 	0
63.682 	0.261196 	0.242958 	1.99944 	0
63.7522 	0.261196 	0.242958 	1.99944 	0
63.8223 	0.261196 	0.242958 	1.99944 	0
63.8924 	0.261196 	0.242958 	1.99944 	0
63.9626 	0.261196 	0.242958 	1.99944 	0
64.0327 	0.261196 	0.242958 	1.99944 	0
64.1028 	0.261196 	0.242958 	1.99944 	0
64.173 	0.156819 	0.22645 	2.15377 	0
64.2431 	0.156819 	0.22645 	2.15377 	0
64.3132 	0.156819 	0.22645 	2.15377 	0
64.3834 	0.156819 	0.22645 	2.15377 	0
64.4535 	0.156819 	0.22645 	2.15377 	0
64.5236 	0.156819 	0.22645 	2.15377 	0
64.5938 	0.156819 	0.22645 	2.15377 	0
64.6639 	0.156819 	0.22645 	2.15377 	0
64.734 	0.156819 	0.22645 	2.15377 	0
64.8042 	0.156819 	0.22645 	2.15377 	0
64.8743 	0.156819 	0.22645 	2.15377 	0
64.9444 	0.156819 	0.22645 	2.15377 	0
65.0146 	0.156819 	0.22645 	2.15377 	0
65.0847 	0.156819 	0.22645 	2.15377 	0
65.1548 	0.156819 	0.22645 	2.15377 	0
65.225 	0.156819 	0.22645 	2.15377 	0
65.2951 	0.156819 	0.22645 	2.15377 	0
65.3653 	0.156819 	0.22645 	2.15377 	0
65.4354 	0.0609854 	0.158359 	2.27466 	0
65.5055 	0.0609854 	0.158359 	2.27466 	0
65.5757 	0.0609854 	0.158359 	2.27466 	0
65.6458 	0.0609854 	0.158359 	2.27466 	0
65.7159 	0.0609854 	0.158359 	2.27466 	0
65.7861 	0.0609854 	0.158359 	2.27466 	0
65.8562 	0.0609854 	0.158359 	2.27466 	0
65.9263 	0.0609854 	0.158359 	2.27466 	0
65.9965 	0.0609854 	0.158359 	2.27466 	0
66.0666 	0.0609854 	0.158359 	2.27466 	0
66.1367 	0.0609854 	0.158359 	2.27466 	0
66.2069 	0.0609854 	0.158359 	2.27466 	0
66.277 	0.0609854 	0.158359 	2.27466 	0
66.3471 	0.0609854 	0.158359 	2.27466 	0
66.4173 	0.0609854 	0.158359 	2.27466 	0
66.4874 	0.0609854 	0.158359 	2.27466 	0
66.5575 	0.0609854 	0.158359 	2.27466 	0
66.6277 	-0.0271497 	0.115792 	2.3739 	0
66.6978 	-0.0271497 	0.115792 	2.3739 	0
66.7679 	-0.0271497 	0.115792 	2.3739 	0
66.8381 	-0.0271497 	0.115792 	2.3739 	0
66.9082 	-0.0271497 	0.115792 	2.3739 	0
66.9783 	-0.0271497 	0.115792 	2.3739 	0
67.0485 	-0.0271497 	0.115792 	2.3739 	0
67.1186 	-0.0271497 	0.115792 	2.3739 	0
67.1887 	-0.0271497 	0.115792 	2.3739 	0
67.2589 	-0.0271497 	0.115792 	2.3739 	0
67.329 	-0.0271497 	0.115792 	2.3739 	0
67.3991 	-0.0271497 	0.115792 	2.3739 	0
67.4693 	-0.0271497 	0.115792 	2.3739 	0
67.5394 	-0.0271497 	0.115792 	2.3739 	0
67.6096 	-0.0271497 	0.115792 	2.3739 	0
67.6797 	-0.0271497 	0.115792 	2.3739 	0
67.7498 	-0.0271497 	0.115792 	2.3739 	0
67.82 	-0.0271497 	0.115792 	2.3739 	0
67.8901 	-0.0378321 	-0.122837 	2.45985 	0
67.9602 	-0.0378321 	-0.122837 	2.45985 	0
68.0304 	-0.0378321 	-0.122837 	2.45985 	0
68.1005 	-0.0378321 	-0.122837 	2.45985 	0
68.1706 	-0.0378321 	-0.122837 	2.45985 	0
68.2408 	-0.0378321 	-0.122837 	2.45985 	0
68.3109 	-0.0378321 	-0.122837 	2.45985 	0
68.381 	-0.0378321 	-0.122837 	2.45985 	0
68.4512 	-0.0378321 	-0.122837 	2.45985 	0
68.5213 	-0.0378321 	-0.122837 	2.45985 	0
68.5914 	-0.0378321 	-0.122837 	2.45985 	0
68.6616 	-0.0378321 	-0.122837 	2.45985 	0
68.7317 	-0.0378321 	-0.122837 	2.45985 	0
68.8018 	-0.0378321 	-0.122837 	2.45985 	0
68.872 	-0.0378321 	-0.122837 	2.45985 	0
68.9421 	-0.0378321 	-0.122837 	2.45985 	0
69.0122 	-0.0378321 	-0.122837 	2.45985 	0
