0.490941 	2.85241 	0.00435283 	3.00033 	-4.04615e-20
0.561075 	2.85241 	0.00435283 	3.00033 	-4.04615e-20
0.63121 	2.85241 	0.00435283 	3.00033 	-4.04615e-20
0.701344 	2.85241 	0.00435283 	3.00033 	-4.04615e-20
0.771478 	2.85241 	0.00435283 	3.00033 	-4.04615e-20
0.841613 	2.85241 	0.00435283 	3.00033 	-4.04615e-20
0.911747 	2.82738 	0.0144948 	3.00801 	-9.37357e-20
0.981881 	2.82738 	0.0144948 	3.00801 	-9.37357e-20
1.05202 	2.82738 	0.0144948 	3.00801 	-9.37357e-20
1.12215 	2.82738 	0.0144948 	3.00801 	-9.37357e-20
1.19228 	2.82738 	0.0144948 	3.00801 	-9.37357e-20
1.26242 	2.82738 	0.0144948 	3.00801 	-9.37357e-20
1.33255 	2.78343 	0.0193093 	3.02331 	9.36713e-20
1.40269 	2.78343 	0.0193093 	3.02331 	9.36713e-20
1.47282 	2.78343 	0.0193093 	3.02331 	9.36713e-20
1.54296 	2.78343 	0.0193093 	3.02331 	9.36713e-20
1.61309 	2.78343 	0.0193093 	3.02331 	9.36713e-20
1.68323 	2.78343 	0.0193093 	3.02331 	9.36713e-20
1.75336 	2.72308 	0.0247254 	3.04252 	4.53774e-20
1.82349 	2.72308 	0.0247254 	3.04252 	4.53774e-20
1.89363 	2.72308 	0.0247254 	3.04252 	4.53774e-20
1.96376 	2.72308 	0.0247254 	3.04252 	4.53774e-20
2.0339 	2.72308 	0.0247254 	3.04252 	4.53774e-20
2.10403 	2.72308 	0.0247254 	3.04252 	4.53774e-20
2.17417 	2.65181 	0.0242456 	3.06668 	0
2.2443 	2.65181 	0.0242456 	3.06668 	0
2.31443 	2.65181 	0.0242456 	3.06668 	0
2.38457 	2.65181 	0.0242456 	3.06668 	0
2.4547 	2.65181 	0.0242456 	3.06668 	0
2.52484 	2.65181 	0.0242456 	3.06668 	0
2.59497 	2.57548 	0.0256556 	3.09073 	-2.12016e-19
2.66511 	2.57548 	0.0256556 	3.09073 	-2.12016e-19
2.73524 	2.57548 	0.0256556 	3.09073 	-2.12016e-19
2.80538 	2.57548 	0.0256556 	3.09073 	-2.12016e-19
2.87551 	2.57548 	0.0256556 	3.09073 	-2.12016e-19
2.94564 	2.57548 	0.0256556 	3.09073 	-2.12016e-19
3.01578 	2.49916 	0.0233542 	3.11625 	1.68988e-19
3.08591 	2.49916 	0.0233542 	3.11625 	1.68988e-19
3.15605 	2.49916 	0.0233542 	3.11625 	1.68988e-19
3.22618 	2.49916 	0.0233542 	3.11625 	1.68988e-19
3.29632 	2.49916 	0.0233542 	3.11625 	1.68988e-19
3.36645 	2.49916 	0.0233542 	3.11625 	1.68988e-19
3.43659 	2.42469 	0.0249795 	3.13924 	-3.17882e-19
3.50672 	2.42469 	0.0249795 	3.13924 	-3.17882e-19
3.57685 	2.42469 	0.0249795 	3.13924 	-3.17882e-19
3.64699 	2.42469 	0.0249795 	3.13924 	-3.17882e-19
3.71712 	2.42469 	0.0249795 	3.13924 	-3.17882e-19
3.78726 	2.41679 	0.0141697 	3.13801 	-3.53267e-19
3.85739 	2.3436 	0.0119711 	3.16283 	6.55765e-19
3.92753 	2.3436 	0.0119711 	3.16283 	6.55765e-19
3.99766 	2.3436 	0.0119711 	3.16283 	6.55765e-19
4.06779 	2.3436 	0.0119711 	3.16283 	6.55765e-19
4.13793 	2.3436 	0.0119711 	3.16283 	6.55765e-19
4.20806 	2.3436 	0.0119711 	3.16283 	6.55765e-19
4.2782 	2.27239 	0.0143744 	3.18373 	-3.78644e-19
4.34833 	2.27239 	0.0143744 	3.18373 	-3.78644e-19
4.41847 	2.27239 	0.0143744 	3.18373 	-3.78644e-19
4.4886 	2.27239 	0.0143744 	3.18373 	-3.78644e-19
4.55874 	2.27239 	0.0143744 	3.18373 	-3.78644e-19
4.62887 	2.27239 	0.0143744 	3.18373 	-3.78644e-19
4.699 	2.27239 	0.0143744 	3.18373 	-3.78644e-19
4.76914 	2.20299 	0.0119495 	3.20717 	-2.85551e-19
4.83927 	2.20299 	0.0119495 	3.20717 	-2.85551e-19
4.90941 	2.20299 	0.0119495 	3.20717 	-2.85551e-19
4.97954 	2.20299 	0.0119495 	3.20717 	-2.85551e-19
5.04968 	2.20299 	0.0119495 	3.20717 	-2.85551e-19
5.11981 	2.20299 	0.0119495 	3.20717 	-2.85551e-19
5.18994 	2.13528 	0.0141193 	3.22655 	2.50401e-19
5.26008 	2.13528 	0.0141193 	3.22655 	2.50401e-19
5.33021 	2.13528 	0.0141193 	3.22655 	2.50401e-19
5.40035 	2.13528 	0.0141193 	3.22655 	2.50401e-19
5.47048 	2.13528 	0.0141193 	3.22655 	2.50401e-19
5.54062 	2.13528 	0.0141193 	3.22655 	2.50401e-19
5.61075 	2.07017 	0.0114002 	3.24853 	-5.02504e-19
5.68089 	2.07017 	0.0114002 	3.24853 	-5.02504e-19
5.75102 	2.07017 	0.0114002 	3.24853 	-5.02504e-19
5.82115 	2.07017 	0.0114002 	3.24853 	-5.02504e-19
5.89129 	2.07017 	0.0114002 	3.24853 	-5.02504e-19
5.96142 	2.07017 	0.0114002 	3.24853 	-5.02504e-19
6.03156 	2.00823 	0.0137655 	3.26571 	5.36227e-19
6.10169 	2.00823 	0.0137655 	3.26571 	5.36227e-19
6.17183 	2.00823 	0.0137655 	3.26571 	5.36227e-19
6.24196 	2.00823 	0.0137655 	3.26571 	5.36227e-19
6.3121 	2.00823 	0.0137655 	3.26571 	5.36227e-19
6.38223 	2.00823 	0.0137655 	3.26571 	5.36227e-19
6.45236 	1.95031 	0.0112618 	3.28543 	3.19626e-20
6.5225 	1.95031 	0.0112618 	3.28543 	3.19626e-20
6.59263 	1.95031 	0.0112618 	3.28543 	3.19626e-20
6.66277 	1.95031 	0.0112618 	3.28543 	3.19626e-20
6.7329 	1.95031 	0.0112618 	3.28543 	3.19626e-20
6.80304 	1.95031 	0.0112618 	3.28543 	3.19626e-20
6.87317 	1.89648 	0.0142299 	3.29976 	-3.10653e-20
6.9433 	1.89648 	0.0142299 	3.29976 	-3.10653e-20
7.01344 	1.89648 	0.0142299 	3.29976 	-3.10653e-20
7.08357 	1.89648 	0.0142299 	3.29976 	-3.10653e-20
7.15371 	1.89648 	0.0142299 	3.29976 	-3.10653e-20
7.22384 	1.89648 	0.0142299 	3.29976 	-3.10653e-20
7.29398 	1.84692 	0.0121107 	3.31697 	0
7.36411 	1.84692 	0.0121107 	3.31697 	0
7.43425 	1.84692 	0.0121107 	3.31697 	0
7.50438 	1.84692 	0.0121107 	3.31697 	0
7.57451 	1.84692 	0.0121107 	3.31697 	0
7.64465 	1.84692 	0.0121107 	3.31697 	0
7.71478 	1.84692 	0.0121107 	3.31697 	0
7.78492 	1.80111 	0.0157392 	3.32853 	0
7.85505 	1.80111 	0.0157392 	3.32853 	0
7.92519 	1.80111 	0.0157392 	3.32853 	0
7.99532 	1.80111 	0.0157392 	3.32853 	0
8.06545 	1.80111 	0.0157392 	3.32853 	0
8.13559 	1.80111 	0.0157392 	3.32853 	0
8.20572 	1.75889 	0.0140076 	3.34365 	0
8.27586 	1.75889 	0.0140076 	3.34365 	0
8.34599 	1.75889 	0.0140076 	3.34365 	0
8.41613 	1.75889 	0.0140076 	3.34365 	0
8.48626 	1.75889 	0.0140076 	3.34365 	0
8.5564 	1.75889 	0.0140076 	3.34365 	0
8.62653 	1.71953 	0.0184523 	3.35293 	2.20261e-22
8.69666 	1.71953 	0.0184523 	3.35293 	2.20261e-22
8.7668 	1.71953 	0.0184523 	3.35293 	2.20261e-22
8.83693 	1.71953 	0.0184523 	3.35293 	2.20261e-22
8.90707 	1.71953 	0.0184523 	3.35293 	2.20261e-22
8.9772 	1.71953 	0.0184523 	3.35293 	2.20261e-22
9.04734 	1.68284 	0.0173056 	3.36657 	-4.09865e-19
9.11747 	1.68284 	0.0173056 	3.36657 	-4.09865e-19
9.18761 	1.68284 	0.0173056 	3.36657 	-4.09865e-19
9.25774 	1.66827 	0.0133213 	3.36919 	-3.65435e-20
9.32787 	1.66827 	0.0133213 	3.36919 	-3.65435e-20
9.39801 	1.66827 	0.0133213 	3.36919 	-3.65435e-20
9.46814 	1.66827 	0.0133213 	3.36919 	-3.65435e-20
9.53828 	1.63266 	0.0200308 	3.37777 	-4.26997e-19
9.60841 	1.63266 	0.0200308 	3.37777 	-4.26997e-19
9.67855 	1.63266 	0.0200308 	3.37777 	-4.26997e-19
9.74868 	1.63266 	0.0200308 	3.37777 	-4.26997e-19
9.81881 	1.63266 	0.0200308 	3.37777 	-4.26997e-19
9.88895 	1.63266 	0.0200308 	3.37777 	-4.26997e-19
9.95908 	1.59859 	0.0199308 	3.39003 	-2.59789e-20
10.0292 	1.59859 	0.0199308 	3.39003 	-2.59789e-20
10.0994 	1.59859 	0.0199308 	3.39003 	-2.59789e-20
10.1695 	1.59859 	0.0199308 	3.39003 	-2.59789e-20
10.2396 	1.59859 	0.0199308 	3.39003 	-2.59789e-20
10.3098 	1.59859 	0.0199308 	3.39003 	-2.59789e-20
10.3799 	1.56549 	0.0286814 	3.39756 	4.00538e-19
10.45 	1.56549 	0.0286814 	3.39756 	4.00538e-19
10.5202 	1.56549 	0.0286814 	3.39756 	4.00538e-19
10.5903 	1.56549 	0.0286814 	3.39756 	4.00538e-19
10.6604 	1.56549 	0.0286814 	3.39756 	4.00538e-19
10.7306 	1.56549 	0.0286814 	3.39756 	4.00538e-19
10.8007 	1.53321 	0.0304917 	3.40947 	-4.25459e-19
10.8708 	1.53321 	0.0304917 	3.40947 	-4.25459e-19
10.941 	1.53321 	0.0304917 	3.40947 	-4.25459e-19
11.0111 	1.53321 	0.0304917 	3.40947 	-4.25459e-19
11.0812 	1.53321 	0.0304917 	3.40947 	-4.25459e-19
11.1514 	1.53321 	0.0304917 	3.40947 	-4.25459e-19
11.2215 	1.53321 	0.0304917 	3.40947 	-4.25459e-19
11.2916 	1.5011 	0.042525 	3.41634 	-7.66978e-19
11.3618 	1.5011 	0.042525 	3.41634 	-7.66978e-19
11.4319 	1.5011 	0.042525 	3.41634 	-7.66978e-19
11.502 	1.5011 	0.042525 	3.41634 	-7.66978e-19
11.5722 	1.5011 	0.042525 	3.41634 	-7.66978e-19
11.6423 	1.5011 	0.042525 	3.41634 	-7.66978e-19
11.7124 	1.4687 	0.0475467 	3.42844 	7.41466e-19
11.7826 	1.4687 	0.0475467 	3.42844 	7.41466e-19
11.8527 	1.4687 	0.0475467 	3.42844 	7.41466e-19
11.9228 	1.4687 	0.0475467 	3.42844 	7.41466e-19
11.993 	1.4687 	0.0475467 	3.42844 	7.41466e-19
12.0631 	1.4687 	0.0475467 	3.42844 	7.41466e-19
12.1332 	1.43495 	0.0648675 	3.43545 	0
12.2034 	1.43495 	0.0648675 	3.43545 	0
12.2735 	1.43495 	0.0648675 	3.43545 	0
12.3437 	1.43495 	0.0648675 	3.43545 	0
12.4138 	1.43495 	0.0648675 	3.43545 	0
12.4839 	1.43495 	0.0648675 	3.43545 	0
12.5541 	1.43495 	0.0648675 	3.43545 	0
12.6242 	1.39903 	0.074147 	3.44845 	-2.2133e-20
12.6943 	1.39903 	0.074147 	3.44845 	-2.2133e-20
12.7645 	1.39903 	0.074147 	3.44845 	-2.2133e-20
12.8346 	1.39903 	0.074147 	3.44845 	-2.2133e-20
12.9047 	1.39903 	0.074147 	3.44845 	-2.2133e-20
12.9749 	1.39903 	0.074147 	3.44845 	-2.2133e-20
13.045 	1.35984 	0.0990989 	3.45674 	2.22181e-20
13.1151 	1.35984 	0.0990989 	3.45674 	2.22181e-20
13.1853 	1.35984 	0.0990989 	3.45674 	2.22181e-20
13.2554 	1.35984 	0.0990989 	3.45674 	2.22181e-20
13.3255 	1.35984 	0.0990989 	3.45674 	2.22181e-20
13.3957 	1.35984 	0.0990989 	3.45674 	2.22181e-20
13.4658 	1.35984 	0.0990989 	3.45674 	2.22181e-20
13.5359 	1.31706 	0.113459 	3.47124 	0
13.6061 	1.31706 	0.113459 	3.47124 	0
13.6762 	1.31706 	0.113459 	3.47124 	0
13.7463 	1.31706 	0.113459 	3.47124 	0
13.8165 	1.31706 	0.113459 	3.47124 	0
13.8866 	1.31706 	0.113459 	3.47124 	0
13.9567 	1.27106 	0.161179 	3.48488 	8.66461e-22
14.0269 	1.27106 	0.161179 	3.48488 	8.66461e-22
14.097 	1.27106 	0.161179 	3.48488 	8.66461e-22
14.1671 	1.27106 	0.161179 	3.48488 	8.66461e-22
14.2373 	1.27106 	0.161179 	3.48488 	8.66461e-22
14.3074 	1.27106 	0.161179 	3.48488 	8.66461e-22
14.3776 	1.24936 	0.159601 	3.48923 	2.48822e-19
14.4477 	1.14567 	0.161894 	3.5177 	-4.01039e-20
14.5178 	1.14567 	0.161894 	3.5177 	-4.01039e-20
14.588 	1.14567 	0.161894 	3.5177 	-4.01039e-20
14.6581 	1.16518 	0.175771 	3.5106 	0
14.7282 	1.16518 	0.175771 	3.5106 	0
14.7984 	1.07853 	0.190814 	3.53561 	-4.40735e-19
14.8685 	1.10924 	0.215083 	3.52509 	-4.30354e-19
14.9386 	1.10924 	0.215083 	3.52509 	-4.30354e-19
15.0088 	1.10924 	0.215083 	3.52509 	-4.30354e-19
15.0789 	1.10924 	0.215083 	3.52509 	-4.30354e-19
15.149 	1.14733 	0.233061 	3.51416 	4.48627e-19
15.2192 	1.04771 	0.250613 	3.54958 	4.20599e-19
15.2893 	1.04771 	0.250613 	3.54958 	4.20599e-19
15.3594 	1.04771 	0.250613 	3.54958 	4.20599e-19
15.4296 	1.08542 	0.272294 	3.52869 	-1.20006e-18
15.4997 	1.08542 	0.272294 	3.52869 	-1.20006e-18
15.5698 	0.986317 	0.287993 	3.55791 	7.23871e-19
15.64 	0.986317 	0.287993 	3.55791 	7.23871e-19
15.7101 	0.986317 	0.287993 	3.55791 	7.23871e-19
15.7802 	1.02855 	0.307656 	3.55153 	-1.13885e-18
15.8504 	1.02855 	0.307656 	3.55153 	-1.13885e-18
15.9205 	0.929562 	0.326114 	3.56571 	-3.54539e-19
15.9906 	0.929562 	0.326114 	3.56571 	-3.54539e-19
16.0608 	0.929562 	0.326114 	3.56571 	-3.54539e-19
16.1309 	0.982918 	0.35239 	3.54659 	0
16.201 	0.982918 	0.35239 	3.54659 	0
16.2712 	0.884717 	0.365826 	3.5803 	0
16.3413 	0.884717 	0.365826 	3.5803 	0
16.4114 	0.884717 	0.365826 	3.5803 	0
16.4816 	0.884717 	0.365826 	3.5803 	0
16.5517 	0.955873 	0.383087 	3.55768 	-5.66301e-19
16.6219 	0.863671 	0.418109 	3.5787 	5.6867e-20
16.692 	0.863671 	0.418109 	3.5787 	5.6867e-20
16.7621 	0.863671 	0.418109 	3.5787 	5.6867e-20
16.8323 	0.863671 	0.418109 	3.5787 	5.6867e-20
16.9024 	0.863671 	0.418109 	3.5787 	5.6867e-20
16.9725 	0.870516 	0.460319 	3.57247 	0
17.0427 	0.870516 	0.460319 	3.57247 	0
17.1128 	0.870516 	0.460319 	3.57247 	0
17.1829 	0.870516 	0.460319 	3.57247 	0
17.2531 	0.791955 	0.489303 	3.59069 	0
17.3232 	0.791955 	0.489303 	3.59069 	0
17.3933 	0.791955 	0.489303 	3.59069 	0
17.4635 	0.897552 	0.516198 	3.57135 	4.95531e-19
17.5336 	0.897552 	0.516198 	3.57135 	4.95531e-19
17.6037 	0.829266 	0.536488 	3.57915 	0
17.6739 	0.829266 	0.536488 	3.57915 	0
17.744 	0.829266 	0.536488 	3.57915 	0
17.8141 	0.829266 	0.536488 	3.57915 	0
17.8843 	0.829266 	0.536488 	3.57915 	0
17.9544 	0.87441 	0.594004 	3.56687 	5.7399e-19
18.0245 	0.87441 	0.594004 	3.56687 	5.7399e-19
18.0947 	0.87441 	0.594004 	3.56687 	5.7399e-19
18.1648 	0.87441 	0.594004 	3.56687 	5.7399e-19
18.2349 	0.818746 	0.610035 	3.57725 	-7.78063e-19
18.3051 	0.818746 	0.610035 	3.57725 	-7.78063e-19
18.3752 	0.818746 	0.610035 	3.57725 	-7.78063e-19
18.4453 	0.818746 	0.610035 	3.57725 	-7.78063e-19
18.5155 	0.818746 	0.610035 	3.57725 	-7.78063e-19
18.5856 	0.861678 	0.650189 	3.55731 	-1.09281e-18
18.6557 	0.861678 	0.650189 	3.55731 	-1.09281e-18
18.7259 	0.861678 	0.650189 	3.55731 	-1.09281e-18
18.796 	0.861678 	0.650189 	3.55731 	-1.09281e-18
18.8662 	0.809256 	0.669168 	3.5681 	1.046e-18
18.9363 	0.809256 	0.669168 	3.5681 	1.046e-18
19.0064 	0.809256 	0.669168 	3.5681 	1.046e-18
19.0766 	0.809256 	0.669168 	3.5681 	1.046e-18
19.1467 	0.809256 	0.669168 	3.5681 	1.046e-18
19.2168 	0.75966 	0.697428 	3.58539 	2.90848e-19
19.287 	0.856405 	0.690665 	3.53714 	5.94177e-19
19.3571 	0.856405 	0.690665 	3.53714 	5.94177e-19
19.4272 	0.856405 	0.690665 	3.53714 	5.94177e-19
19.4974 	0.856405 	0.690665 	3.53714 	5.94177e-19
19.5675 	0.805438 	0.714273 	3.55308 	2.38114e-19
19.6376 	0.805438 	0.714273 	3.55308 	2.38114e-19
19.7078 	0.805438 	0.714273 	3.55308 	2.38114e-19
19.7779 	0.805438 	0.714273 	3.55308 	2.38114e-19
19.848 	0.805438 	0.714273 	3.55308 	2.38114e-19
19.9182 	0.756239 	0.746308 	3.57218 	-2.68662e-19
19.9883 	0.756239 	0.746308 	3.57218 	-2.68662e-19
20.0584 	0.855683 	0.715749 	3.49068 	0
20.1286 	0.855683 	0.715749 	3.49068 	0
20.1987 	0.855683 	0.715749 	3.49068 	0
20.2688 	0.804818 	0.742694 	3.52188 	2.48802e-19
20.339 	0.804818 	0.742694 	3.52188 	2.48802e-19
20.4091 	0.804818 	0.742694 	3.52188 	2.48802e-19
20.4792 	0.804818 	0.742694 	3.52188 	2.48802e-19
20.5494 	0.804818 	0.742694 	3.52188 	2.48802e-19
20.6195 	0.755079 	0.779509 	3.54961 	-2.88482e-20
20.6896 	0.755079 	0.779509 	3.54961 	-2.88482e-20
20.7598 	0.755079 	0.779509 	3.54961 	-2.88482e-20
20.8299 	0.755079 	0.779509 	3.54961 	-2.88482e-20
20.9 	0.853911 	0.722948 	3.35786 	1.09771e-18
20.9702 	0.803835 	0.75388 	3.42785 	5.87257e-19
21.0403 	0.803835 	0.75388 	3.42785 	5.87257e-19
21.1105 	0.803835 	0.75388 	3.42785 	5.87257e-19
21.1806 	0.803835 	0.75388 	3.42785 	5.87257e-19
21.2507 	0.803835 	0.75388 	3.42785 	5.87257e-19
21.3209 	0.753716 	0.793328 	3.48229 	-3.76225e-19
21.391 	0.753716 	0.793328 	3.48229 	-3.76225e-19
21.4611 	0.753716 	0.793328 	3.48229 	-3.76225e-19
21.5313 	0.753716 	0.793328 	3.48229 	-3.76225e-19
21.6014 	0.753716 	0.793328 	3.48229 	-3.76225e-19
21.6715 	0.753716 	0.793328 	3.48229 	-3.76225e-19
21.7417 	0.707043 	0.819091 	3.51587 	1.50357e-19
21.8118 	0.707043 	0.819091 	3.51587 	1.50357e-19
21.8819 	0.707043 	0.819091 	3.51587 	1.50357e-19
21.9521 	0.784534 	0.741834 	3.18137 	1.93998e-19
22.0222 	0.784534 	0.741834 	3.18137 	1.93998e-19
22.0923 	0.74748 	0.783624 	3.28993 	8.12368e-19
22.1625 	0.74748 	0.783624 	3.28993 	8.12368e-19
22.2326 	0.74748 	0.783624 	3.28993 	8.12368e-19
22.3027 	0.74748 	0.783624 	3.28993 	8.12368e-19
22.3729 	0.74748 	0.783624 	3.28993 	8.12368e-19
22.443 	0.74748 	0.783624 	3.28993 	8.12368e-19
22.5131 	0.705933 	0.816318 	3.37067 	-3.83623e-20
22.5833 	0.705933 	0.816318 	3.37067 	-3.83623e-20
22.6534 	0.705933 	0.816318 	3.37067 	-3.83623e-20
22.7235 	0.705933 	0.816318 	3.37067 	-3.83623e-20
22.7937 	0.705933 	0.816318 	3.37067 	-3.83623e-20
22.8638 	0.65999 	0.853318 	3.43541 	-4.40526e-19
22.9339 	0.65999 	0.853318 	3.43541 	-4.40526e-19
23.0041 	0.65999 	0.853318 	3.43541 	-4.40526e-19
23.0742 	0.706697 	0.725205 	2.78685 	6.69366e-19
23.1443 	0.706697 	0.725205 	2.78685 	6.69366e-19
23.2145 	0.706697 	0.725205 	2.78685 	6.69366e-19
23.2846 	0.667823 	0.770224 	2.95002 	1.17383e-19
23.3548 	0.667823 	0.770224 	2.95002 	1.17383e-19
23.4249 	0.667823 	0.770224 	2.95002 	1.17383e-19
23.495 	0.667823 	0.770224 	2.95002 	1.17383e-19
23.5652 	0.667823 	0.770224 	2.95002 	1.17383e-19
23.6353 	0.667823 	0.770224 	2.95002 	1.17383e-19
23.7054 	0.629105 	0.810111 	3.06804 	2.22832e-19
23.7756 	0.629105 	0.810111 	3.06804 	2.22832e-19
23.8457 	0.629105 	0.810111 	3.06804 	2.22832e-19
23.9158 	0.629105 	0.810111 	3.06804 	2.22832e-19
23.986 	0.629105 	0.810111 	3.06804 	2.22832e-19
24.0561 	0.629105 	0.810111 	3.06804 	2.22832e-19
24.1262 	0.591112 	0.851742 	3.18894 	0
24.1964 	0.591112 	0.851742 	3.18894 	0
24.2665 	0.591112 	0.851742 	3.18894 	0
24.3366 	0.591112 	0.851742 	3.18894 	0
24.4068 	0.591112 	0.851742 	3.18894 	0
24.4769 	0.627359 	0.673527 	2.31295 	4.60275e-19
24.547 	0.627359 	0.673527 	2.31295 	4.60275e-19
24.6172 	0.589364 	0.702794 	2.38961 	5.71725e-19
24.6873 	0.589364 	0.702794 	2.38961 	5.71725e-19
24.7574 	0.589364 	0.702794 	2.38961 	5.71725e-19
24.8276 	0.589364 	0.702794 	2.38961 	5.71725e-19
24.8977 	0.589364 	0.702794 	2.38961 	5.71725e-19
24.9678 	0.589364 	0.702794 	2.38961 	5.71725e-19
25.038 	0.553478 	0.749781 	2.55896 	-1.92962e-19
25.1081 	0.553478 	0.749781 	2.55896 	-1.92962e-19
25.1782 	0.553478 	0.749781 	2.55896 	-1.92962e-19
25.2484 	0.553478 	0.749781 	2.55896 	-1.92962e-19
25.3185 	0.553478 	0.749781 	2.55896 	-1.92962e-19
25.3886 	0.553478 	0.749781 	2.55896 	-1.92962e-19
25.4588 	0.519478 	0.778777 	2.62235 	0
25.5289 	0.519478 	0.778777 	2.62235 	0
25.5991 	0.519478 	0.778777 	2.62235 	0
25.6692 	0.519478 	0.778777 	2.62235 	0
25.7393 	0.519478 	0.778777 	2.62235 	0
25.8095 	0.519478 	0.778777 	2.62235 	0
25.8796 	0.519478 	0.778777 	2.62235 	0
25.9497 	0.486855 	0.823906 	2.76357 	2.93351e-19
26.0199 	0.486855 	0.823906 	2.76357 	2.93351e-19
26.09 	0.515739 	0.630067 	1.96515 	2.69945e-19
26.1601 	0.515739 	0.630067 	1.96515 	2.69945e-19
26.2303 	0.515739 	0.630067 	1.96515 	2.69945e-19
26.3004 	0.515739 	0.630067 	1.96515 	2.69945e-19
26.3705 	0.515739 	0.630067 	1.96515 	2.69945e-19
26.4407 	0.487595 	0.645767 	1.99748 	-6.09093e-19
26.5108 	0.487595 	0.645767 	1.99748 	-6.09093e-19
26.5809 	0.487595 	0.645767 	1.99748 	-6.09093e-19
26.6511 	0.487595 	0.645767 	1.99748 	-6.09093e-19
26.7212 	0.487595 	0.645767 	1.99748 	-6.09093e-19
26.7913 	0.487595 	0.645767 	1.99748 	-6.09093e-19
26.8615 	0.487595 	0.645767 	1.99748 	-6.09093e-19
26.9316 	0.460909 	0.67275 	2.07281 	3.53453e-19
27.0017 	0.460909 	0.67275 	2.07281 	3.53453e-19
27.0719 	0.460909 	0.67275 	2.07281 	3.53453e-19
27.142 	0.460909 	0.67275 	2.07281 	3.53453e-19
27.2121 	0.460909 	0.67275 	2.07281 	3.53453e-19
27.2823 	0.460909 	0.67275 	2.07281 	3.53453e-19
27.3524 	0.434957 	0.685698 	2.09444 	9.75098e-20
27.4225 	0.434957 	0.685698 	2.09444 	9.75098e-20
27.4927 	0.434957 	0.685698 	2.09444 	9.75098e-20
27.5628 	0.434957 	0.685698 	2.09444 	9.75098e-20
27.6329 	0.434957 	0.685698 	2.09444 	9.75098e-20
27.7031 	0.434957 	0.685698 	2.09444 	9.75098e-20
27.7732 	0.434957 	0.685698 	2.09444 	9.75098e-20
27.8434 	0.434957 	0.685698 	2.09444 	9.75098e-20
27.9135 	0.410904 	0.707531 	2.14747 	9.22067e-20
27.9836 	0.410904 	0.707531 	2.14747 	9.22067e-20
28.0538 	0.410904 	0.707531 	2.14747 	9.22067e-20
28.1239 	0.410904 	0.707531 	2.14747 	9.22067e-20
28.194 	0.410904 	0.707531 	2.14747 	9.22067e-20
28.2642 	0.410904 	0.707531 	2.14747 	9.22067e-20
28.3343 	0.401344 	0.570872 	1.72477 	-9.09062e-20
28.4044 	0.377161 	0.572492 	1.73334 	1.77189e-19
28.4746 	0.377161 	0.572492 	1.73334 	1.77189e-19
28.5447 	0.377161 	0.572492 	1.73334 	1.77189e-19
28.6148 	0.377161 	0.572492 	1.73334 	1.77189e-19
28.685 	0.377161 	0.572492 	1.73334 	1.77189e-19
28.7551 	0.377161 	0.572492 	1.73334 	1.77189e-19
28.8252 	0.377161 	0.572492 	1.73334 	1.77189e-19
28.8954 	0.377161 	0.572492 	1.73334 	1.77189e-19
28.9655 	0.355878 	0.57718 	1.75242 	1.45471e-19
29.0356 	0.355878 	0.57718 	1.75242 	1.45471e-19
29.1058 	0.355878 	0.57718 	1.75242 	1.45471e-19
29.1759 	0.355878 	0.57718 	1.75242 	1.45471e-19
29.246 	0.355878 	0.57718 	1.75242 	1.45471e-19
29.3162 	0.355878 	0.57718 	1.75242 	1.45471e-19
29.3863 	0.355878 	0.57718 	1.75242 	1.45471e-19
29.4564 	0.338867 	0.578514 	1.75134 	-1.28059e-19
29.5266 	0.338867 	0.578514 	1.75134 	-1.28059e-19
29.5967 	0.338867 	0.578514 	1.75134 	-1.28059e-19
29.6668 	0.338867 	0.578514 	1.75134 	-1.28059e-19
29.737 	0.338867 	0.578514 	1.75134 	-1.28059e-19
29.8071 	0.338867 	0.578514 	1.75134 	-1.28059e-19
29.8773 	0.338867 	0.578514 	1.75134 	-1.28059e-19
29.9474 	0.338867 	0.578514 	1.75134 	-1.28059e-19
30.0175 	0.330005 	0.580824 	1.75399 	1.27899e-19
30.0877 	0.330005 	0.580824 	1.75399 	1.27899e-19
30.1578 	0.330005 	0.580824 	1.75399 	1.27899e-19
30.2279 	0.330005 	0.580824 	1.75399 	1.27899e-19
30.2981 	0.330005 	0.580824 	1.75399 	1.27899e-19
30.3682 	0.330005 	0.580824 	1.75399 	1.27899e-19
30.4383 	0.330005 	0.580824 	1.75399 	1.27899e-19
30.5085 	0.330005 	0.580824 	1.75399 	1.27899e-19
30.5786 	0.320101 	0.576669 	1.74116 	-2.54267e-19
30.6487 	0.320101 	0.576669 	1.74116 	-2.54267e-19
30.7189 	0.320101 	0.576669 	1.74116 	-2.54267e-19
30.789 	0.320101 	0.576669 	1.74116 	-2.54267e-19
30.8591 	0.320101 	0.576669 	1.74116 	-2.54267e-19
30.9293 	0.320101 	0.576669 	1.74116 	-2.54267e-19
30.9994 	0.320101 	0.576669 	1.74116 	-2.54267e-19
31.0695 	0.320101 	0.576669 	1.74116 	-2.54267e-19
31.1397 	0.315297 	0.582102 	1.73412 	1.26671e-19
31.2098 	0.315297 	0.582102 	1.73412 	1.26671e-19
31.2799 	0.315297 	0.582102 	1.73412 	1.26671e-19
31.3501 	0.315297 	0.582102 	1.73412 	1.26671e-19
31.4202 	0.315297 	0.582102 	1.73412 	1.26671e-19
31.4903 	0.315297 	0.582102 	1.73412 	1.26671e-19
31.5605 	0.317279 	0.552491 	1.63374 	-1.79528e-19
31.6306 	0.317279 	0.552491 	1.63374 	-1.79528e-19
31.7007 	0.318946 	0.548368 	1.62923 	6.0166e-20
31.7709 	0.318946 	0.548368 	1.62923 	6.0166e-20
31.841 	0.318946 	0.548368 	1.62923 	6.0166e-20
31.9111 	0.318946 	0.548368 	1.62923 	6.0166e-20
31.9813 	0.318946 	0.548368 	1.62923 	6.0166e-20
32.0514 	0.318946 	0.548368 	1.62923 	6.0166e-20
32.1216 	0.318946 	0.548368 	1.62923 	6.0166e-20
32.1917 	0.318946 	0.548368 	1.62923 	6.0166e-20
32.2618 	0.318946 	0.548368 	1.62923 	6.0166e-20
32.332 	0.328296 	0.547098 	1.61927 	0
32.4021 	0.328296 	0.547098 	1.61927 	0
32.4722 	0.328296 	0.547098 	1.61927 	0
32.5424 	0.328296 	0.547098 	1.61927 	0
32.6125 	0.328296 	0.547098 	1.61927 	0
32.6826 	0.328296 	0.547098 	1.61927 	0
32.7528 	0.328296 	0.547098 	1.61927 	0
32.8229 	0.328296 	0.547098 	1.61927 	0
32.893 	0.328296 	0.547098 	1.61927 	0
32.9632 	0.34506 	0.538909 	1.60493 	0
33.0333 	0.34506 	0.538909 	1.60493 	0
33.1034 	0.34506 	0.538909 	1.60493 	0
33.1736 	0.34506 	0.538909 	1.60493 	0
33.2437 	0.34506 	0.538909 	1.60493 	0
33.3138 	0.34506 	0.538909 	1.60493 	0
33.384 	0.34506 	0.538909 	1.60493 	0
33.4541 	0.34506 	0.538909 	1.60493 	0
33.5242 	0.34506 	0.538909 	1.60493 	0
33.5944 	0.370413 	0.529421 	1.58442 	-3.22528e-20
33.6645 	0.370413 	0.529421 	1.58442 	-3.22528e-20
33.7346 	0.370413 	0.529421 	1.58442 	-3.22528e-20
33.8048 	0.370413 	0.529421 	1.58442 	-3.22528e-20
33.8749 	0.370413 	0.529421 	1.58442 	-3.22528e-20
33.945 	0.370413 	0.529421 	1.58442 	-3.22528e-20
34.0152 	0.370413 	0.529421 	1.58442 	-3.22528e-20
34.0853 	0.370413 	0.529421 	1.58442 	-3.22528e-20
34.1554 	0.370413 	0.529421 	1.58442 	-3.22528e-20
34.2256 	0.403126 	0.506741 	1.55904 	3.52987e-20
34.2957 	0.403126 	0.506741 	1.55904 	3.52987e-20
34.3659 	0.403126 	0.506741 	1.55904 	3.52987e-20
34.436 	0.403126 	0.506741 	1.55904 	3.52987e-20
34.5061 	0.403126 	0.506741 	1.55904 	3.52987e-20
34.5763 	0.403126 	0.506741 	1.55904 	3.52987e-20
34.6464 	0.403126 	0.506741 	1.55904 	3.52987e-20
34.7165 	0.403126 	0.506741 	1.55904 	3.52987e-20
34.7867 	0.403126 	0.506741 	1.55904 	3.52987e-20
34.8568 	0.403126 	0.506741 	1.55904 	3.52987e-20
34.9269 	0.437366 	0.47612 	1.53547 	-7.72441e-20
34.9971 	0.437366 	0.47612 	1.53547 	-7.72441e-20
35.0672 	0.437366 	0.47612 	1.53547 	-7.72441e-20
35.1373 	0.437366 	0.47612 	1.53547 	-7.72441e-20
35.2075 	0.437366 	0.47612 	1.53547 	-7.72441e-20
35.2776 	0.437366 	0.47612 	1.53547 	-7.72441e-20
35.3477 	0.437366 	0.47612 	1.53547 	-7.72441e-20
35.4179 	0.437366 	0.47612 	1.53547 	-7.72441e-20
35.488 	0.437366 	0.47612 	1.53547 	-7.72441e-20
35.5581 	0.437366 	0.47612 	1.53547 	-7.72441e-20
35.6283 	0.470358 	0.435285 	1.51715 	1.61038e-20
35.6984 	0.470358 	0.435285 	1.51715 	1.61038e-20
35.7685 	0.470358 	0.435285 	1.51715 	1.61038e-20
35.8387 	0.470358 	0.435285 	1.51715 	1.61038e-20
35.9088 	0.470358 	0.435285 	1.51715 	1.61038e-20
35.9789 	0.470358 	0.435285 	1.51715 	1.61038e-20
36.0491 	0.470358 	0.435285 	1.51715 	1.61038e-20
36.1192 	0.470358 	0.435285 	1.51715 	1.61038e-20
36.1893 	0.470358 	0.435285 	1.51715 	1.61038e-20
36.2595 	0.470358 	0.435285 	1.51715 	1.61038e-20
36.3296 	0.500801 	0.390806 	1.50061 	-2.11914e-20
36.3997 	0.500801 	0.390806 	1.50061 	-2.11914e-20
36.4699 	0.500801 	0.390806 	1.50061 	-2.11914e-20
36.54 	0.500801 	0.390806 	1.50061 	-2.11914e-20
36.6102 	0.500801 	0.390806 	1.50061 	-2.11914e-20
36.6803 	0.500801 	0.390806 	1.50061 	-2.11914e-20
36.7504 	0.500801 	0.390806 	1.50061 	-2.11914e-20
36.8206 	0.500801 	0.390806 	1.50061 	-2.11914e-20
36.8907 	0.500801 	0.390806 	1.50061 	-2.11914e-20
36.9608 	0.500801 	0.390806 	1.50061 	-2.11914e-20
37.031 	0.500801 	0.390806 	1.50061 	-2.11914e-20
37.1011 	0.521987 	0.35092 	1.4898 	0
37.1712 	0.521987 	0.35092 	1.4898 	0
37.2414 	0.521987 	0.35092 	1.4898 	0
37.3115 	0.521987 	0.35092 	1.4898 	0
37.3816 	0.521987 	0.35092 	1.4898 	0
37.4518 	0.521987 	0.35092 	1.4898 	0
37.5219 	0.521987 	0.35092 	1.4898 	0
37.592 	0.521987 	0.35092 	1.4898 	0
37.6622 	0.533288 	0.316178 	1.48538 	0
37.7323 	0.533288 	0.316178 	1.48538 	0
37.8024 	0.533288 	0.316178 	1.48538 	0
37.8726 	0.533288 	0.316178 	1.48538 	0
37.9427 	0.533288 	0.316178 	1.48538 	0
38.0128 	0.533288 	0.316178 	1.48538 	0
38.083 	0.533288 	0.316178 	1.48538 	0
38.1531 	0.533288 	0.316178 	1.48538 	0
38.2232 	0.533288 	0.316178 	1.48538 	0
38.2934 	0.538367 	0.282435 	1.48509 	0
38.3635 	0.538367 	0.282435 	1.48509 	0
38.4336 	0.538367 	0.282435 	1.48509 	0
38.5038 	0.538367 	0.282435 	1.48509 	0
38.5739 	0.538367 	0.282435 	1.48509 	0
38.644 	0.538367 	0.282435 	1.48509 	0
38.7142 	0.538367 	0.282435 	1.48509 	0
38.7843 	0.538367 	0.282435 	1.48509 	0
38.8545 	0.538367 	0.282435 	1.48509 	0
38.9246 	0.541316 	0.24876 	1.48559 	0
38.9947 	0.541316 	0.24876 	1.48559 	0
39.0649 	0.541316 	0.24876 	1.48559 	0
39.135 	0.541316 	0.24876 	1.48559 	0
39.2051 	0.541316 	0.24876 	1.48559 	0
39.2753 	0.541316 	0.24876 	1.48559 	0
39.3454 	0.541316 	0.24876 	1.48559 	0
39.4155 	0.541316 	0.24876 	1.48559 	0
39.4857 	0.541316 	0.24876 	1.48559 	0
39.5558 	0.543724 	0.21553 	1.486 	0
39.6259 	0.543724 	0.21553 	1.486 	0
39.6961 	0.543724 	0.21553 	1.486 	0
39.7662 	0.543724 	0.21553 	1.486 	0
39.8363 	0.543724 	0.21553 	1.486 	0
39.9065 	0.543724 	0.21553 	1.486 	0
39.9766 	0.543724 	0.21553 	1.486 	0
40.0467 	0.543724 	0.21553 	1.486 	0
40.1169 	0.545193 	0.183865 	1.48688 	0
40.187 	0.545193 	0.183865 	1.48688 	0
40.2571 	0.545193 	0.183865 	1.48688 	0
40.3273 	0.545193 	0.183865 	1.48688 	0
40.3974 	0.545193 	0.183865 	1.48688 	0
40.4675 	0.545193 	0.183865 	1.48688 	0
40.5377 	0.545193 	0.183865 	1.48688 	0
40.6078 	0.545193 	0.183865 	1.48688 	0
40.6779 	0.545193 	0.183865 	1.48688 	0
40.7481 	0.545625 	0.154113 	1.48844 	0
40.8182 	0.545625 	0.154113 	1.48844 	0
40.8883 	0.545625 	0.154113 	1.48844 	0
40.9585 	0.545625 	0.154113 	1.48844 	0
41.0286 	0.545625 	0.154113 	1.48844 	0
41.0988 	0.545625 	0.154113 	1.48844 	0
41.1689 	0.545625 	0.154113 	1.48844 	0
41.239 	0.545625 	0.154113 	1.48844 	0
41.3092 	0.545625 	0.154113 	1.48844 	0
41.3793 	0.545603 	0.126565 	1.48982 	0
41.4494 	0.545603 	0.126565 	1.48982 	0
41.5196 	0.545603 	0.126565 	1.48982 	0
41.5897 	0.545603 	0.126565 	1.48982 	0
41.6598 	0.545603 	0.126565 	1.48982 	0
41.73 	0.545603 	0.126565 	1.48982 	0
41.8001 	0.545603 	0.126565 	1.48982 	0
41.8702 	0.545603 	0.126565 	1.48982 	0
41.9404 	0.545603 	0.126565 	1.48982 	0
42.0105 	0.545729 	0.10152 	1.49087 	0
42.0806 	0.545729 	0.10152 	1.49087 	0
42.1508 	0.545729 	0.10152 	1.49087 	0
42.2209 	0.545729 	0.10152 	1.49087 	0
42.291 	0.545729 	0.10152 	1.49087 	0
42.3612 	0.545729 	0.10152 	1.49087 	0
42.4313 	0.545729 	0.10152 	1.49087 	0
42.5014 	0.545729 	0.10152 	1.49087 	0
42.5716 	0.545729 	0.10152 	1.49087 	0
42.6417 	0.546538 	0.0789063 	1.49128 	0
42.7118 	0.546538 	0.0789063 	1.49128 	0
42.782 	0.546538 	0.0789063 	1.49128 	0
42.8521 	0.546538 	0.0789063 	1.49128 	0
42.9222 	0.546538 	0.0789063 	1.49128 	0
42.9924 	0.546538 	0.0789063 	1.49128 	0
43.0625 	0.546538 	0.0789063 	1.49128 	0
43.1327 	0.546538 	0.0789063 	1.49128 	0
43.2028 	0.548276 	0.0584358 	1.49085 	0
43.2729 	0.548276 	0.0584358 	1.49085 	0
43.3431 	0.548276 	0.0584358 	1.49085 	0
43.4132 	0.548276 	0.0584358 	1.49085 	0
43.4833 	0.548276 	0.0584358 	1.49085 	0
43.5535 	0.548276 	0.0584358 	1.49085 	0
43.6236 	0.548276 	0.0584358 	1.49085 	0
43.6937 	0.548276 	0.0584358 	1.49085 	0
43.7639 	0.548276 	0.0584358 	1.49085 	0
43.834 	0.550619 	0.0407163 	1.48941 	0
43.9041 	0.550619 	0.0407163 	1.48941 	0
43.9743 	0.550619 	0.0407163 	1.48941 	0
44.0444 	0.550619 	0.0407163 	1.48941 	0
44.1145 	0.550619 	0.0407163 	1.48941 	0
44.1847 	0.550619 	0.0407163 	1.48941 	0
44.2548 	0.550619 	0.0407163 	1.48941 	0
44.3249 	0.550619 	0.0407163 	1.48941 	0
44.3951 	0.550619 	0.0407163 	1.48941 	0
44.4652 	0.553285 	0.0262414 	1.48751 	0
44.5353 	0.553285 	0.0262414 	1.48751 	0
44.6055 	0.553285 	0.0262414 	1.48751 	0
44.6756 	0.553285 	0.0262414 	1.48751 	0
44.7457 	0.553285 	0.0262414 	1.48751 	0
44.8159 	0.553285 	0.0262414 	1.48751 	0
44.886 	0.553285 	0.0262414 	1.48751 	0
44.9561 	0.553285 	0.0262414 	1.48751 	0
45.0263 	0.553285 	0.0262414 	1.48751 	0
45.0964 	0.556445 	0.0148416 	1.48483 	0
45.1665 	0.556445 	0.0148416 	1.48483 	0
45.2367 	0.556445 	0.0148416 	1.48483 	0
45.3068 	0.556445 	0.0148416 	1.48483 	0
45.377 	0.556445 	0.0148416 	1.48483 	0
45.4471 	0.556445 	0.0148416 	1.48483 	0
45.5172 	0.556445 	0.0148416 	1.48483 	0
45.5874 	0.556445 	0.0148416 	1.48483 	0
45.6575 	0.560035 	0.00552404 	1.48166 	0
45.7276 	0.560035 	0.00552404 	1.48166 	0
45.7978 	0.560035 	0.00552404 	1.48166 	0
45.8679 	0.560035 	0.00552404 	1.48166 	0
45.938 	0.560035 	0.00552404 	1.48166 	0
46.0082 	0.560035 	0.00552404 	1.48166 	0
46.0783 	0.560035 	0.00552404 	1.48166 	0
46.1484 	0.560035 	0.00552404 	1.48166 	0
46.2186 	0.560035 	0.00552404 	1.48166 	0
46.2887 	0.563409 	-0.00158636 	1.47794 	0
46.3588 	0.563409 	-0.00158636 	1.47794 	0
46.429 	0.563409 	-0.00158636 	1.47794 	0
46.4991 	0.563409 	-0.00158636 	1.47794 	0
46.5692 	0.563409 	-0.00158636 	1.47794 	0
46.6394 	0.563409 	-0.00158636 	1.47794 	0
46.7095 	0.563409 	-0.00158636 	1.47794 	0
46.7796 	0.580088 	0.000316176 	1.46345 	0
46.8498 	0.580088 	0.000316176 	1.46345 	0
46.9199 	0.579736 	-0.00393712 	1.46265 	0
46.99 	0.579736 	-0.00393712 	1.46265 	0
47.0602 	0.579736 	-0.00393712 	1.46265 	0
47.1303 	0.579736 	-0.00393712 	1.46265 	0
47.2004 	0.579736 	-0.00393712 	1.46265 	0
47.2706 	0.579736 	-0.00393712 	1.46265 	0
47.3407 	0.579736 	-0.00393712 	1.46265 	0
47.4108 	0.579736 	-0.00393712 	1.46265 	0
47.481 	0.579736 	-0.00393712 	1.46265 	0
47.5511 	0.579439 	-0.00627527 	1.46085 	0
47.6213 	0.579439 	-0.00627527 	1.46085 	0
47.6914 	0.579439 	-0.00627527 	1.46085 	0
47.7615 	0.579439 	-0.00627527 	1.46085 	0
47.8317 	0.579439 	-0.00627527 	1.46085 	0
47.9018 	0.579439 	-0.00627527 	1.46085 	0
47.9719 	0.579439 	-0.00627527 	1.46085 	0
48.0421 	0.579439 	-0.00627527 	1.46085 	0
48.1122 	0.579439 	-0.00627527 	1.46085 	0
48.1823 	0.578705 	-0.00746643 	1.45906 	0
48.2525 	0.578705 	-0.00746643 	1.45906 	0
48.3226 	0.578705 	-0.00746643 	1.45906 	0
48.3927 	0.578705 	-0.00746643 	1.45906 	0
48.4629 	0.578705 	-0.00746643 	1.45906 	0
48.533 	0.578705 	-0.00746643 	1.45906 	0
48.6031 	0.578705 	-0.00746643 	1.45906 	0
48.6733 	0.578705 	-0.00746643 	1.45906 	0
48.7434 	0.577431 	-0.00872884 	1.45705 	0
48.8135 	0.577431 	-0.00872884 	1.45705 	0
48.8837 	0.577431 	-0.00872884 	1.45705 	0
48.9538 	0.577431 	-0.00872884 	1.45705 	0
49.0239 	0.577431 	-0.00872884 	1.45705 	0
49.0941 	0.577431 	-0.00872884 	1.45705 	0
49.1642 	0.577431 	-0.00872884 	1.45705 	0
49.2343 	0.577431 	-0.00872884 	1.45705 	0
49.3045 	0.577431 	-0.00872884 	1.45705 	0
49.3746 	0.575758 	-0.0102649 	1.4553 	0
49.4447 	0.575758 	-0.0102649 	1.4553 	0
49.5149 	0.575758 	-0.0102649 	1.4553 	0
49.585 	0.575758 	-0.0102649 	1.4553 	0
49.6551 	0.575758 	-0.0102649 	1.4553 	0
49.7253 	0.575758 	-0.0102649 	1.4553 	0
49.7954 	0.575758 	-0.0102649 	1.4553 	0
49.8656 	0.575758 	-0.0102649 	1.4553 	0
49.9357 	0.575758 	-0.0102649 	1.4553 	0
50.0058 	0.573831 	-0.012043 	1.45317 	0
50.076 	0.573831 	-0.012043 	1.45317 	0
50.1461 	0.573831 	-0.012043 	1.45317 	0
50.2162 	0.573831 	-0.012043 	1.45317 	0
50.2864 	0.573831 	-0.012043 	1.45317 	0
50.3565 	0.573831 	-0.012043 	1.45317 	0
50.4266 	0.573831 	-0.012043 	1.45317 	0
50.4968 	0.573831 	-0.012043 	1.45317 	0
50.5669 	0.573831 	-0.012043 	1.45317 	0
50.637 	0.5719 	-0.0128061 	1.45066 	0
50.7072 	0.5719 	-0.0128061 	1.45066 	0
50.7773 	0.5719 	-0.0128061 	1.45066 	0
50.8474 	0.5719 	-0.0128061 	1.45066 	0
50.9176 	0.5719 	-0.0128061 	1.45066 	0
50.9877 	0.5719 	-0.0128061 	1.45066 	0
51.0578 	0.5719 	-0.0128061 	1.45066 	0
51.128 	0.5719 	-0.0128061 	1.45066 	0
51.1981 	0.5719 	-0.0128061 	1.45066 	0
51.2682 	0.570299 	-0.0131706 	1.44802 	0
51.3384 	0.570299 	-0.0131706 	1.44802 	0
51.4085 	0.570299 	-0.0131706 	1.44802 	0
51.4786 	0.570299 	-0.0131706 	1.44802 	0
51.5488 	0.570299 	-0.0131706 	1.44802 	0
51.6189 	0.570299 	-0.0131706 	1.44802 	0
51.689 	0.570299 	-0.0131706 	1.44802 	0
51.7592 	0.570299 	-0.0131706 	1.44802 	0
51.8293 	0.569308 	-0.0134791 	1.44632 	0
51.8994 	0.569308 	-0.0134791 	1.44632 	0
51.9696 	0.569308 	-0.0134791 	1.44632 	0
52.0397 	0.569308 	-0.0134791 	1.44632 	0
52.1099 	0.569308 	-0.0134791 	1.44632 	0
52.18 	0.569308 	-0.0134791 	1.44632 	0
52.2501 	0.569308 	-0.0134791 	1.44632 	0
52.3203 	0.569308 	-0.0134791 	1.44632 	0
52.3904 	0.569308 	-0.0134791 	1.44632 	0
52.4605 	0.569683 	-0.0144135 	1.44585 	0
52.5307 	0.569683 	-0.0144135 	1.44585 	0
52.6008 	0.569683 	-0.0144135 	1.44585 	0
52.6709 	0.569683 	-0.0144135 	1.44585 	0
52.7411 	0.569683 	-0.0144135 	1.44585 	0
52.8112 	0.569683 	-0.0144135 	1.44585 	0
52.8813 	0.569683 	-0.0144135 	1.44585 	0
52.9515 	0.569683 	-0.0144135 	1.44585 	0
53.0216 	0.569683 	-0.0144135 	1.44585 	0
53.0917 	0.571516 	-0.0165735 	1.44743 	0
53.1619 	0.571516 	-0.0165735 	1.44743 	0
53.232 	0.571516 	-0.0165735 	1.44743 	0
53.3021 	0.571516 	-0.0165735 	1.44743 	0
53.3723 	0.571516 	-0.0165735 	1.44743 	0
53.4424 	0.571516 	-0.0165735 	1.44743 	0
53.5125 	0.571516 	-0.0165735 	1.44743 	0
53.5827 	0.571516 	-0.0165735 	1.44743 	0
53.6528 	0.571516 	-0.0165735 	1.44743 	0
53.7229 	0.574843 	-0.0223958 	1.45146 	0
53.7931 	0.574843 	-0.0223958 	1.45146 	0
53.8632 	0.574843 	-0.0223958 	1.45146 	0
53.9333 	0.574843 	-0.0223958 	1.45146 	0
54.0035 	0.574843 	-0.0223958 	1.45146 	0
54.0736 	0.574843 	-0.0223958 	1.45146 	0
54.1437 	0.574843 	-0.0223958 	1.45146 	0
54.2139 	0.574843 	-0.0223958 	1.45146 	0
54.284 	0.579712 	-0.0292722 	1.45909 	0
54.3542 	0.579712 	-0.0292722 	1.45909 	0
54.4243 	0.579712 	-0.0292722 	1.45909 	0
54.4944 	0.579712 	-0.0292722 	1.45909 	0
54.5646 	0.579712 	-0.0292722 	1.45909 	0
54.6347 	0.579712 	-0.0292722 	1.45909 	0
54.7048 	0.579712 	-0.0292722 	1.45909 	0
54.775 	0.579712 	-0.0292722 	1.45909 	0
54.8451 	0.579712 	-0.0292722 	1.45909 	0
54.9152 	0.586321 	-0.0340683 	1.46747 	0
54.9854 	0.586321 	-0.0340683 	1.46747 	0
55.0555 	0.586321 	-0.0340683 	1.46747 	0
55.1256 	0.586321 	-0.0340683 	1.46747 	0
55.1958 	0.586321 	-0.0340683 	1.46747 	0
55.2659 	0.586321 	-0.0340683 	1.46747 	0
55.336 	0.586321 	-0.0340683 	1.46747 	0
55.4062 	0.586321 	-0.0340683 	1.46747 	0
55.4763 	0.586321 	-0.0340683 	1.46747 	0
55.5464 	0.594119 	-0.0347997 	1.4811 	0
55.6166 	0.594119 	-0.0347997 	1.4811 	0
55.6867 	0.594119 	-0.0347997 	1.4811 	0
55.7568 	0.594119 	-0.0347997 	1.4811 	0
55.827 	0.594119 	-0.0347997 	1.4811 	0
55.8971 	0.594119 	-0.0347997 	1.4811 	0
55.9672 	0.594119 	-0.0347997 	1.4811 	0
56.0374 	0.594119 	-0.0347997 	1.4811 	0
56.1075 	0.594119 	-0.0347997 	1.4811 	0
56.1776 	0.602443 	-0.0284829 	1.49429 	0
56.2478 	0.602443 	-0.0284829 	1.49429 	0
56.3179 	0.602443 	-0.0284829 	1.49429 	0
56.3881 	0.602443 	-0.0284829 	1.49429 	0
56.4582 	0.602443 	-0.0284829 	1.49429 	0
56.5283 	0.602443 	-0.0284829 	1.49429 	0
56.5985 	0.602443 	-0.0284829 	1.49429 	0
56.6686 	0.602443 	-0.0284829 	1.49429 	0
56.7387 	0.602443 	-0.0284829 	1.49429 	0
56.8089 	0.610927 	-0.015618 	1.51506 	0
56.879 	0.610927 	-0.015618 	1.51506 	0
56.9491 	0.610927 	-0.015618 	1.51506 	0
57.0193 	0.610927 	-0.015618 	1.51506 	0
57.0894 	0.610927 	-0.015618 	1.51506 	0
57.1595 	0.610927 	-0.015618 	1.51506 	0
57.2297 	0.610927 	-0.015618 	1.51506 	0
57.2998 	0.610927 	-0.015618 	1.51506 	0
57.3699 	0.618118 	0.00467649 	1.53263 	0
57.4401 	0.618118 	0.00467649 	1.53263 	0
57.5102 	0.618118 	0.00467649 	1.53263 	0
57.5803 	0.618118 	0.00467649 	1.53263 	0
57.6505 	0.618118 	0.00467649 	1.53263 	0
57.7206 	0.618118 	0.00467649 	1.53263 	0
57.7907 	0.618118 	0.00467649 	1.53263 	0
57.8609 	0.618118 	0.00467649 	1.53263 	0
57.931 	0.618118 	0.00467649 	1.53263 	0
58.0011 	0.623916 	0.0306763 	1.55789 	0
58.0713 	0.623916 	0.0306763 	1.55789 	0
58.1414 	0.623916 	0.0306763 	1.55789 	0
58.2115 	0.623916 	0.0306763 	1.55789 	0
58.2817 	0.623916 	0.0306763 	1.55789 	0
58.3518 	0.623916 	0.0306763 	1.55789 	0
58.4219 	0.623916 	0.0306763 	1.55789 	0
58.4921 	0.623916 	0.0306763 	1.55789 	0
58.5622 	0.623916 	0.0306763 	1.55789 	0
58.6324 	0.627363 	0.0638321 	1.57719 	0
58.7025 	0.627363 	0.0638321 	1.57719 	0
58.7726 	0.627363 	0.0638321 	1.57719 	0
58.8428 	0.627363 	0.0638321 	1.57719 	0
58.9129 	0.627363 	0.0638321 	1.57719 	0
58.983 	0.627363 	0.0638321 	1.57719 	0
59.0532 	0.627363 	0.0638321 	1.57719 	0
59.1233 	0.627363 	0.0638321 	1.57719 	0
59.1934 	0.627363 	0.0638321 	1.57719 	0
59.2636 	0.62785 	0.100579 	1.6039 	0
59.3337 	0.62785 	0.100579 	1.6039 	0
59.4038 	0.62785 	0.100579 	1.6039 	0
59.474 	0.62785 	0.100579 	1.6039 	0
59.5441 	0.62785 	0.100579 	1.6039 	0
59.6142 	0.62785 	0.100579 	1.6039 	0
59.6844 	0.62785 	0.100579 	1.6039 	0
59.7545 	0.62785 	0.100579 	1.6039 	0
59.8246 	0.624432 	0.145875 	1.62343 	0
59.8948 	0.624432 	0.145875 	1.62343 	0
59.9649 	0.624432 	0.145875 	1.62343 	0
60.035 	0.624432 	0.145875 	1.62343 	0
60.1052 	0.624432 	0.145875 	1.62343 	0
60.1753 	0.624432 	0.145875 	1.62343 	0
60.2454 	0.624432 	0.145875 	1.62343 	0
60.3156 	0.624432 	0.145875 	1.62343 	0
60.3857 	0.624432 	0.145875 	1.62343 	0
60.4558 	0.615806 	0.193839 	1.65161 	0
60.526 	0.615806 	0.193839 	1.65161 	0
60.5961 	0.615806 	0.193839 	1.65161 	0
60.6662 	0.615806 	0.193839 	1.65161 	0
60.7364 	0.615806 	0.193839 	1.65161 	0
60.8065 	0.615806 	0.193839 	1.65161 	0
60.8767 	0.615806 	0.193839 	1.65161 	0
60.9468 	0.615806 	0.193839 	1.65161 	0
61.0169 	0.615806 	0.193839 	1.65161 	0
61.0871 	0.60145 	0.247949 	1.67387 	0
61.1572 	0.60145 	0.247949 	1.67387 	0
61.2273 	0.60145 	0.247949 	1.67387 	0
61.2975 	0.60145 	0.247949 	1.67387 	0
61.3676 	0.60145 	0.247949 	1.67387 	0
61.4377 	0.60145 	0.247949 	1.67387 	0
61.5079 	0.60145 	0.247949 	1.67387 	0
61.578 	0.60145 	0.247949 	1.67387 	0
61.6481 	0.60145 	0.247949 	1.67387 	0
61.7183 	0.578963 	0.296624 	1.71167 	0
61.7884 	0.578963 	0.296624 	1.71167 	0
61.8585 	0.578963 	0.296624 	1.71167 	0
61.9287 	0.578963 	0.296624 	1.71167 	0
61.9988 	0.578963 	0.296624 	1.71167 	0
62.0689 	0.578963 	0.296624 	1.71167 	0
62.1391 	0.578963 	0.296624 	1.71167 	0
62.2092 	0.578963 	0.296624 	1.71167 	0
62.2793 	0.578963 	0.296624 	1.71167 	0
62.3495 	0.547409 	0.342427 	1.74193 	0
62.4196 	0.547409 	0.342427 	1.74193 	0
62.4897 	0.547409 	0.342427 	1.74193 	0
62.5599 	0.547409 	0.342427 	1.74193 	0
62.63 	0.547409 	0.342427 	1.74193 	0
62.7001 	0.547409 	0.342427 	1.74193 	0
62.7703 	0.547409 	0.342427 	1.74193 	0
62.8404 	0.547409 	0.342427 	1.74193 	0
62.9105 	0.503978 	0.380699 	1.79658 	0
62.9807 	0.503978 	0.380699 	1.79658 	0
63.0508 	0.503978 	0.380699 	1.79658 	0
63.121 	0.503978 	0.380699 	1.79658 	0
63.1911 	0.503978 	0.380699 	1.79658 	0
63.2612 	0.503978 	0.380699 	1.79658 	0
63.3314 	0.503978 	0.380699 	1.79658 	0
63.4015 	0.503978 	0.380699 	1.79658 	0
63.4716 	0.503978 	0.380699 	1.79658 	0
63.5418 	0.448524 	0.403736 	1.84507 	0
63.6119 	0.448524 	0.403736 	1.84507 	0
63.682 	0.448524 	0.403736 	1.84507 	0
63.7522 	0.448524 	0.403736 	1.84507 	0
63.8223 	0.448524 	0.403736 	1.84507 	0
63.8924 	0.448524 	0.403736 	1.84507 	0
63.9626 	0.448524 	0.403736 	1.84507 	0
64.0327 	0.448524 	0.403736 	1.84507 	0
64.1028 	0.448524 	0.403736 	1.84507 	0
64.173 	0.377664 	0.422925 	1.90968 	0
64.2431 	0.377664 	0.422925 	1.90968 	0
64.3132 	0.377664 	0.422925 	1.90968 	0
64.3834 	0.377664 	0.422925 	1.90968 	0
64.4535 	0.377664 	0.422925 	1.90968 	0
64.5236 	0.377664 	0.422925 	1.90968 	0
64.5938 	0.377664 	0.422925 	1.90968 	0
64.6639 	0.377664 	0.422925 	1.90968 	0
64.734 	0.377664 	0.422925 	1.90968 	0
64.8042 	0.299056 	0.402762 	1.98211 	0
64.8743 	0.299056 	0.402762 	1.98211 	0
64.9444 	0.299056 	0.402762 	1.98211 	0
65.0146 	0.299056 	0.402762 	1.98211 	0
65.0847 	0.299056 	0.402762 	1.98211 	0
65.1548 	0.299056 	0.402762 	1.98211 	0
65.225 	0.299056 	0.402762 	1.98211 	0
65.2951 	0.339 	0.294343 	2.19553 	0
65.3653 	0.339 	0.294343 	2.19553 	0
65.4354 	0.266795 	0.283407 	2.26956 	0
65.5055 	0.266795 	0.283407 	2.26956 	0
65.5757 	0.266795 	0.283407 	2.26956 	0
65.6458 	0.266795 	0.283407 	2.26956 	0
65.7159 	0.266795 	0.283407 	2.26956 	0
65.7861 	0.266795 	0.283407 	2.26956 	0
65.8562 	0.266795 	0.283407 	2.26956 	0
65.9263 	0.266795 	0.283407 	2.26956 	0
65.9965 	0.185467 	0.200315 	2.40105 	0
66.0666 	0.185467 	0.200315 	2.40105 	0
66.1367 	0.185467 	0.200315 	2.40105 	0
66.2069 	0.185467 	0.200315 	2.40105 	0
66.277 	0.185467 	0.200315 	2.40105 	0
66.3471 	0.185467 	0.200315 	2.40105 	0
66.4173 	0.185467 	0.200315 	2.40105 	0
66.4874 	0.185467 	0.200315 	2.40105 	0
66.5575 	0.185467 	0.200315 	2.40105 	0
66.6277 	0.103398 	0.152677 	2.46769 	0
66.6978 	0.103398 	0.152677 	2.46769 	0
66.7679 	0.103398 	0.152677 	2.46769 	0
66.8381 	0.103398 	0.152677 	2.46769 	0
66.9082 	0.103398 	0.152677 	2.46769 	0
66.9783 	0.103398 	0.152677 	2.46769 	0
67.0485 	0.103398 	0.152677 	2.46769 	0
67.1186 	0.103398 	0.152677 	2.46769 	0
67.1887 	0.103398 	0.152677 	2.46769 	0
67.2589 	0.0428697 	0.0376706 	2.58886 	0
67.329 	0.0428697 	0.0376706 	2.58886 	0
67.3991 	0.0428697 	0.0376706 	2.58886 	0
67.4693 	0.0428697 	0.0376706 	2.58886 	0
67.5394 	0.0428697 	0.0376706 	2.58886 	0
67.6096 	0.0428697 	0.0376706 	2.58886 	0
67.6797 	0.0428697 	0.0376706 	2.58886 	0
67.7498 	0.0428697 	0.0376706 	2.58886 	0
67.82 	0.0428697 	0.0376706 	2.58886 	0
67.8901 	0.00482815 	-0.0202283 	2.64621 	0
67.9602 	0.00482815 	-0.0202283 	2.64621 	0
68.0304 	0.00482815 	-0.0202283 	2.64621 	0
68.1005 	0.00482815 	-0.0202283 	2.64621 	0
68.1706 	0.00482815 	-0.0202283 	2.64621 	0
68.2408 	0.00482815 	-0.0202283 	2.64621 	0
68.3109 	0.00482815 	-0.0202283 	2.64621 	0
68.381 	0.00482815 	-0.0202283 	2.64621 	0
68.4512 	-0.000976823 	-0.178611 	2.76775 	0
68.5213 	-0.000976823 	-0.178611 	2.76775 	0
68.5914 	-0.000976823 	-0.178611 	2.76775 	0
68.6616 	-0.000976823 	-0.178611 	2.76775 	0
68.7317 	-0.000976823 	-0.178611 	2.76775 	0
68.8018 	-0.000976823 	-0.178611 	2.76775 	0
68.872 	-0.000976823 	-0.178611 	2.76775 	0
68.9421 	-0.000976823 	-0.178611 	2.76775 	0
69.0122 	-0.000976823 	-0.178611 	2.76775 	0
