0.490941 	1.76136 	0.00431757 	3.0003 	-2.49561e-20
0.561075 	1.76136 	0.00431757 	3.0003 	-2.49561e-20
0.63121 	1.76136 	0.00431757 	3.0003 	-2.49561e-20
0.701344 	1.76136 	0.00431757 	3.0003 	-2.49561e-20
0.771478 	1.76136 	0.00431757 	3.0003 	-2.49561e-20
0.841613 	1.76136 	0.00431757 	3.0003 	-2.49561e-20
0.911747 	1.73631 	0.0145615 	3.00805 	-5.72801e-20
0.981881 	1.73631 	0.0145615 	3.00805 	-5.72801e-20
1.05202 	1.73631 	0.0145615 	3.00805 	-5.72801e-20
1.12215 	1.73631 	0.0145615 	3.00805 	-5.72801e-20
1.19228 	1.73631 	0.0145615 	3.00805 	-5.72801e-20
1.26242 	1.73631 	0.0145615 	3.00805 	-5.72801e-20
1.33255 	1.69234 	0.0192582 	3.02329 	5.72407e-20
1.40269 	1.69234 	0.0192582 	3.02329 	5.72407e-20
1.47282 	1.69234 	0.0192582 	3.02329 	5.72407e-20
1.54296 	1.69234 	0.0192582 	3.02329 	5.72407e-20
1.61309 	1.69234 	0.0192582 	3.02329 	5.72407e-20
1.68323 	1.69234 	0.0192582 	3.02329 	5.72407e-20
1.75336 	1.63197 	0.0247978 	3.04257 	2.71737e-20
1.82349 	1.63197 	0.0247978 	3.04257 	2.71737e-20
1.89363 	1.63197 	0.0247978 	3.04257 	2.71737e-20
1.96376 	1.63197 	0.0247978 	3.04257 	2.71737e-20
2.0339 	1.63197 	0.0247978 	3.04257 	2.71737e-20
2.10403 	1.63197 	0.0247978 	3.04257 	2.71737e-20
2.17417 	1.56072 	0.0242417 	3.06666 	0
2.2443 	1.56072 	0.0242417 	3.06666 	0
2.31443 	1.56072 	0.0242417 	3.06666 	0
2.38457 	1.56072 	0.0242417 	3.06666 	0
2.4547 	1.56072 	0.0242417 	3.06666 	0
2.52484 	1.56072 	0.0242417 	3.06666 	0
2.59497 	1.48441 	0.0257878 	3.09077 	-1.21142e-19
2.66511 	1.48441 	0.0257878 	3.09077 	-1.21142e-19
2.73524 	1.48441 	0.0257878 	3.09077 	-1.21142e-19
2.80538 	1.48441 	0.0257878 	3.09077 	-1.21142e-19
2.87551 	1.48441 	0.0257878 	3.09077 	-1.21142e-19
2.94564 	1.48441 	0.0257878 	3.09077 	-1.21142e-19
3.01578 	1.40814 	0.0233998 	3.1162 	9.63235e-20
3.08591 	1.40814 	0.0233998 	3.1162 	9.63235e-20
3.15605 	1.40814 	0.0233998 	3.1162 	9.63235e-20
3.22618 	1.40814 	0.0233998 	3.1162 	9.63235e-20
3.29632 	1.40814 	0.0233998 	3.1162 	9.63235e-20
3.36645 	1.40814 	0.0233998 	3.1162 	9.63235e-20
3.43659 	1.3337 	0.0251645 	3.13927 	-1.72696e-19
3.50672 	1.3337 	0.0251645 	3.13927 	-1.72696e-19
3.57685 	1.3337 	0.0251645 	3.13927 	-1.72696e-19
3.64699 	1.3337 	0.0251645 	3.13927 	-1.72696e-19
3.71712 	1.3337 	0.0251645 	3.13927 	-1.72696e-19
3.78726 	1.32575 	0.0143924 	3.13791 	-1.91584e-19
3.85739 	1.25261 	0.0120462 	3.1629 	3.50516e-19
3.92753 	1.25261 	0.0120462 	3.1629 	3.50516e-19
3.99766 	1.25261 	0.0120462 	3.1629 	3.50516e-19
4.06779 	1.25261 	0.0120462 	3.1629 	3.50516e-19
4.13793 	1.25261 	0.0120462 	3.1629 	3.50516e-19
4.20806 	1.25261 	0.0120462 	3.1629 	3.50516e-19
4.2782 	1.18141 	0.0146848 	3.18361 	-1.99103e-19
4.34833 	1.18141 	0.0146848 	3.18361 	-1.99103e-19
4.41847 	1.18141 	0.0146848 	3.18361 	-1.99103e-19
4.4886 	1.18141 	0.0146848 	3.18361 	-1.99103e-19
4.55874 	1.18141 	0.0146848 	3.18361 	-1.99103e-19
4.62887 	1.18141 	0.0146848 	3.18361 	-1.99103e-19
4.699 	1.18141 	0.0146848 	3.18361 	-1.99103e-19
4.76914 	1.11204 	0.012131 	3.20724 	-1.41937e-19
4.83927 	1.11204 	0.012131 	3.20724 	-1.41937e-19
4.90941 	1.11204 	0.012131 	3.20724 	-1.41937e-19
4.97954 	1.11204 	0.012131 	3.20724 	-1.41937e-19
5.04968 	1.11204 	0.012131 	3.20724 	-1.41937e-19
5.11981 	1.11204 	0.012131 	3.20724 	-1.41937e-19
5.18994 	1.04435 	0.0145747 	3.2264 	1.24792e-19
5.26008 	1.04435 	0.0145747 	3.2264 	1.24792e-19
5.33021 	1.04435 	0.0145747 	3.2264 	1.24792e-19
5.40035 	1.04435 	0.0145747 	3.2264 	1.24792e-19
5.47048 	1.04435 	0.0145747 	3.2264 	1.24792e-19
5.54062 	1.04435 	0.0145747 	3.2264 	1.24792e-19
5.61075 	0.979287 	0.0117527 	3.24859 	-2.33472e-19
5.68089 	0.979287 	0.0117527 	3.24859 	-2.33472e-19
5.75102 	0.979287 	0.0117527 	3.24859 	-2.33472e-19
5.82115 	0.979287 	0.0117527 	3.24859 	-2.33472e-19
5.89129 	0.979287 	0.0117527 	3.24859 	-2.33472e-19
5.96142 	0.979287 	0.0117527 	3.24859 	-2.33472e-19
6.03156 	0.91738 	0.0144513 	3.26552 	2.49267e-19
6.10169 	0.91738 	0.0144513 	3.26552 	2.49267e-19
6.17183 	0.91738 	0.0144513 	3.26552 	2.49267e-19
6.24196 	0.91738 	0.0144513 	3.26552 	2.49267e-19
6.3121 	0.91738 	0.0144513 	3.26552 	2.49267e-19
6.38223 	0.91738 	0.0144513 	3.26552 	2.49267e-19
6.45236 	0.859527 	0.0118907 	3.28547 	1.4026e-20
6.5225 	0.859527 	0.0118907 	3.28547 	1.4026e-20
6.59263 	0.859527 	0.0118907 	3.28547 	1.4026e-20
6.66277 	0.859527 	0.0118907 	3.28547 	1.4026e-20
6.7329 	0.859527 	0.0118907 	3.28547 	1.4026e-20
6.80304 	0.859527 	0.0118907 	3.28547 	1.4026e-20
6.87317 	0.805741 	0.0152748 	3.29953 	-1.3135e-20
6.9433 	0.805741 	0.0152748 	3.29953 	-1.3135e-20
7.01344 	0.805741 	0.0152748 	3.29953 	-1.3135e-20
7.08357 	0.805741 	0.0152748 	3.29953 	-1.3135e-20
7.15371 	0.805741 	0.0152748 	3.29953 	-1.3135e-20
7.22384 	0.805741 	0.0152748 	3.29953 	-1.3135e-20
7.29398 	0.75626 	0.0131684 	3.317 	0
7.36411 	0.75626 	0.0131684 	3.317 	0
7.43425 	0.75626 	0.0131684 	3.317 	0
7.50438 	0.75626 	0.0131684 	3.317 	0
7.57451 	0.75626 	0.0131684 	3.317 	0
7.64465 	0.75626 	0.0131684 	3.317 	0
7.71478 	0.75626 	0.0131684 	3.317 	0
7.78492 	0.710502 	0.0173352 	3.32825 	0
7.85505 	0.710502 	0.0173352 	3.32825 	0
7.92519 	0.710502 	0.0173352 	3.32825 	0
7.99532 	0.710502 	0.0173352 	3.32825 	0
8.06545 	0.710502 	0.0173352 	3.32825 	0
8.13559 	0.710502 	0.0173352 	3.32825 	0
8.20572 	0.66835 	0.0157328 	3.34366 	0
8.27586 	0.66835 	0.0157328 	3.34366 	0
8.34599 	0.66835 	0.0157328 	3.34366 	0
8.41613 	0.66835 	0.0157328 	3.34366 	0
8.48626 	0.66835 	0.0157328 	3.34366 	0
8.5564 	0.66835 	0.0157328 	3.34366 	0
8.62653 	0.629031 	0.0208893 	3.35259 	2.32969e-22
8.69666 	0.629031 	0.0208893 	3.35259 	2.32969e-22
8.7668 	0.629031 	0.0208893 	3.35259 	2.32969e-22
8.83693 	0.629031 	0.0208893 	3.35259 	2.32969e-22
8.90707 	0.629031 	0.0208893 	3.35259 	2.32969e-22
8.9772 	0.629031 	0.0208893 	3.35259 	2.32969e-22
9.04734 	0.592369 	0.0200508 	3.36658 	-1.41403e-19
9.11747 	0.592369 	0.0200508 	3.36658 	-1.41403e-19
9.18761 	0.592369 	0.0200508 	3.36658 	-1.41403e-19
9.25774 	0.576745 	0.0162087 	3.36955 	-1.89674e-20
9.32787 	0.576745 	0.0162087 	3.36955 	-1.89674e-20
9.39801 	0.576745 	0.0162087 	3.36955 	-1.89674e-20
9.46814 	0.576745 	0.0162087 	3.36955 	-1.89674e-20
9.53828 	0.540797 	0.0240409 	3.37774 	-1.44562e-19
9.60841 	0.540797 	0.0240409 	3.37774 	-1.44562e-19
9.67855 	0.540797 	0.0240409 	3.37774 	-1.44562e-19
9.74868 	0.540797 	0.0240409 	3.37774 	-1.44562e-19
9.81881 	0.540797 	0.0240409 	3.37774 	-1.44562e-19
9.88895 	0.540797 	0.0240409 	3.37774 	-1.44562e-19
9.95908 	0.506249 	0.0244883 	3.39065 	-8.33405e-21
10.0292 	0.506249 	0.0244883 	3.39065 	-8.33405e-21
10.0994 	0.506249 	0.0244883 	3.39065 	-8.33405e-21
10.1695 	0.506249 	0.0244883 	3.39065 	-8.33405e-21
10.2396 	0.506249 	0.0244883 	3.39065 	-8.33405e-21
10.3098 	0.506249 	0.0244883 	3.39065 	-8.33405e-21
10.3799 	0.472443 	0.0347871 	3.39783 	1.17785e-19
10.45 	0.472443 	0.0347871 	3.39783 	1.17785e-19
10.5202 	0.472443 	0.0347871 	3.39783 	1.17785e-19
10.5903 	0.472443 	0.0347871 	3.39783 	1.17785e-19
10.6604 	0.472443 	0.0347871 	3.39783 	1.17785e-19
10.7306 	0.472443 	0.0347871 	3.39783 	1.17785e-19
10.8007 	0.439126 	0.0375342 	3.41058 	-1.2511e-19
10.8708 	0.439126 	0.0375342 	3.41058 	-1.2511e-19
10.941 	0.439126 	0.0375342 	3.41058 	-1.2511e-19
11.0111 	0.439126 	0.0375342 	3.41058 	-1.2511e-19
11.0812 	0.439126 	0.0375342 	3.41058 	-1.2511e-19
11.1514 	0.439126 	0.0375342 	3.41058 	-1.2511e-19
11.2215 	0.439126 	0.0375342 	3.41058 	-1.2511e-19
11.2916 	0.405484 	0.0517068 	3.41727 	-2.00459e-19
11.3618 	0.405484 	0.0517068 	3.41727 	-2.00459e-19
11.4319 	0.405484 	0.0517068 	3.41727 	-2.00459e-19
11.502 	0.405484 	0.0517068 	3.41727 	-2.00459e-19
11.5722 	0.405484 	0.0517068 	3.41727 	-2.00459e-19
11.6423 	0.405484 	0.0517068 	3.41727 	-2.00459e-19
11.7124 	0.370901 	0.0582288 	3.43057 	1.94063e-19
11.7826 	0.370901 	0.0582288 	3.43057 	1.94063e-19
11.8527 	0.370901 	0.0582288 	3.43057 	1.94063e-19
11.9228 	0.370901 	0.0582288 	3.43057 	1.94063e-19
11.993 	0.370901 	0.0582288 	3.43057 	1.94063e-19
12.0631 	0.370901 	0.0582288 	3.43057 	1.94063e-19
12.1332 	0.333967 	0.0786545 	3.43785 	0
12.2034 	0.333967 	0.0786545 	3.43785 	0
12.2735 	0.333967 	0.0786545 	3.43785 	0
12.3437 	0.333967 	0.0786545 	3.43785 	0
12.4138 	0.333967 	0.0786545 	3.43785 	0
12.4839 	0.333967 	0.0786545 	3.43785 	0
12.5541 	0.333967 	0.0786545 	3.43785 	0
12.6242 	0.293604 	0.0898074 	3.45256 	-4.30786e-21
12.6943 	0.293604 	0.0898074 	3.45256 	-4.30786e-21
12.7645 	0.293604 	0.0898074 	3.45256 	-4.30786e-21
12.8346 	0.293604 	0.0898074 	3.45256 	-4.30786e-21
12.9047 	0.293604 	0.0898074 	3.45256 	-4.30786e-21
12.9749 	0.293604 	0.0898074 	3.45256 	-4.30786e-21
13.045 	0.248378 	0.119187 	3.46195 	4.42748e-21
13.1151 	0.248378 	0.119187 	3.46195 	4.42748e-21
13.1853 	0.248378 	0.119187 	3.46195 	4.42748e-21
13.2554 	0.248378 	0.119187 	3.46195 	4.42748e-21
13.3255 	0.248378 	0.119187 	3.46195 	4.42748e-21
13.3957 	0.248378 	0.119187 	3.46195 	4.42748e-21
13.4658 	0.248378 	0.119187 	3.46195 	4.42748e-21
13.5359 	0.197831 	0.13587 	3.47882 	0
13.6061 	0.197831 	0.13587 	3.47882 	0
13.6762 	0.197831 	0.13587 	3.47882 	0
13.7463 	0.197831 	0.13587 	3.47882 	0
13.8165 	0.197831 	0.13587 	3.47882 	0
13.8866 	0.197831 	0.13587 	3.47882 	0
13.9567 	0.142485 	0.190988 	3.49524 	1.01563e-21
14.0269 	0.142485 	0.190988 	3.49524 	1.01563e-21
14.097 	0.142485 	0.190988 	3.49524 	1.01563e-21
14.1671 	0.142485 	0.190988 	3.49524 	1.01563e-21
14.2373 	0.142485 	0.190988 	3.49524 	1.01563e-21
14.3074 	0.142485 	0.190988 	3.49524 	1.01563e-21
14.3776 	0.114312 	0.189199 	3.50044 	2.73974e-20
14.4477 	-0.00519969 	0.191395 	3.53323 	4.79721e-22
14.5178 	-0.00519969 	0.191395 	3.53323 	4.79721e-22
14.588 	-0.00519969 	0.191395 	3.53323 	4.79721e-22
14.6581 	0.0159898 	0.207254 	3.52535 	0
14.7282 	0.0159898 	0.207254 	3.52535 	0
14.7984 	-0.083684 	0.223928 	3.55401 	3.4326e-20
14.8685 	-0.0498691 	0.251994 	3.54211 	2.55766e-20
14.9386 	-0.0498691 	0.251994 	3.54211 	2.55766e-20
15.0088 	-0.0498691 	0.251994 	3.54211 	2.55766e-20
15.0789 	-0.0498691 	0.251994 	3.54211 	2.55766e-20
15.149 	-0.00809968 	0.272218 	3.53018 	-4.55644e-20
15.2192 	-0.123454 	0.294378 	3.56997 	-7.89892e-20
15.2893 	-0.123454 	0.294378 	3.56997 	-7.89892e-20
15.3594 	-0.123454 	0.294378 	3.56997 	-7.89892e-20
15.4296 	-0.0819603 	0.318936 	3.54677 	5.34083e-20
15.4997 	-0.0819603 	0.318936 	3.54677 	5.34083e-20
15.5698 	-0.19712 	0.334014 	3.58062 	-1.24119e-19
15.64 	-0.19712 	0.334014 	3.58062 	-1.24119e-19
15.7101 	-0.19712 	0.334014 	3.58062 	-1.24119e-19
15.7802 	-0.148387 	0.355813 	3.57411 	1.4087e-19
15.8504 	-0.148387 	0.355813 	3.57411 	1.4087e-19
15.9205 	-0.261499 	0.382557 	3.58764 	7.28528e-20
15.9906 	-0.261499 	0.382557 	3.58764 	7.28528e-20
16.0608 	-0.261499 	0.382557 	3.58764 	7.28528e-20
16.1309 	-0.199738 	0.411828 	3.56896 	0
16.201 	-0.199738 	0.411828 	3.56896 	0
16.2712 	-0.312153 	0.423919 	3.6003 	0
16.3413 	-0.312153 	0.423919 	3.6003 	0
16.4114 	-0.312153 	0.423919 	3.6003 	0
16.4816 	-0.312153 	0.423919 	3.6003 	0
16.5517 	-0.23007 	0.445642 	3.57566 	1.76056e-19
16.6219 	-0.336904 	0.482418 	3.60512 	6.61442e-20
16.692 	-0.336904 	0.482418 	3.60512 	6.61442e-20
16.7621 	-0.336904 	0.482418 	3.60512 	6.61442e-20
16.8323 	-0.336904 	0.482418 	3.60512 	6.61442e-20
16.9024 	-0.336904 	0.482418 	3.60512 	6.61442e-20
16.9725 	-0.327791 	0.535634 	3.59472 	0
17.0427 	-0.327791 	0.535634 	3.59472 	0
17.1128 	-0.327791 	0.535634 	3.59472 	0
17.1829 	-0.327791 	0.535634 	3.59472 	0
17.2531 	-0.419548 	0.571234 	3.61577 	0
17.3232 	-0.419548 	0.571234 	3.61577 	0
17.3933 	-0.419548 	0.571234 	3.61577 	0
17.4635 	-0.292831 	0.60494 	3.5885 	-1.3353e-19
17.5336 	-0.292831 	0.60494 	3.5885 	-1.3353e-19
17.6037 	-0.371844 	0.627027 	3.59787 	0
17.6739 	-0.371844 	0.627027 	3.59787 	0
17.744 	-0.371844 	0.627027 	3.59787 	0
17.8141 	-0.371844 	0.627027 	3.59787 	0
17.8843 	-0.371844 	0.627027 	3.59787 	0
17.9544 	-0.31158 	0.689865 	3.57865 	-2.61145e-19
18.0245 	-0.31158 	0.689865 	3.57865 	-2.61145e-19
18.0947 	-0.31158 	0.689865 	3.57865 	-2.61145e-19
18.1648 	-0.31158 	0.689865 	3.57865 	-2.61145e-19
18.2349 	-0.376268 	0.714837 	3.58795 	3.16126e-19
18.3051 	-0.376268 	0.714837 	3.58795 	3.16126e-19
18.3752 	-0.376268 	0.714837 	3.58795 	3.16126e-19
18.4453 	-0.376268 	0.714837 	3.58795 	3.16126e-19
18.5155 	-0.376268 	0.714837 	3.58795 	3.16126e-19
18.5856 	-0.31203 	0.7528 	3.56027 	3.98502e-19
18.6557 	-0.31203 	0.7528 	3.56027 	3.98502e-19
18.7259 	-0.31203 	0.7528 	3.56027 	3.98502e-19
18.796 	-0.31203 	0.7528 	3.56027 	3.98502e-19
18.8662 	-0.37367 	0.780194 	3.57099 	-4.78278e-19
18.9363 	-0.37367 	0.780194 	3.57099 	-4.78278e-19
19.0064 	-0.37367 	0.780194 	3.57099 	-4.78278e-19
19.0766 	-0.37367 	0.780194 	3.57099 	-4.78278e-19
19.1467 	-0.37367 	0.780194 	3.57099 	-4.78278e-19
19.2168 	-0.432394 	0.819705 	3.59046 	-1.99207e-19
19.287 	-0.302438 	0.797652 	3.52016 	-1.81107e-19
19.3571 	-0.302438 	0.797652 	3.52016 	-1.81107e-19
19.4272 	-0.302438 	0.797652 	3.52016 	-1.81107e-19
19.4974 	-0.302438 	0.797652 	3.52016 	-1.81107e-19
19.5675 	-0.360288 	0.829318 	3.53946 	-1.63184e-19
19.6376 	-0.360288 	0.829318 	3.53946 	-1.63184e-19
19.7078 	-0.360288 	0.829318 	3.53946 	-1.63184e-19
19.7779 	-0.360288 	0.829318 	3.53946 	-1.63184e-19
19.848 	-0.360288 	0.829318 	3.53946 	-1.63184e-19
19.9182 	-0.417238 	0.873675 	3.56532 	9.19086e-20
19.9883 	-0.417238 	0.873675 	3.56532 	9.19086e-20
20.0584 	-0.27965 	0.824662 	3.42581 	0
20.1286 	-0.27965 	0.824662 	3.42581 	0
20.1987 	-0.27965 	0.824662 	3.42581 	0
20.2688 	-0.337146 	0.861099 	3.46752 	-1.01697e-19
20.339 	-0.337146 	0.861099 	3.46752 	-1.01697e-19
20.4091 	-0.337146 	0.861099 	3.46752 	-1.01697e-19
20.4792 	-0.337146 	0.861099 	3.46752 	-1.01697e-19
20.5494 	-0.337146 	0.861099 	3.46752 	-1.01697e-19
20.6195 	-0.393412 	0.909125 	3.51287 	-3.3117e-20
20.6896 	-0.393412 	0.909125 	3.51287 	-3.3117e-20
20.7598 	-0.393412 	0.909125 	3.51287 	-3.3117e-20
20.8299 	-0.393412 	0.909125 	3.51287 	-3.3117e-20
20.9 	-0.26646 	0.823335 	3.16873 	-3.09015e-19
20.9702 	-0.312925 	0.871115 	3.27222 	-2.43776e-19
21.0403 	-0.312925 	0.871115 	3.27222 	-2.43776e-19
21.1105 	-0.312925 	0.871115 	3.27222 	-2.43776e-19
21.1806 	-0.312925 	0.871115 	3.27222 	-2.43776e-19
21.2507 	-0.312925 	0.871115 	3.27222 	-2.43776e-19
21.3209 	-0.36261 	0.917548 	3.35148 	1.38816e-19
21.391 	-0.36261 	0.917548 	3.35148 	1.38816e-19
21.4611 	-0.36261 	0.917548 	3.35148 	1.38816e-19
21.5313 	-0.36261 	0.917548 	3.35148 	1.38816e-19
21.6014 	-0.36261 	0.917548 	3.35148 	1.38816e-19
21.6715 	-0.36261 	0.917548 	3.35148 	1.38816e-19
21.7417 	-0.413237 	0.962775 	3.41144 	-1.15343e-19
21.8118 	-0.413237 	0.962775 	3.41144 	-1.15343e-19
21.8819 	-0.413237 	0.962775 	3.41144 	-1.15343e-19
21.9521 	-0.320174 	0.826019 	2.81697 	-7.23507e-20
22.0222 	-0.320174 	0.826019 	2.81697 	-7.23507e-20
22.0923 	-0.357494 	0.871771 	2.92446 	-4.41739e-19
22.1625 	-0.357494 	0.871771 	2.92446 	-4.41739e-19
22.2326 	-0.357494 	0.871771 	2.92446 	-4.41739e-19
22.3027 	-0.357494 	0.871771 	2.92446 	-4.41739e-19
22.3729 	-0.357494 	0.871771 	2.92446 	-4.41739e-19
22.443 	-0.357494 	0.871771 	2.92446 	-4.41739e-19
22.5131 	-0.394492 	0.933602 	3.07873 	-3.26764e-20
22.5833 	-0.394492 	0.933602 	3.07873 	-3.26764e-20
22.6534 	-0.394492 	0.933602 	3.07873 	-3.26764e-20
22.7235 	-0.394492 	0.933602 	3.07873 	-3.26764e-20
22.7937 	-0.394492 	0.933602 	3.07873 	-3.26764e-20
22.8638 	-0.429675 	0.977016 	3.15496 	2.48954e-19
22.9339 	-0.429675 	0.977016 	3.15496 	2.48954e-19
23.0041 	-0.429675 	0.977016 	3.15496 	2.48954e-19
23.0742 	-0.360966 	0.75879 	2.26119 	-3.19716e-19
23.1443 	-0.360966 	0.75879 	2.26119 	-3.19716e-19
23.2145 	-0.360966 	0.75879 	2.26119 	-3.19716e-19
23.2846 	-0.395277 	0.817757 	2.42915 	-8.0403e-20
23.3548 	-0.395277 	0.817757 	2.42915 	-8.0403e-20
23.4249 	-0.395277 	0.817757 	2.42915 	-8.0403e-20
23.495 	-0.395277 	0.817757 	2.42915 	-8.0403e-20
23.5652 	-0.395277 	0.817757 	2.42915 	-8.0403e-20
23.6353 	-0.395277 	0.817757 	2.42915 	-8.0403e-20
23.7054 	-0.428127 	0.854835 	2.49436 	-1.41812e-19
23.7756 	-0.428127 	0.854835 	2.49436 	-1.41812e-19
23.8457 	-0.428127 	0.854835 	2.49436 	-1.41812e-19
23.9158 	-0.428127 	0.854835 	2.49436 	-1.41812e-19
23.986 	-0.428127 	0.854835 	2.49436 	-1.41812e-19
24.0561 	-0.428127 	0.854835 	2.49436 	-1.41812e-19
24.1262 	-0.458943 	0.913016 	2.64277 	0
24.1964 	-0.458943 	0.913016 	2.64277 	0
24.2665 	-0.458943 	0.913016 	2.64277 	0
24.3366 	-0.458943 	0.913016 	2.64277 	0
24.4068 	-0.458943 	0.913016 	2.64277 	0
24.4769 	-0.411971 	0.682572 	1.85837 	-2.87289e-19
24.547 	-0.411971 	0.682572 	1.85837 	-2.87289e-19
24.6172 	-0.434437 	0.705328 	1.89066 	-4.53052e-19
24.6873 	-0.434437 	0.705328 	1.89066 	-4.53052e-19
24.7574 	-0.434437 	0.705328 	1.89066 	-4.53052e-19
24.8276 	-0.434437 	0.705328 	1.89066 	-4.53052e-19
24.8977 	-0.434437 	0.705328 	1.89066 	-4.53052e-19
24.9678 	-0.434437 	0.705328 	1.89066 	-4.53052e-19
25.038 	-0.455171 	0.745032 	1.96766 	1.46167e-19
25.1081 	-0.455171 	0.745032 	1.96766 	1.46167e-19
25.1782 	-0.455171 	0.745032 	1.96766 	1.46167e-19
25.2484 	-0.455171 	0.745032 	1.96766 	1.46167e-19
25.3185 	-0.455171 	0.745032 	1.96766 	1.46167e-19
25.3886 	-0.455171 	0.745032 	1.96766 	1.46167e-19
25.4588 	-0.476464 	0.765454 	1.99064 	0
25.5289 	-0.476464 	0.765454 	1.99064 	0
25.5991 	-0.476464 	0.765454 	1.99064 	0
25.6692 	-0.476464 	0.765454 	1.99064 	0
25.7393 	-0.476464 	0.765454 	1.99064 	0
25.8095 	-0.476464 	0.765454 	1.99064 	0
25.8796 	-0.476464 	0.765454 	1.99064 	0
25.9497 	-0.497953 	0.805668 	2.04504 	-3.19451e-19
26.0199 	-0.497953 	0.805668 	2.04504 	-3.19451e-19
26.09 	-0.495401 	0.629325 	1.61159 	-2.73144e-19
26.1601 	-0.495401 	0.629325 	1.61159 	-2.73144e-19
26.2303 	-0.495401 	0.629325 	1.61159 	-2.73144e-19
26.3004 	-0.495401 	0.629325 	1.61159 	-2.73144e-19
26.3705 	-0.495401 	0.629325 	1.61159 	-2.73144e-19
26.4407 	-0.51454 	0.636569 	1.6195 	6.49371e-19
26.5108 	-0.51454 	0.636569 	1.6195 	6.49371e-19
26.5809 	-0.51454 	0.636569 	1.6195 	6.49371e-19
26.6511 	-0.51454 	0.636569 	1.6195 	6.49371e-19
26.7212 	-0.51454 	0.636569 	1.6195 	6.49371e-19
26.7913 	-0.51454 	0.636569 	1.6195 	6.49371e-19
26.8615 	-0.51454 	0.636569 	1.6195 	6.49371e-19
26.9316 	-0.531211 	0.655756 	1.63209 	-3.86423e-19
27.0017 	-0.531211 	0.655756 	1.63209 	-3.86423e-19
27.0719 	-0.531211 	0.655756 	1.63209 	-3.86423e-19
27.142 	-0.531211 	0.655756 	1.63209 	-3.86423e-19
27.2121 	-0.531211 	0.655756 	1.63209 	-3.86423e-19
27.2823 	-0.531211 	0.655756 	1.63209 	-3.86423e-19
27.3524 	-0.544072 	0.662128 	1.62201 	-1.28112e-19
27.4225 	-0.544072 	0.662128 	1.62201 	-1.28112e-19
27.4927 	-0.544072 	0.662128 	1.62201 	-1.28112e-19
27.5628 	-0.544072 	0.662128 	1.62201 	-1.28112e-19
27.6329 	-0.544072 	0.662128 	1.62201 	-1.28112e-19
27.7031 	-0.544072 	0.662128 	1.62201 	-1.28112e-19
27.7732 	-0.544072 	0.662128 	1.62201 	-1.28112e-19
27.8434 	-0.544072 	0.662128 	1.62201 	-1.28112e-19
27.9135 	-0.549738 	0.677897 	1.61447 	-1.31446e-19
27.9836 	-0.549738 	0.677897 	1.61447 	-1.31446e-19
28.0538 	-0.549738 	0.677897 	1.61447 	-1.31446e-19
28.1239 	-0.549738 	0.677897 	1.61447 	-1.31446e-19
28.194 	-0.549738 	0.677897 	1.61447 	-1.31446e-19
28.2642 	-0.549738 	0.677897 	1.61447 	-1.31446e-19
28.3343 	-0.538756 	0.622956 	1.48527 	1.30978e-19
28.4044 	-0.54076 	0.627671 	1.47772 	-2.46095e-19
28.4746 	-0.54076 	0.627671 	1.47772 	-2.46095e-19
28.5447 	-0.54076 	0.627671 	1.47772 	-2.46095e-19
28.6148 	-0.54076 	0.627671 	1.47772 	-2.46095e-19
28.685 	-0.54076 	0.627671 	1.47772 	-2.46095e-19
28.7551 	-0.54076 	0.627671 	1.47772 	-2.46095e-19
28.8252 	-0.54076 	0.627671 	1.47772 	-2.46095e-19
28.8954 	-0.54076 	0.627671 	1.47772 	-2.46095e-19
28.9655 	-0.53699 	0.629002 	1.46918 	-2.42357e-19
29.0356 	-0.53699 	0.629002 	1.46918 	-2.42357e-19
29.1058 	-0.53699 	0.629002 	1.46918 	-2.42357e-19
29.1759 	-0.53699 	0.629002 	1.46918 	-2.42357e-19
29.246 	-0.53699 	0.629002 	1.46918 	-2.42357e-19
29.3162 	-0.53699 	0.629002 	1.46918 	-2.42357e-19
29.3863 	-0.53699 	0.629002 	1.46918 	-2.42357e-19
29.4564 	-0.525451 	0.62673 	1.45111 	2.26732e-19
29.5266 	-0.525451 	0.62673 	1.45111 	2.26732e-19
29.5967 	-0.525451 	0.62673 	1.45111 	2.26732e-19
29.6668 	-0.525451 	0.62673 	1.45111 	2.26732e-19
29.737 	-0.525451 	0.62673 	1.45111 	2.26732e-19
29.8071 	-0.525451 	0.62673 	1.45111 	2.26732e-19
29.8773 	-0.525451 	0.62673 	1.45111 	2.26732e-19
29.9474 	-0.525451 	0.62673 	1.45111 	2.26732e-19
30.0175 	-0.504902 	0.620554 	1.43021 	-2.10767e-19
30.0877 	-0.504902 	0.620554 	1.43021 	-2.10767e-19
30.1578 	-0.504902 	0.620554 	1.43021 	-2.10767e-19
30.2279 	-0.504902 	0.620554 	1.43021 	-2.10767e-19
30.2981 	-0.504902 	0.620554 	1.43021 	-2.10767e-19
30.3682 	-0.504902 	0.620554 	1.43021 	-2.10767e-19
30.4383 	-0.504902 	0.620554 	1.43021 	-2.10767e-19
30.5085 	-0.504902 	0.620554 	1.43021 	-2.10767e-19
30.5786 	-0.481303 	0.601405 	1.41244 	3.85413e-19
30.6487 	-0.481303 	0.601405 	1.41244 	3.85413e-19
30.7189 	-0.481303 	0.601405 	1.41244 	3.85413e-19
30.789 	-0.481303 	0.601405 	1.41244 	3.85413e-19
30.8591 	-0.481303 	0.601405 	1.41244 	3.85413e-19
30.9293 	-0.481303 	0.601405 	1.41244 	3.85413e-19
30.9994 	-0.481303 	0.601405 	1.41244 	3.85413e-19
31.0695 	-0.481303 	0.601405 	1.41244 	3.85413e-19
31.1397 	-0.457573 	0.574966 	1.40049 	-1.87998e-19
31.2098 	-0.457573 	0.574966 	1.40049 	-1.87998e-19
31.2799 	-0.457573 	0.574966 	1.40049 	-1.87998e-19
31.3501 	-0.457573 	0.574966 	1.40049 	-1.87998e-19
31.4202 	-0.457573 	0.574966 	1.40049 	-1.87998e-19
31.4903 	-0.457573 	0.574966 	1.40049 	-1.87998e-19
31.5605 	-0.501034 	0.561969 	1.42601 	3.19351e-19
31.6306 	-0.501034 	0.561969 	1.42601 	3.19351e-19
31.7007 	-0.482186 	0.541393 	1.41679 	-8.85396e-20
31.7709 	-0.482186 	0.541393 	1.41679 	-8.85396e-20
31.841 	-0.482186 	0.541393 	1.41679 	-8.85396e-20
31.9111 	-0.482186 	0.541393 	1.41679 	-8.85396e-20
31.9813 	-0.482186 	0.541393 	1.41679 	-8.85396e-20
32.0514 	-0.482186 	0.541393 	1.41679 	-8.85396e-20
32.1216 	-0.482186 	0.541393 	1.41679 	-8.85396e-20
32.1917 	-0.482186 	0.541393 	1.41679 	-8.85396e-20
32.2618 	-0.482186 	0.541393 	1.41679 	-8.85396e-20
32.332 	-0.464803 	0.519895 	1.41549 	0
32.4021 	-0.464803 	0.519895 	1.41549 	0
32.4722 	-0.464803 	0.519895 	1.41549 	0
32.5424 	-0.464803 	0.519895 	1.41549 	0
32.6125 	-0.464803 	0.519895 	1.41549 	0
32.6826 	-0.464803 	0.519895 	1.41549 	0
32.7528 	-0.464803 	0.519895 	1.41549 	0
32.8229 	-0.464803 	0.519895 	1.41549 	0
32.893 	-0.464803 	0.519895 	1.41549 	0
32.9632 	-0.451242 	0.497954 	1.41911 	0
33.0333 	-0.451242 	0.497954 	1.41911 	0
33.1034 	-0.451242 	0.497954 	1.41911 	0
33.1736 	-0.451242 	0.497954 	1.41911 	0
33.2437 	-0.451242 	0.497954 	1.41911 	0
33.3138 	-0.451242 	0.497954 	1.41911 	0
33.384 	-0.451242 	0.497954 	1.41911 	0
33.4541 	-0.451242 	0.497954 	1.41911 	0
33.5242 	-0.451242 	0.497954 	1.41911 	0
33.5944 	-0.442762 	0.478948 	1.42994 	4.30549e-20
33.6645 	-0.442762 	0.478948 	1.42994 	4.30549e-20
33.7346 	-0.442762 	0.478948 	1.42994 	4.30549e-20
33.8048 	-0.442762 	0.478948 	1.42994 	4.30549e-20
33.8749 	-0.442762 	0.478948 	1.42994 	4.30549e-20
33.945 	-0.442762 	0.478948 	1.42994 	4.30549e-20
34.0152 	-0.442762 	0.478948 	1.42994 	4.30549e-20
34.0853 	-0.442762 	0.478948 	1.42994 	4.30549e-20
34.1554 	-0.442762 	0.478948 	1.42994 	4.30549e-20
34.2256 	-0.439587 	0.467432 	1.43822 	-3.38697e-20
34.2957 	-0.439587 	0.467432 	1.43822 	-3.38697e-20
34.3659 	-0.439587 	0.467432 	1.43822 	-3.38697e-20
34.436 	-0.439587 	0.467432 	1.43822 	-3.38697e-20
34.5061 	-0.439587 	0.467432 	1.43822 	-3.38697e-20
34.5763 	-0.439587 	0.467432 	1.43822 	-3.38697e-20
34.6464 	-0.439587 	0.467432 	1.43822 	-3.38697e-20
34.7165 	-0.439587 	0.467432 	1.43822 	-3.38697e-20
34.7867 	-0.439587 	0.467432 	1.43822 	-3.38697e-20
34.8568 	-0.439587 	0.467432 	1.43822 	-3.38697e-20
34.9269 	-0.442516 	0.465203 	1.44897 	7.10419e-20
34.9971 	-0.442516 	0.465203 	1.44897 	7.10419e-20
35.0672 	-0.442516 	0.465203 	1.44897 	7.10419e-20
35.1373 	-0.442516 	0.465203 	1.44897 	7.10419e-20
35.2075 	-0.442516 	0.465203 	1.44897 	7.10419e-20
35.2776 	-0.442516 	0.465203 	1.44897 	7.10419e-20
35.3477 	-0.442516 	0.465203 	1.44897 	7.10419e-20
35.4179 	-0.442516 	0.465203 	1.44897 	7.10419e-20
35.488 	-0.442516 	0.465203 	1.44897 	7.10419e-20
35.5581 	-0.442516 	0.465203 	1.44897 	7.10419e-20
35.6283 	-0.454424 	0.471693 	1.45527 	-1.86532e-20
35.6984 	-0.454424 	0.471693 	1.45527 	-1.86532e-20
35.7685 	-0.454424 	0.471693 	1.45527 	-1.86532e-20
35.8387 	-0.454424 	0.471693 	1.45527 	-1.86532e-20
35.9088 	-0.454424 	0.471693 	1.45527 	-1.86532e-20
35.9789 	-0.454424 	0.471693 	1.45527 	-1.86532e-20
36.0491 	-0.454424 	0.471693 	1.45527 	-1.86532e-20
36.1192 	-0.454424 	0.471693 	1.45527 	-1.86532e-20
36.1893 	-0.454424 	0.471693 	1.45527 	-1.86532e-20
36.2595 	-0.454424 	0.471693 	1.45527 	-1.86532e-20
36.3296 	-0.481303 	0.492972 	1.46145 	1.72208e-20
36.3997 	-0.481303 	0.492972 	1.46145 	1.72208e-20
36.4699 	-0.481303 	0.492972 	1.46145 	1.72208e-20
36.54 	-0.481303 	0.492972 	1.46145 	1.72208e-20
36.6102 	-0.481303 	0.492972 	1.46145 	1.72208e-20
36.6803 	-0.481303 	0.492972 	1.46145 	1.72208e-20
36.7504 	-0.481303 	0.492972 	1.46145 	1.72208e-20
36.8206 	-0.481303 	0.492972 	1.46145 	1.72208e-20
36.8907 	-0.481303 	0.492972 	1.46145 	1.72208e-20
36.9608 	-0.481303 	0.492972 	1.46145 	1.72208e-20
37.031 	-0.481303 	0.492972 	1.46145 	1.72208e-20
37.1011 	-0.519817 	0.538118 	1.45218 	0
37.1712 	-0.519817 	0.538118 	1.45218 	0
37.2414 	-0.519817 	0.538118 	1.45218 	0
37.3115 	-0.519817 	0.538118 	1.45218 	0
37.3816 	-0.519817 	0.538118 	1.45218 	0
37.4518 	-0.519817 	0.538118 	1.45218 	0
37.5219 	-0.519817 	0.538118 	1.45218 	0
37.592 	-0.519817 	0.538118 	1.45218 	0
37.6622 	-0.574199 	0.618498 	1.4234 	0
37.7323 	-0.574199 	0.618498 	1.4234 	0
37.8024 	-0.574199 	0.618498 	1.4234 	0
37.8726 	-0.574199 	0.618498 	1.4234 	0
37.9427 	-0.574199 	0.618498 	1.4234 	0
38.0128 	-0.574199 	0.618498 	1.4234 	0
38.083 	-0.574199 	0.618498 	1.4234 	0
38.1531 	-0.574199 	0.618498 	1.4234 	0
38.2232 	-0.574199 	0.618498 	1.4234 	0
38.2934 	-0.652377 	0.704092 	1.37194 	0
38.3635 	-0.652377 	0.704092 	1.37194 	0
38.4336 	-0.652377 	0.704092 	1.37194 	0
38.5038 	-0.652377 	0.704092 	1.37194 	0
38.5739 	-0.652377 	0.704092 	1.37194 	0
38.644 	-0.652377 	0.704092 	1.37194 	0
38.7142 	-0.652377 	0.704092 	1.37194 	0
38.7843 	-0.652377 	0.704092 	1.37194 	0
38.8545 	-0.652377 	0.704092 	1.37194 	0
38.9246 	-0.759774 	0.773225 	1.30117 	0
38.9947 	-0.759774 	0.773225 	1.30117 	0
39.0649 	-0.759774 	0.773225 	1.30117 	0
39.135 	-0.759774 	0.773225 	1.30117 	0
39.2051 	-0.759774 	0.773225 	1.30117 	0
39.2753 	-0.759774 	0.773225 	1.30117 	0
39.3454 	-0.759774 	0.773225 	1.30117 	0
39.4155 	-0.759774 	0.773225 	1.30117 	0
39.4857 	-0.759774 	0.773225 	1.30117 	0
39.5558 	-0.898903 	0.806603 	1.22173 	0
39.6259 	-0.898903 	0.806603 	1.22173 	0
39.6961 	-0.898903 	0.806603 	1.22173 	0
39.7662 	-0.898903 	0.806603 	1.22173 	0
39.8363 	-0.898903 	0.806603 	1.22173 	0
39.9065 	-0.898903 	0.806603 	1.22173 	0
39.9766 	-0.898903 	0.806603 	1.22173 	0
40.0467 	-0.898903 	0.806603 	1.22173 	0
40.1169 	-1.07075 	0.7886 	1.14008 	0
40.187 	-1.07075 	0.7886 	1.14008 	0
40.2571 	-1.07075 	0.7886 	1.14008 	0
40.3273 	-1.07075 	0.7886 	1.14008 	0
40.3974 	-1.07075 	0.7886 	1.14008 	0
40.4675 	-1.07075 	0.7886 	1.14008 	0
40.5377 	-1.07075 	0.7886 	1.14008 	0
40.6078 	-1.07075 	0.7886 	1.14008 	0
40.6779 	-1.07075 	0.7886 	1.14008 	0
40.7481 	-1.26883 	0.711653 	1.06196 	0
40.8182 	-1.26883 	0.711653 	1.06196 	0
40.8883 	-1.26883 	0.711653 	1.06196 	0
40.9585 	-1.26883 	0.711653 	1.06196 	0
41.0286 	-1.26883 	0.711653 	1.06196 	0
41.0988 	-1.26883 	0.711653 	1.06196 	0
41.1689 	-1.26883 	0.711653 	1.06196 	0
41.239 	-1.26883 	0.711653 	1.06196 	0
41.3092 	-1.26883 	0.711653 	1.06196 	0
41.3793 	-1.45673 	0.571025 	0.997636 	0
41.4494 	-1.45673 	0.571025 	0.997636 	0
41.5196 	-1.45673 	0.571025 	0.997636 	0
41.5897 	-1.45673 	0.571025 	0.997636 	0
41.6598 	-1.45673 	0.571025 	0.997636 	0
41.73 	-1.45673 	0.571025 	0.997636 	0
41.8001 	-1.45673 	0.571025 	0.997636 	0
41.8702 	-1.45673 	0.571025 	0.997636 	0
41.9404 	-1.45673 	0.571025 	0.997636 	0
42.0105 	-1.6088 	0.37584 	0.960749 	0
42.0806 	-1.6088 	0.37584 	0.960749 	0
42.1508 	-1.6088 	0.37584 	0.960749 	0
42.2209 	-1.6088 	0.37584 	0.960749 	0
42.291 	-1.6088 	0.37584 	0.960749 	0
42.3612 	-1.6088 	0.37584 	0.960749 	0
42.4313 	-1.6088 	0.37584 	0.960749 	0
42.5014 	-1.6088 	0.37584 	0.960749 	0
42.5716 	-1.6088 	0.37584 	0.960749 	0
42.6417 	-1.69363 	0.144079 	0.954819 	0
42.7118 	-1.69363 	0.144079 	0.954819 	0
42.782 	-1.69363 	0.144079 	0.954819 	0
42.8521 	-1.69363 	0.144079 	0.954819 	0
42.9222 	-1.69363 	0.144079 	0.954819 	0
42.9924 	-1.69363 	0.144079 	0.954819 	0
43.0625 	-1.69363 	0.144079 	0.954819 	0
43.1327 	-1.69363 	0.144079 	0.954819 	0
43.2028 	-1.6946 	-0.101807 	0.974101 	0
43.2729 	-1.6946 	-0.101807 	0.974101 	0
43.3431 	-1.6946 	-0.101807 	0.974101 	0
43.4132 	-1.6946 	-0.101807 	0.974101 	0
43.4833 	-1.6946 	-0.101807 	0.974101 	0
43.5535 	-1.6946 	-0.101807 	0.974101 	0
43.6236 	-1.6946 	-0.101807 	0.974101 	0
43.6937 	-1.6946 	-0.101807 	0.974101 	0
43.7639 	-1.6946 	-0.101807 	0.974101 	0
43.834 	-1.62013 	-0.337257 	1.0161 	0
43.9041 	-1.62013 	-0.337257 	1.0161 	0
43.9743 	-1.62013 	-0.337257 	1.0161 	0
44.0444 	-1.62013 	-0.337257 	1.0161 	0
44.1145 	-1.62013 	-0.337257 	1.0161 	0
44.1847 	-1.62013 	-0.337257 	1.0161 	0
44.2548 	-1.62013 	-0.337257 	1.0161 	0
44.3249 	-1.62013 	-0.337257 	1.0161 	0
44.3951 	-1.62013 	-0.337257 	1.0161 	0
44.4652 	-1.47716 	-0.544397 	1.07782 	0
44.5353 	-1.47716 	-0.544397 	1.07782 	0
44.6055 	-1.47716 	-0.544397 	1.07782 	0
44.6756 	-1.47716 	-0.544397 	1.07782 	0
44.7457 	-1.47716 	-0.544397 	1.07782 	0
44.8159 	-1.47716 	-0.544397 	1.07782 	0
44.886 	-1.47716 	-0.544397 	1.07782 	0
44.9561 	-1.47716 	-0.544397 	1.07782 	0
45.0263 	-1.47716 	-0.544397 	1.07782 	0
45.0964 	-1.28274 	-0.711739 	1.15508 	0
45.1665 	-1.28274 	-0.711739 	1.15508 	0
45.2367 	-1.28274 	-0.711739 	1.15508 	0
45.3068 	-1.28274 	-0.711739 	1.15508 	0
45.377 	-1.28274 	-0.711739 	1.15508 	0
45.4471 	-1.28274 	-0.711739 	1.15508 	0
45.5172 	-1.28274 	-0.711739 	1.15508 	0
45.5874 	-1.28274 	-0.711739 	1.15508 	0
45.6575 	-1.05987 	-0.832185 	1.24272 	0
45.7276 	-1.05987 	-0.832185 	1.24272 	0
45.7978 	-1.05987 	-0.832185 	1.24272 	0
45.8679 	-1.05987 	-0.832185 	1.24272 	0
45.938 	-1.05987 	-0.832185 	1.24272 	0
46.0082 	-1.05987 	-0.832185 	1.24272 	0
46.0783 	-1.05987 	-0.832185 	1.24272 	0
46.1484 	-1.05987 	-0.832185 	1.24272 	0
46.2186 	-1.05987 	-0.832185 	1.24272 	0
46.2887 	-0.832105 	-0.902829 	1.33589 	0
46.3588 	-0.832105 	-0.902829 	1.33589 	0
46.429 	-0.832105 	-0.902829 	1.33589 	0
46.4991 	-0.832105 	-0.902829 	1.33589 	0
46.5692 	-0.832105 	-0.902829 	1.33589 	0
46.6394 	-0.832105 	-0.902829 	1.33589 	0
46.7095 	-0.832105 	-0.902829 	1.33589 	0
46.7796 	-0.928867 	-1.00535 	1.65558 	0
46.8498 	-0.928867 	-1.00535 	1.65558 	0
46.9199 	-0.681577 	-1.02933 	1.7153 	0
46.99 	-0.681577 	-1.02933 	1.7153 	0
47.0602 	-0.681577 	-1.02933 	1.7153 	0
47.1303 	-0.681577 	-1.02933 	1.7153 	0
47.2004 	-0.681577 	-1.02933 	1.7153 	0
47.2706 	-0.681577 	-1.02933 	1.7153 	0
47.3407 	-0.681577 	-1.02933 	1.7153 	0
47.4108 	-0.681577 	-1.02933 	1.7153 	0
47.481 	-0.681577 	-1.02933 	1.7153 	0
47.5511 	-0.462522 	-1.00166 	1.775 	0
47.6213 	-0.462522 	-1.00166 	1.775 	0
47.6914 	-0.462522 	-1.00166 	1.775 	0
47.7615 	-0.462522 	-1.00166 	1.775 	0
47.8317 	-0.462522 	-1.00166 	1.775 	0
47.9018 	-0.462522 	-1.00166 	1.775 	0
47.9719 	-0.462522 	-1.00166 	1.775 	0
48.0421 	-0.462522 	-1.00166 	1.775 	0
48.1122 	-0.462522 	-1.00166 	1.775 	0
48.1823 	-0.278654 	-0.920602 	1.83346 	0
48.2525 	-0.278654 	-0.920602 	1.83346 	0
48.3226 	-0.278654 	-0.920602 	1.83346 	0
48.3927 	-0.278654 	-0.920602 	1.83346 	0
48.4629 	-0.278654 	-0.920602 	1.83346 	0
48.533 	-0.278654 	-0.920602 	1.83346 	0
48.6031 	-0.278654 	-0.920602 	1.83346 	0
48.6733 	-0.278654 	-0.920602 	1.83346 	0
48.7434 	-0.159557 	-0.812788 	1.87651 	0
48.8135 	-0.159557 	-0.812788 	1.87651 	0
48.8837 	-0.159557 	-0.812788 	1.87651 	0
48.9538 	-0.159557 	-0.812788 	1.87651 	0
49.0239 	-0.159557 	-0.812788 	1.87651 	0
49.0941 	-0.159557 	-0.812788 	1.87651 	0
49.1642 	-0.159557 	-0.812788 	1.87651 	0
49.2343 	-0.159557 	-0.812788 	1.87651 	0
49.3045 	-0.159557 	-0.812788 	1.87651 	0
49.3746 	-0.0808812 	-0.702706 	1.90013 	0
49.4447 	-0.0808812 	-0.702706 	1.90013 	0
49.5149 	-0.0808812 	-0.702706 	1.90013 	0
49.585 	-0.0808812 	-0.702706 	1.90013 	0
49.6551 	-0.0808812 	-0.702706 	1.90013 	0
49.7253 	-0.0808812 	-0.702706 	1.90013 	0
49.7954 	-0.0808812 	-0.702706 	1.90013 	0
49.8656 	-0.0808812 	-0.702706 	1.90013 	0
49.9357 	-0.0808812 	-0.702706 	1.90013 	0
50.0058 	-0.0297308 	-0.601011 	1.91096 	0
50.076 	-0.0297308 	-0.601011 	1.91096 	0
50.1461 	-0.0297308 	-0.601011 	1.91096 	0
50.2162 	-0.0297308 	-0.601011 	1.91096 	0
50.2864 	-0.0297308 	-0.601011 	1.91096 	0
50.3565 	-0.0297308 	-0.601011 	1.91096 	0
50.4266 	-0.0297308 	-0.601011 	1.91096 	0
50.4968 	-0.0297308 	-0.601011 	1.91096 	0
50.5669 	-0.0297308 	-0.601011 	1.91096 	0
50.637 	0.00217114 	-0.511529 	1.91409 	0
50.7072 	0.00217114 	-0.511529 	1.91409 	0
50.7773 	0.00217114 	-0.511529 	1.91409 	0
50.8474 	0.00217114 	-0.511529 	1.91409 	0
50.9176 	0.00217114 	-0.511529 	1.91409 	0
50.9877 	0.00217114 	-0.511529 	1.91409 	0
51.0578 	0.00217114 	-0.511529 	1.91409 	0
51.128 	0.00217114 	-0.511529 	1.91409 	0
51.1981 	0.00217114 	-0.511529 	1.91409 	0
51.2682 	0.0214919 	-0.434799 	1.91282 	0
51.3384 	0.0214919 	-0.434799 	1.91282 	0
51.4085 	0.0214919 	-0.434799 	1.91282 	0
51.4786 	0.0214919 	-0.434799 	1.91282 	0
51.5488 	0.0214919 	-0.434799 	1.91282 	0
51.6189 	0.0214919 	-0.434799 	1.91282 	0
51.689 	0.0214919 	-0.434799 	1.91282 	0
51.7592 	0.0214919 	-0.434799 	1.91282 	0
51.8293 	0.0328315 	-0.369996 	1.90927 	0
51.8994 	0.0328315 	-0.369996 	1.90927 	0
51.9696 	0.0328315 	-0.369996 	1.90927 	0
52.0397 	0.0328315 	-0.369996 	1.90927 	0
52.1099 	0.0328315 	-0.369996 	1.90927 	0
52.18 	0.0328315 	-0.369996 	1.90927 	0
52.2501 	0.0328315 	-0.369996 	1.90927 	0
52.3203 	0.0328315 	-0.369996 	1.90927 	0
52.3904 	0.0328315 	-0.369996 	1.90927 	0
52.4605 	0.0391582 	-0.315686 	1.90466 	0
52.5307 	0.0391582 	-0.315686 	1.90466 	0
52.6008 	0.0391582 	-0.315686 	1.90466 	0
52.6709 	0.0391582 	-0.315686 	1.90466 	0
52.7411 	0.0391582 	-0.315686 	1.90466 	0
52.8112 	0.0391582 	-0.315686 	1.90466 	0
52.8813 	0.0391582 	-0.315686 	1.90466 	0
52.9515 	0.0391582 	-0.315686 	1.90466 	0
53.0216 	0.0391582 	-0.315686 	1.90466 	0
53.0917 	0.0423378 	-0.270357 	1.89966 	0
53.1619 	0.0423378 	-0.270357 	1.89966 	0
53.232 	0.0423378 	-0.270357 	1.89966 	0
53.3021 	0.0423378 	-0.270357 	1.89966 	0
53.3723 	0.0423378 	-0.270357 	1.89966 	0
53.4424 	0.0423378 	-0.270357 	1.89966 	0
53.5125 	0.0423378 	-0.270357 	1.89966 	0
53.5827 	0.0423378 	-0.270357 	1.89966 	0
53.6528 	0.0423378 	-0.270357 	1.89966 	0
53.7229 	0.0435181 	-0.232462 	1.89468 	0
53.7931 	0.0435181 	-0.232462 	1.89468 	0
53.8632 	0.0435181 	-0.232462 	1.89468 	0
53.9333 	0.0435181 	-0.232462 	1.89468 	0
54.0035 	0.0435181 	-0.232462 	1.89468 	0
54.0736 	0.0435181 	-0.232462 	1.89468 	0
54.1437 	0.0435181 	-0.232462 	1.89468 	0
54.2139 	0.0435181 	-0.232462 	1.89468 	0
54.284 	0.0434347 	-0.200737 	1.88994 	0
54.3542 	0.0434347 	-0.200737 	1.88994 	0
54.4243 	0.0434347 	-0.200737 	1.88994 	0
54.4944 	0.0434347 	-0.200737 	1.88994 	0
54.5646 	0.0434347 	-0.200737 	1.88994 	0
54.6347 	0.0434347 	-0.200737 	1.88994 	0
54.7048 	0.0434347 	-0.200737 	1.88994 	0
54.775 	0.0434347 	-0.200737 	1.88994 	0
54.8451 	0.0434347 	-0.200737 	1.88994 	0
54.9152 	0.0425932 	-0.173978 	1.88555 	0
54.9854 	0.0425932 	-0.173978 	1.88555 	0
55.0555 	0.0425932 	-0.173978 	1.88555 	0
55.1256 	0.0425932 	-0.173978 	1.88555 	0
55.1958 	0.0425932 	-0.173978 	1.88555 	0
55.2659 	0.0425932 	-0.173978 	1.88555 	0
55.336 	0.0425932 	-0.173978 	1.88555 	0
55.4062 	0.0425932 	-0.173978 	1.88555 	0
55.4763 	0.0425932 	-0.173978 	1.88555 	0
55.5464 	0.0413211 	-0.151315 	1.88155 	0
55.6166 	0.0413211 	-0.151315 	1.88155 	0
55.6867 	0.0413211 	-0.151315 	1.88155 	0
55.7568 	0.0413211 	-0.151315 	1.88155 	0
55.827 	0.0413211 	-0.151315 	1.88155 	0
55.8971 	0.0413211 	-0.151315 	1.88155 	0
55.9672 	0.0413211 	-0.151315 	1.88155 	0
56.0374 	0.0413211 	-0.151315 	1.88155 	0
56.1075 	0.0413211 	-0.151315 	1.88155 	0
56.1776 	0.0397868 	-0.131874 	1.87802 	0
56.2478 	0.0397868 	-0.131874 	1.87802 	0
56.3179 	0.0397868 	-0.131874 	1.87802 	0
56.3881 	0.0397868 	-0.131874 	1.87802 	0
56.4582 	0.0397868 	-0.131874 	1.87802 	0
56.5283 	0.0397868 	-0.131874 	1.87802 	0
56.5985 	0.0397868 	-0.131874 	1.87802 	0
56.6686 	0.0397868 	-0.131874 	1.87802 	0
56.7387 	0.0397868 	-0.131874 	1.87802 	0
56.8089 	0.0380654 	-0.115167 	1.87498 	0
56.879 	0.0380654 	-0.115167 	1.87498 	0
56.9491 	0.0380654 	-0.115167 	1.87498 	0
57.0193 	0.0380654 	-0.115167 	1.87498 	0
57.0894 	0.0380654 	-0.115167 	1.87498 	0
57.1595 	0.0380654 	-0.115167 	1.87498 	0
57.2297 	0.0380654 	-0.115167 	1.87498 	0
57.2998 	0.0380654 	-0.115167 	1.87498 	0
57.3699 	0.036215 	-0.100616 	1.87241 	0
57.4401 	0.036215 	-0.100616 	1.87241 	0
57.5102 	0.036215 	-0.100616 	1.87241 	0
57.5803 	0.036215 	-0.100616 	1.87241 	0
57.6505 	0.036215 	-0.100616 	1.87241 	0
57.7206 	0.036215 	-0.100616 	1.87241 	0
57.7907 	0.036215 	-0.100616 	1.87241 	0
57.8609 	0.036215 	-0.100616 	1.87241 	0
57.931 	0.036215 	-0.100616 	1.87241 	0
58.0011 	0.0342984 	-0.0880301 	1.87026 	0
58.0713 	0.0342984 	-0.0880301 	1.87026 	0
58.1414 	0.0342984 	-0.0880301 	1.87026 	0
58.2115 	0.0342984 	-0.0880301 	1.87026 	0
58.2817 	0.0342984 	-0.0880301 	1.87026 	0
58.3518 	0.0342984 	-0.0880301 	1.87026 	0
58.4219 	0.0342984 	-0.0880301 	1.87026 	0
58.4921 	0.0342984 	-0.0880301 	1.87026 	0
58.5622 	0.0342984 	-0.0880301 	1.87026 	0
58.6324 	0.0323586 	-0.0769605 	1.86846 	0
58.7025 	0.0323586 	-0.0769605 	1.86846 	0
58.7726 	0.0323586 	-0.0769605 	1.86846 	0
58.8428 	0.0323586 	-0.0769605 	1.86846 	0
58.9129 	0.0323586 	-0.0769605 	1.86846 	0
58.983 	0.0323586 	-0.0769605 	1.86846 	0
59.0532 	0.0323586 	-0.0769605 	1.86846 	0
59.1233 	0.0323586 	-0.0769605 	1.86846 	0
59.1934 	0.0323586 	-0.0769605 	1.86846 	0
59.2636 	0.0304076 	-0.0673935 	1.86697 	0
59.3337 	0.0304076 	-0.0673935 	1.86697 	0
59.4038 	0.0304076 	-0.0673935 	1.86697 	0
59.474 	0.0304076 	-0.0673935 	1.86697 	0
59.5441 	0.0304076 	-0.0673935 	1.86697 	0
59.6142 	0.0304076 	-0.0673935 	1.86697 	0
59.6844 	0.0304076 	-0.0673935 	1.86697 	0
59.7545 	0.0304076 	-0.0673935 	1.86697 	0
59.8246 	0.0284446 	-0.0589085 	1.86572 	0
59.8948 	0.0284446 	-0.0589085 	1.86572 	0
59.9649 	0.0284446 	-0.0589085 	1.86572 	0
60.035 	0.0284446 	-0.0589085 	1.86572 	0
60.1052 	0.0284446 	-0.0589085 	1.86572 	0
60.1753 	0.0284446 	-0.0589085 	1.86572 	0
60.2454 	0.0284446 	-0.0589085 	1.86572 	0
60.3156 	0.0284446 	-0.0589085 	1.86572 	0
60.3857 	0.0284446 	-0.0589085 	1.86572 	0
60.4558 	0.0264735 	-0.0516324 	1.86469 	0
60.526 	0.0264735 	-0.0516324 	1.86469 	0
60.5961 	0.0264735 	-0.0516324 	1.86469 	0
60.6662 	0.0264735 	-0.0516324 	1.86469 	0
60.7364 	0.0264735 	-0.0516324 	1.86469 	0
60.8065 	0.0264735 	-0.0516324 	1.86469 	0
60.8767 	0.0264735 	-0.0516324 	1.86469 	0
60.9468 	0.0264735 	-0.0516324 	1.86469 	0
61.0169 	0.0264735 	-0.0516324 	1.86469 	0
61.0871 	0.0245019 	-0.0451094 	1.86382 	0
61.1572 	0.0245019 	-0.0451094 	1.86382 	0
61.2273 	0.0245019 	-0.0451094 	1.86382 	0
61.2975 	0.0245019 	-0.0451094 	1.86382 	0
61.3676 	0.0245019 	-0.0451094 	1.86382 	0
61.4377 	0.0245019 	-0.0451094 	1.86382 	0
61.5079 	0.0245019 	-0.0451094 	1.86382 	0
61.578 	0.0245019 	-0.0451094 	1.86382 	0
61.6481 	0.0245019 	-0.0451094 	1.86382 	0
61.7183 	0.0225341 	-0.0395998 	1.8631 	0
61.7884 	0.0225341 	-0.0395998 	1.8631 	0
61.8585 	0.0225341 	-0.0395998 	1.8631 	0
61.9287 	0.0225341 	-0.0395998 	1.8631 	0
61.9988 	0.0225341 	-0.0395998 	1.8631 	0
62.0689 	0.0225341 	-0.0395998 	1.8631 	0
62.1391 	0.0225341 	-0.0395998 	1.8631 	0
62.2092 	0.0225341 	-0.0395998 	1.8631 	0
62.2793 	0.0225341 	-0.0395998 	1.8631 	0
62.3495 	0.0205697 	-0.0345639 	1.86246 	0
62.4196 	0.0205697 	-0.0345639 	1.86246 	0
62.4897 	0.0205697 	-0.0345639 	1.86246 	0
62.5599 	0.0205697 	-0.0345639 	1.86246 	0
62.63 	0.0205697 	-0.0345639 	1.86246 	0
62.7001 	0.0205697 	-0.0345639 	1.86246 	0
62.7703 	0.0205697 	-0.0345639 	1.86246 	0
62.8404 	0.0205697 	-0.0345639 	1.86246 	0
62.9105 	0.018608 	-0.0304273 	1.86195 	0
62.9807 	0.018608 	-0.0304273 	1.86195 	0
63.0508 	0.018608 	-0.0304273 	1.86195 	0
63.121 	0.018608 	-0.0304273 	1.86195 	0
63.1911 	0.018608 	-0.0304273 	1.86195 	0
63.2612 	0.018608 	-0.0304273 	1.86195 	0
63.3314 	0.018608 	-0.0304273 	1.86195 	0
63.4015 	0.018608 	-0.0304273 	1.86195 	0
63.4716 	0.018608 	-0.0304273 	1.86195 	0
63.5418 	0.0166479 	-0.0265162 	1.86148 	0
63.6119 	0.0166479 	-0.0265162 	1.86148 	0
63.682 	0.0166479 	-0.0265162 	1.86148 	0
63.7522 	0.0166479 	-0.0265162 	1.86148 	0
63.8223 	0.0166479 	-0.0265162 	1.86148 	0
63.8924 	0.0166479 	-0.0265162 	1.86148 	0
63.9626 	0.0166479 	-0.0265162 	1.86148 	0
64.0327 	0.0166479 	-0.0265162 	1.86148 	0
64.1028 	0.0166479 	-0.0265162 	1.86148 	0
64.173 	0.0146891 	-0.0234596 	1.86112 	0
64.2431 	0.0146891 	-0.0234596 	1.86112 	0
64.3132 	0.0146891 	-0.0234596 	1.86112 	0
64.3834 	0.0146891 	-0.0234596 	1.86112 	0
64.4535 	0.0146891 	-0.0234596 	1.86112 	0
64.5236 	0.0146891 	-0.0234596 	1.86112 	0
64.5938 	0.0146891 	-0.0234596 	1.86112 	0
64.6639 	0.0146891 	-0.0234596 	1.86112 	0
64.734 	0.0146891 	-0.0234596 	1.86112 	0
64.8042 	0.0127315 	-0.0203838 	1.86075 	0
64.8743 	0.0127315 	-0.0203838 	1.86075 	0
64.9444 	0.0127315 	-0.0203838 	1.86075 	0
65.0146 	0.0127315 	-0.0203838 	1.86075 	0
65.0847 	0.0127315 	-0.0203838 	1.86075 	0
65.1548 	0.0127315 	-0.0203838 	1.86075 	0
65.225 	0.0127315 	-0.0203838 	1.86075 	0
65.2951 	0.0123848 	-0.0196694 	1.86413 	0
65.3653 	0.0123848 	-0.0196694 	1.86413 	0
65.4354 	0.0104834 	-0.0175502 	1.86349 	0
65.5055 	0.0104834 	-0.0175502 	1.86349 	0
65.5757 	0.0104834 	-0.0175502 	1.86349 	0
65.6458 	0.0104834 	-0.0175502 	1.86349 	0
65.7159 	0.0104834 	-0.0175502 	1.86349 	0
65.7861 	0.0104834 	-0.0175502 	1.86349 	0
65.8562 	0.0104834 	-0.0175502 	1.86349 	0
65.9263 	0.0104834 	-0.0175502 	1.86349 	0
65.9965 	0.00858248 	-0.0151608 	1.86275 	0
66.0666 	0.00858248 	-0.0151608 	1.86275 	0
66.1367 	0.00858248 	-0.0151608 	1.86275 	0
66.2069 	0.00858248 	-0.0151608 	1.86275 	0
66.277 	0.00858248 	-0.0151608 	1.86275 	0
66.3471 	0.00858248 	-0.0151608 	1.86275 	0
66.4173 	0.00858248 	-0.0151608 	1.86275 	0
66.4874 	0.00858248 	-0.0151608 	1.86275 	0
66.5575 	0.00858248 	-0.0151608 	1.86275 	0
66.6277 	0.00668174 	-0.013704 	1.86231 	0
66.6978 	0.00668174 	-0.013704 	1.86231 	0
66.7679 	0.00668174 	-0.013704 	1.86231 	0
66.8381 	0.00668174 	-0.013704 	1.86231 	0
66.9082 	0.00668174 	-0.013704 	1.86231 	0
66.9783 	0.00668174 	-0.013704 	1.86231 	0
67.0485 	0.00668174 	-0.013704 	1.86231 	0
67.1186 	0.00668174 	-0.013704 	1.86231 	0
67.1887 	0.00668174 	-0.013704 	1.86231 	0
67.2589 	0.00477806 	-0.0116987 	1.86168 	0
67.329 	0.00477806 	-0.0116987 	1.86168 	0
67.3991 	0.00477806 	-0.0116987 	1.86168 	0
67.4693 	0.00477806 	-0.0116987 	1.86168 	0
67.5394 	0.00477806 	-0.0116987 	1.86168 	0
67.6096 	0.00477806 	-0.0116987 	1.86168 	0
67.6797 	0.00477806 	-0.0116987 	1.86168 	0
67.7498 	0.00477806 	-0.0116987 	1.86168 	0
67.82 	0.00477806 	-0.0116987 	1.86168 	0
67.8901 	0.00286827 	-0.0108024 	1.86142 	0
67.9602 	0.00286827 	-0.0108024 	1.86142 	0
68.0304 	0.00286827 	-0.0108024 	1.86142 	0
68.1005 	0.00286827 	-0.0108024 	1.86142 	0
68.1706 	0.00286827 	-0.0108024 	1.86142 	0
68.2408 	0.00286827 	-0.0108024 	1.86142 	0
68.3109 	0.00286827 	-0.0108024 	1.86142 	0
68.381 	0.00286827 	-0.0108024 	1.86142 	0
68.4512 	0.000944172 	-0.00884893 	1.8608 	0
68.5213 	0.000944172 	-0.00884893 	1.8608 	0
68.5914 	0.000944172 	-0.00884893 	1.8608 	0
68.6616 	0.000944172 	-0.00884893 	1.8608 	0
68.7317 	0.000944172 	-0.00884893 	1.8608 	0
68.8018 	0.000944172 	-0.00884893 	1.8608 	0
68.872 	0.000944172 	-0.00884893 	1.8608 	0
68.9421 	0.000944172 	-0.00884893 	1.8608 	0
69.0122 	0.000944172 	-0.00884893 	1.8608 	0
