0.490941 	1.38876 	0.00581448 	3.0006 	-4.2707e-20
0.561075 	1.38876 	0.00581448 	3.0006 	-4.2707e-20
0.63121 	1.38876 	0.00581448 	3.0006 	-4.2707e-20
0.701344 	1.38876 	0.00581448 	3.0006 	-4.2707e-20
0.771478 	1.38876 	0.00581448 	3.0006 	-4.2707e-20
0.841613 	1.38876 	0.00581448 	3.0006 	-4.2707e-20
0.911747 	1.38876 	0.00581448 	3.0006 	-4.2707e-20
0.981881 	1.38876 	0.00581448 	3.0006 	-4.2707e-20
1.05202 	1.38876 	0.00581448 	3.0006 	-4.2707e-20
1.12215 	1.38876 	0.00581448 	3.0006 	-4.2707e-20
1.19228 	1.38876 	0.00581448 	3.0006 	-4.2707e-20
1.26242 	1.38876 	0.00581448 	3.0006 	-4.2707e-20
1.33255 	1.34945 	0.013936 	3.01464 	-4.30439e-20
1.40269 	1.34945 	0.013936 	3.01464 	-4.30439e-20
1.47282 	1.34945 	0.013936 	3.01464 	-4.30439e-20
1.54296 	1.34945 	0.013936 	3.01464 	-4.30439e-20
1.61309 	1.34945 	0.013936 	3.01464 	-4.30439e-20
1.68323 	1.34945 	0.013936 	3.01464 	-4.30439e-20
1.75336 	1.34945 	0.013936 	3.01464 	-4.30439e-20
1.82349 	1.34945 	0.013936 	3.01464 	-4.30439e-20
1.89363 	1.34945 	0.013936 	3.01464 	-4.30439e-20
1.96376 	1.34945 	0.013936 	3.01464 	-4.30439e-20
2.0339 	1.34945 	0.013936 	3.01464 	-4.30439e-20
2.10403 	1.34945 	0.013936 	3.01464 	-4.30439e-20
2.17417 	1.28869 	0.014303 	3.03158 	9.05939e-20
2.2443 	1.28869 	0.014303 	3.03158 	9.05939e-20
2.31443 	1.28869 	0.014303 	3.03158 	9.05939e-20
2.38457 	1.28869 	0.014303 	3.03158 	9.05939e-20
2.4547 	1.28869 	0.014303 	3.03158 	9.05939e-20
2.52484 	1.28869 	0.014303 	3.03158 	9.05939e-20
2.59497 	1.28869 	0.014303 	3.03158 	9.05939e-20
2.66511 	1.28869 	0.014303 	3.03158 	9.05939e-20
2.73524 	1.28869 	0.014303 	3.03158 	9.05939e-20
2.80538 	1.28869 	0.014303 	3.03158 	9.05939e-20
2.87551 	1.28869 	0.014303 	3.03158 	9.05939e-20
2.94564 	1.28869 	0.014303 	3.03158 	9.05939e-20
3.01578 	1.21473 	0.0163064 	3.05916 	-1.03243e-20
3.08591 	1.21473 	0.0163064 	3.05916 	-1.03243e-20
3.15605 	1.21473 	0.0163064 	3.05916 	-1.03243e-20
3.22618 	1.21473 	0.0163064 	3.05916 	-1.03243e-20
3.29632 	1.21473 	0.0163064 	3.05916 	-1.03243e-20
3.36645 	1.21473 	0.0163064 	3.05916 	-1.03243e-20
3.43659 	1.21473 	0.0163064 	3.05916 	-1.03243e-20
3.50672 	1.21473 	0.0163064 	3.05916 	-1.03243e-20
3.57685 	1.21473 	0.0163064 	3.05916 	-1.03243e-20
3.64699 	1.21473 	0.0163064 	3.05916 	-1.03243e-20
3.71712 	1.21473 	0.0163064 	3.05916 	-1.03243e-20
3.78726 	1.20752 	0.00724038 	3.05521 	2.02515e-20
3.85739 	1.12863 	-0.000869715 	3.08452 	-1.45671e-19
3.92753 	1.12863 	-0.000869715 	3.08452 	-1.45671e-19
3.99766 	1.12863 	-0.000869715 	3.08452 	-1.45671e-19
4.06779 	1.12863 	-0.000869715 	3.08452 	-1.45671e-19
4.13793 	1.12863 	-0.000869715 	3.08452 	-1.45671e-19
4.20806 	1.12863 	-0.000869715 	3.08452 	-1.45671e-19
4.2782 	1.12863 	-0.000869715 	3.08452 	-1.45671e-19
4.34833 	1.12863 	-0.000869715 	3.08452 	-1.45671e-19
4.41847 	1.12863 	-0.000869715 	3.08452 	-1.45671e-19
4.4886 	1.12863 	-0.000869715 	3.08452 	-1.45671e-19
4.55874 	1.12863 	-0.000869715 	3.08452 	-1.45671e-19
4.62887 	1.12863 	-0.000869715 	3.08452 	-1.45671e-19
4.699 	1.12863 	-0.000869715 	3.08452 	-1.45671e-19
4.76914 	1.04991 	0.00566109 	3.10628 	2.81008e-19
4.83927 	1.04991 	0.00566109 	3.10628 	2.81008e-19
4.90941 	1.04991 	0.00566109 	3.10628 	2.81008e-19
4.97954 	1.04991 	0.00566109 	3.10628 	2.81008e-19
5.04968 	1.04991 	0.00566109 	3.10628 	2.81008e-19
5.11981 	1.04991 	0.00566109 	3.10628 	2.81008e-19
5.18994 	1.04991 	0.00566109 	3.10628 	2.81008e-19
5.26008 	1.04991 	0.00566109 	3.10628 	2.81008e-19
5.33021 	1.04991 	0.00566109 	3.10628 	2.81008e-19
5.40035 	1.04991 	0.00566109 	3.10628 	2.81008e-19
5.47048 	1.04991 	0.00566109 	3.10628 	2.81008e-19
5.54062 	1.04991 	0.00566109 	3.10628 	2.81008e-19
5.61075 	0.975281 	-0.00217423 	3.13398 	-1.35109e-19
5.68089 	0.975281 	-0.00217423 	3.13398 	-1.35109e-19
5.75102 	0.975281 	-0.00217423 	3.13398 	-1.35109e-19
5.82115 	0.975281 	-0.00217423 	3.13398 	-1.35109e-19
5.89129 	0.975281 	-0.00217423 	3.13398 	-1.35109e-19
5.96142 	0.975281 	-0.00217423 	3.13398 	-1.35109e-19
6.03156 	0.975281 	-0.00217423 	3.13398 	-1.35109e-19
6.10169 	0.975281 	-0.00217423 	3.13398 	-1.35109e-19
6.17183 	0.975281 	-0.00217423 	3.13398 	-1.35109e-19
6.24196 	0.975281 	-0.00217423 	3.13398 	-1.35109e-19
6.3121 	0.975281 	-0.00217423 	3.13398 	-1.35109e-19
6.38223 	0.975281 	-0.00217423 	3.13398 	-1.35109e-19
6.45236 	0.904003 	0.00561545 	3.1529 	0
6.5225 	0.904003 	0.00561545 	3.1529 	0
6.59263 	0.904003 	0.00561545 	3.1529 	0
6.66277 	0.904003 	0.00561545 	3.1529 	0
6.7329 	0.904003 	0.00561545 	3.1529 	0
6.80304 	0.904003 	0.00561545 	3.1529 	0
6.87317 	0.904003 	0.00561545 	3.1529 	0
6.9433 	0.904003 	0.00561545 	3.1529 	0
7.01344 	0.904003 	0.00561545 	3.1529 	0
7.08357 	0.904003 	0.00561545 	3.1529 	0
7.15371 	0.904003 	0.00561545 	3.1529 	0
7.22384 	0.904003 	0.00561545 	3.1529 	0
7.29398 	0.836076 	-0.00104033 	3.1783 	0
7.36411 	0.836076 	-0.00104033 	3.1783 	0
7.43425 	0.836076 	-0.00104033 	3.1783 	0
7.50438 	0.836076 	-0.00104033 	3.1783 	0
7.57451 	0.836076 	-0.00104033 	3.1783 	0
7.64465 	0.836076 	-0.00104033 	3.1783 	0
7.71478 	0.836076 	-0.00104033 	3.1783 	0
7.78492 	0.836076 	-0.00104033 	3.1783 	0
7.85505 	0.836076 	-0.00104033 	3.1783 	0
7.92519 	0.836076 	-0.00104033 	3.1783 	0
7.99532 	0.836076 	-0.00104033 	3.1783 	0
8.06545 	0.836076 	-0.00104033 	3.1783 	0
8.13559 	0.836076 	-0.00104033 	3.1783 	0
8.20572 	0.768956 	0.00859254 	3.19551 	3.78963e-22
8.27586 	0.768956 	0.00859254 	3.19551 	3.78963e-22
8.34599 	0.768956 	0.00859254 	3.19551 	3.78963e-22
8.41613 	0.768956 	0.00859254 	3.19551 	3.78963e-22
8.48626 	0.768956 	0.00859254 	3.19551 	3.78963e-22
8.5564 	0.768956 	0.00859254 	3.19551 	3.78963e-22
8.62653 	0.768956 	0.00859254 	3.19551 	3.78963e-22
8.69666 	0.768956 	0.00859254 	3.19551 	3.78963e-22
8.7668 	0.768956 	0.00859254 	3.19551 	3.78963e-22
8.83693 	0.768956 	0.00859254 	3.19551 	3.78963e-22
8.90707 	0.768956 	0.00859254 	3.19551 	3.78963e-22
8.9772 	0.768956 	0.00859254 	3.19551 	3.78963e-22
9.04734 	0.702583 	0.00460597 	3.22024 	1.78594e-19
9.11747 	0.702583 	0.00460597 	3.22024 	1.78594e-19
9.18761 	0.702583 	0.00460597 	3.22024 	1.78594e-19
9.25774 	0.702583 	0.00460597 	3.22024 	1.78594e-19
9.32787 	0.702583 	0.00460597 	3.22024 	1.78594e-19
9.39801 	0.702583 	0.00460597 	3.22024 	1.78594e-19
9.46814 	0.702583 	0.00460597 	3.22024 	1.78594e-19
9.53828 	0.702583 	0.00460597 	3.22024 	1.78594e-19
9.60841 	0.702583 	0.00460597 	3.22024 	1.78594e-19
9.67855 	0.702583 	0.00460597 	3.22024 	1.78594e-19
9.74868 	0.702583 	0.00460597 	3.22024 	1.78594e-19
9.81881 	0.702583 	0.00460597 	3.22024 	1.78594e-19
9.88895 	0.702583 	0.00460597 	3.22024 	1.78594e-19
9.95908 	0.635338 	0.0198829 	3.23715 	-7.87806e-21
10.0292 	0.635338 	0.0198829 	3.23715 	-7.87806e-21
10.0994 	0.635338 	0.0198829 	3.23715 	-7.87806e-21
10.1695 	0.635338 	0.0198829 	3.23715 	-7.87806e-21
10.2396 	0.635338 	0.0198829 	3.23715 	-7.87806e-21
10.3098 	0.635338 	0.0198829 	3.23715 	-7.87806e-21
10.3799 	0.635338 	0.0198829 	3.23715 	-7.87806e-21
10.45 	0.635338 	0.0198829 	3.23715 	-7.87806e-21
10.5202 	0.635338 	0.0198829 	3.23715 	-7.87806e-21
10.5903 	0.635338 	0.0198829 	3.23715 	-7.87806e-21
10.6604 	0.635338 	0.0198829 	3.23715 	-7.87806e-21
10.7306 	0.635338 	0.0198829 	3.23715 	-7.87806e-21
10.8007 	0.566927 	0.0268294 	3.26229 	-1.68718e-19
10.8708 	0.566927 	0.0268294 	3.26229 	-1.68718e-19
10.941 	0.566927 	0.0268294 	3.26229 	-1.68718e-19
11.0111 	0.566927 	0.0268294 	3.26229 	-1.68718e-19
11.0812 	0.566927 	0.0268294 	3.26229 	-1.68718e-19
11.1514 	0.566927 	0.0268294 	3.26229 	-1.68718e-19
11.2215 	0.566927 	0.0268294 	3.26229 	-1.68718e-19
11.2916 	0.566927 	0.0268294 	3.26229 	-1.68718e-19
11.3618 	0.566927 	0.0268294 	3.26229 	-1.68718e-19
11.4319 	0.566927 	0.0268294 	3.26229 	-1.68718e-19
11.502 	0.566927 	0.0268294 	3.26229 	-1.68718e-19
11.5722 	0.566927 	0.0268294 	3.26229 	-1.68718e-19
11.6423 	0.566927 	0.0268294 	3.26229 	-1.68718e-19
11.7124 	0.491612 	0.0603381 	3.2819 	-2.30583e-19
11.7826 	0.491612 	0.0603381 	3.2819 	-2.30583e-19
11.8527 	0.491612 	0.0603381 	3.2819 	-2.30583e-19
11.9228 	0.491612 	0.0603381 	3.2819 	-2.30583e-19
11.993 	0.491612 	0.0603381 	3.2819 	-2.30583e-19
12.0631 	0.491612 	0.0603381 	3.2819 	-2.30583e-19
12.1332 	0.491612 	0.0603381 	3.2819 	-2.30583e-19
12.2034 	0.491612 	0.0603381 	3.2819 	-2.30583e-19
12.2735 	0.491612 	0.0603381 	3.2819 	-2.30583e-19
12.3437 	0.491612 	0.0603381 	3.2819 	-2.30583e-19
12.4138 	0.491612 	0.0603381 	3.2819 	-2.30583e-19
12.4839 	0.491612 	0.0603381 	3.2819 	-2.30583e-19
12.5541 	0.491612 	0.0603381 	3.2819 	-2.30583e-19
12.6242 	0.403983 	0.0878899 	3.31071 	4.18527e-19
12.6943 	0.403983 	0.0878899 	3.31071 	4.18527e-19
12.7645 	0.403983 	0.0878899 	3.31071 	4.18527e-19
12.8346 	0.403983 	0.0878899 	3.31071 	4.18527e-19
12.9047 	0.403983 	0.0878899 	3.31071 	4.18527e-19
12.9749 	0.403983 	0.0878899 	3.31071 	4.18527e-19
13.045 	0.403983 	0.0878899 	3.31071 	4.18527e-19
13.1151 	0.403983 	0.0878899 	3.31071 	4.18527e-19
13.1853 	0.403983 	0.0878899 	3.31071 	4.18527e-19
13.2554 	0.403983 	0.0878899 	3.31071 	4.18527e-19
13.3255 	0.403983 	0.0878899 	3.31071 	4.18527e-19
13.3957 	0.403983 	0.0878899 	3.31071 	4.18527e-19
13.4658 	0.403983 	0.0878899 	3.31071 	4.18527e-19
13.5359 	0.286284 	0.167916 	3.34768 	-1.86774e-19
13.6061 	0.286284 	0.167916 	3.34768 	-1.86774e-19
13.6762 	0.286284 	0.167916 	3.34768 	-1.86774e-19
13.7463 	0.286284 	0.167916 	3.34768 	-1.86774e-19
13.8165 	0.286284 	0.167916 	3.34768 	-1.86774e-19
13.8866 	0.286284 	0.167916 	3.34768 	-1.86774e-19
13.9567 	0.286284 	0.167916 	3.34768 	-1.86774e-19
14.0269 	0.286284 	0.167916 	3.34768 	-1.86774e-19
14.097 	0.286284 	0.167916 	3.34768 	-1.86774e-19
14.1671 	0.286284 	0.167916 	3.34768 	-1.86774e-19
14.2373 	0.286284 	0.167916 	3.34768 	-1.86774e-19
14.3074 	0.286284 	0.167916 	3.34768 	-1.86774e-19
14.3776 	0.172665 	0.193837 	3.37289 	0
14.4477 	-0.0413456 	0.190369 	3.43413 	-2.99519e-20
14.5178 	-0.0413456 	0.190369 	3.43413 	-2.99519e-20
14.588 	-0.0413456 	0.190369 	3.43413 	-2.99519e-20
14.6581 	-0.0413456 	0.190369 	3.43413 	-2.99519e-20
14.7282 	-0.0413456 	0.190369 	3.43413 	-2.99519e-20
14.7984 	-0.0413456 	0.190369 	3.43413 	-2.99519e-20
14.8685 	-0.0183512 	0.21664 	3.42557 	5.56489e-20
14.9386 	-0.0183512 	0.21664 	3.42557 	5.56489e-20
15.0088 	-0.0183512 	0.21664 	3.42557 	5.56489e-20
15.0789 	-0.0183512 	0.21664 	3.42557 	5.56489e-20
15.149 	-0.0183512 	0.21664 	3.42557 	5.56489e-20
15.2192 	-0.268241 	0.283245 	3.49517 	-4.21619e-19
15.2893 	-0.268241 	0.283245 	3.49517 	-4.21619e-19
15.3594 	-0.268241 	0.283245 	3.49517 	-4.21619e-19
15.4296 	-0.140271 	0.358815 	3.45051 	2.04099e-19
15.4997 	-0.140271 	0.358815 	3.45051 	2.04099e-19
15.5698 	-0.140271 	0.358815 	3.45051 	2.04099e-19
15.64 	-0.140271 	0.358815 	3.45051 	2.04099e-19
15.7101 	-0.140271 	0.358815 	3.45051 	2.04099e-19
15.7802 	-0.140271 	0.358815 	3.45051 	2.04099e-19
15.8504 	-0.140271 	0.358815 	3.45051 	2.04099e-19
15.9205 	-0.413218 	0.35847 	3.55145 	1.00248e-19
15.9906 	-0.413218 	0.35847 	3.55145 	1.00248e-19
16.0608 	-0.413218 	0.35847 	3.55145 	1.00248e-19
16.1309 	-0.194518 	0.449092 	3.46218 	-5.69505e-20
16.201 	-0.194518 	0.449092 	3.46218 	-5.69505e-20
16.2712 	-0.194518 	0.449092 	3.46218 	-5.69505e-20
16.3413 	-0.194518 	0.449092 	3.46218 	-5.69505e-20
16.4114 	-0.194518 	0.449092 	3.46218 	-5.69505e-20
16.4816 	-0.194518 	0.449092 	3.46218 	-5.69505e-20
16.5517 	-0.194518 	0.449092 	3.46218 	-5.69505e-20
16.6219 	-0.395693 	0.552366 	3.54308 	0
16.692 	-0.395693 	0.552366 	3.54308 	0
16.7621 	-0.395693 	0.552366 	3.54308 	0
16.8323 	-0.395693 	0.552366 	3.54308 	0
16.9024 	-0.395693 	0.552366 	3.54308 	0
16.9725 	-0.149777 	0.558386 	3.43808 	-3.13169e-20
17.0427 	-0.149777 	0.558386 	3.43808 	-3.13169e-20
17.1128 	-0.149777 	0.558386 	3.43808 	-3.13169e-20
17.1829 	-0.149777 	0.558386 	3.43808 	-3.13169e-20
17.2531 	-0.313789 	0.650713 	3.49919 	-3.21972e-19
17.3232 	-0.313789 	0.650713 	3.49919 	-3.21972e-19
17.3933 	-0.313789 	0.650713 	3.49919 	-3.21972e-19
17.4635 	-0.313789 	0.650713 	3.49919 	-3.21972e-19
17.5336 	-0.313789 	0.650713 	3.49919 	-3.21972e-19
17.6037 	-0.313789 	0.650713 	3.49919 	-3.21972e-19
17.6739 	-0.313789 	0.650713 	3.49919 	-3.21972e-19
17.744 	-0.313789 	0.650713 	3.49919 	-3.21972e-19
17.8141 	-0.313789 	0.650713 	3.49919 	-3.21972e-19
17.8843 	-0.313789 	0.650713 	3.49919 	-3.21972e-19
17.9544 	-0.225431 	0.669621 	3.4072 	0
18.0245 	-0.225431 	0.669621 	3.4072 	0
18.0947 	-0.225431 	0.669621 	3.4072 	0
18.1648 	-0.225431 	0.669621 	3.4072 	0
18.2349 	-0.225431 	0.669621 	3.4072 	0
18.3051 	-0.225431 	0.669621 	3.4072 	0
18.3752 	-0.225431 	0.669621 	3.4072 	0
18.4453 	-0.225431 	0.669621 	3.4072 	0
18.5155 	-0.225431 	0.669621 	3.4072 	0
18.5856 	-0.329163 	0.76816 	3.45664 	0
18.6557 	-0.329163 	0.76816 	3.45664 	0
18.7259 	-0.329163 	0.76816 	3.45664 	0
18.796 	-0.329163 	0.76816 	3.45664 	0
18.8662 	-0.329163 	0.76816 	3.45664 	0
18.9363 	-0.329163 	0.76816 	3.45664 	0
19.0064 	-0.329163 	0.76816 	3.45664 	0
19.0766 	-0.329163 	0.76816 	3.45664 	0
19.1467 	-0.329163 	0.76816 	3.45664 	0
19.2168 	-0.386634 	0.821122 	3.44085 	2.06163e-19
19.287 	-0.134358 	0.737779 	3.1898 	9.23225e-20
19.3571 	-0.134358 	0.737779 	3.1898 	9.23225e-20
19.4272 	-0.134358 	0.737779 	3.1898 	9.23225e-20
19.4974 	-0.134358 	0.737779 	3.1898 	9.23225e-20
19.5675 	-0.134358 	0.737779 	3.1898 	9.23225e-20
19.6376 	-0.134358 	0.737779 	3.1898 	9.23225e-20
19.7078 	-0.134358 	0.737779 	3.1898 	9.23225e-20
19.7779 	-0.134358 	0.737779 	3.1898 	9.23225e-20
19.848 	-0.134358 	0.737779 	3.1898 	9.23225e-20
19.9182 	-0.187585 	0.820236 	3.28172 	1.83089e-19
19.9883 	-0.187585 	0.820236 	3.28172 	1.83089e-19
20.0584 	-0.187585 	0.820236 	3.28172 	1.83089e-19
20.1286 	-0.187585 	0.820236 	3.28172 	1.83089e-19
20.1987 	-0.187585 	0.820236 	3.28172 	1.83089e-19
20.2688 	-0.187585 	0.820236 	3.28172 	1.83089e-19
20.339 	-0.187585 	0.820236 	3.28172 	1.83089e-19
20.4091 	-0.187585 	0.820236 	3.28172 	1.83089e-19
20.4792 	-0.187585 	0.820236 	3.28172 	1.83089e-19
20.5494 	-0.187585 	0.820236 	3.28172 	1.83089e-19
20.6195 	-0.247059 	0.864339 	3.3191 	1.45752e-19
20.6896 	-0.247059 	0.864339 	3.3191 	1.45752e-19
20.7598 	-0.247059 	0.864339 	3.3191 	1.45752e-19
20.8299 	-0.247059 	0.864339 	3.3191 	1.45752e-19
20.9 	-0.147137 	0.741927 	2.65147 	1.27238e-19
20.9702 	-0.147137 	0.741927 	2.65147 	1.27238e-19
21.0403 	-0.147137 	0.741927 	2.65147 	1.27238e-19
21.1105 	-0.147137 	0.741927 	2.65147 	1.27238e-19
21.1806 	-0.147137 	0.741927 	2.65147 	1.27238e-19
21.2507 	-0.147137 	0.741927 	2.65147 	1.27238e-19
21.3209 	-0.196083 	0.81706 	2.86959 	0
21.391 	-0.196083 	0.81706 	2.86959 	0
21.4611 	-0.196083 	0.81706 	2.86959 	0
21.5313 	-0.196083 	0.81706 	2.86959 	0
21.6014 	-0.196083 	0.81706 	2.86959 	0
21.6715 	-0.196083 	0.81706 	2.86959 	0
21.7417 	-0.196083 	0.81706 	2.86959 	0
21.8118 	-0.196083 	0.81706 	2.86959 	0
21.8819 	-0.196083 	0.81706 	2.86959 	0
21.9521 	-0.196083 	0.81706 	2.86959 	0
22.0222 	-0.196083 	0.81706 	2.86959 	0
22.0923 	-0.240285 	0.86847 	2.99911 	1.71599e-19
22.1625 	-0.240285 	0.86847 	2.99911 	1.71599e-19
22.2326 	-0.240285 	0.86847 	2.99911 	1.71599e-19
22.3027 	-0.240285 	0.86847 	2.99911 	1.71599e-19
22.3729 	-0.240285 	0.86847 	2.99911 	1.71599e-19
22.443 	-0.240285 	0.86847 	2.99911 	1.71599e-19
22.5131 	-0.240285 	0.86847 	2.99911 	1.71599e-19
22.5833 	-0.240285 	0.86847 	2.99911 	1.71599e-19
22.6534 	-0.240285 	0.86847 	2.99911 	1.71599e-19
22.7235 	-0.240285 	0.86847 	2.99911 	1.71599e-19
22.7937 	-0.240285 	0.86847 	2.99911 	1.71599e-19
22.8638 	-0.294421 	0.927492 	3.09107 	-4.49464e-19
22.9339 	-0.294421 	0.927492 	3.09107 	-4.49464e-19
23.0041 	-0.294421 	0.927492 	3.09107 	-4.49464e-19
23.0742 	-0.250272 	0.728845 	2.10183 	-7.10156e-20
23.1443 	-0.250272 	0.728845 	2.10183 	-7.10156e-20
23.2145 	-0.250272 	0.728845 	2.10183 	-7.10156e-20
23.2846 	-0.250272 	0.728845 	2.10183 	-7.10156e-20
23.3548 	-0.250272 	0.728845 	2.10183 	-7.10156e-20
23.4249 	-0.250272 	0.728845 	2.10183 	-7.10156e-20
23.495 	-0.250272 	0.728845 	2.10183 	-7.10156e-20
23.5652 	-0.250272 	0.728845 	2.10183 	-7.10156e-20
23.6353 	-0.250272 	0.728845 	2.10183 	-7.10156e-20
23.7054 	-0.299671 	0.78096 	2.25921 	5.88511e-20
23.7756 	-0.299671 	0.78096 	2.25921 	5.88511e-20
23.8457 	-0.299671 	0.78096 	2.25921 	5.88511e-20
23.9158 	-0.299671 	0.78096 	2.25921 	5.88511e-20
23.986 	-0.299671 	0.78096 	2.25921 	5.88511e-20
24.0561 	-0.299671 	0.78096 	2.25921 	5.88511e-20
24.1262 	-0.299671 	0.78096 	2.25921 	5.88511e-20
24.1964 	-0.299671 	0.78096 	2.25921 	5.88511e-20
24.2665 	-0.299671 	0.78096 	2.25921 	5.88511e-20
24.3366 	-0.299671 	0.78096 	2.25921 	5.88511e-20
24.4068 	-0.299671 	0.78096 	2.25921 	5.88511e-20
24.4769 	-0.299671 	0.78096 	2.25921 	5.88511e-20
24.547 	-0.299671 	0.78096 	2.25921 	5.88511e-20
24.6172 	-0.342224 	0.828165 	2.38885 	-4.74609e-19
24.6873 	-0.342224 	0.828165 	2.38885 	-4.74609e-19
24.7574 	-0.342224 	0.828165 	2.38885 	-4.74609e-19
24.8276 	-0.342224 	0.828165 	2.38885 	-4.74609e-19
24.8977 	-0.342224 	0.828165 	2.38885 	-4.74609e-19
24.9678 	-0.342224 	0.828165 	2.38885 	-4.74609e-19
25.038 	-0.342224 	0.828165 	2.38885 	-4.74609e-19
25.1081 	-0.342224 	0.828165 	2.38885 	-4.74609e-19
25.1782 	-0.342224 	0.828165 	2.38885 	-4.74609e-19
25.2484 	-0.342224 	0.828165 	2.38885 	-4.74609e-19
25.3185 	-0.342224 	0.828165 	2.38885 	-4.74609e-19
25.3886 	-0.342224 	0.828165 	2.38885 	-4.74609e-19
25.4588 	-0.379723 	0.882279 	2.48137 	4.78855e-19
25.5289 	-0.379723 	0.882279 	2.48137 	4.78855e-19
25.5991 	-0.379723 	0.882279 	2.48137 	4.78855e-19
25.6692 	-0.379723 	0.882279 	2.48137 	4.78855e-19
25.7393 	-0.379723 	0.882279 	2.48137 	4.78855e-19
25.8095 	-0.379723 	0.882279 	2.48137 	4.78855e-19
25.8796 	-0.379723 	0.882279 	2.48137 	4.78855e-19
25.9497 	-0.379723 	0.882279 	2.48137 	4.78855e-19
26.0199 	-0.379723 	0.882279 	2.48137 	4.78855e-19
26.09 	-0.347818 	0.639153 	1.61679 	8.13589e-20
26.1601 	-0.347818 	0.639153 	1.61679 	8.13589e-20
26.2303 	-0.347818 	0.639153 	1.61679 	8.13589e-20
26.3004 	-0.347818 	0.639153 	1.61679 	8.13589e-20
26.3705 	-0.347818 	0.639153 	1.61679 	8.13589e-20
26.4407 	-0.383388 	0.656729 	1.66845 	-1.0613e-19
26.5108 	-0.383388 	0.656729 	1.66845 	-1.0613e-19
26.5809 	-0.383388 	0.656729 	1.66845 	-1.0613e-19
26.6511 	-0.383388 	0.656729 	1.66845 	-1.0613e-19
26.7212 	-0.383388 	0.656729 	1.66845 	-1.0613e-19
26.7913 	-0.383388 	0.656729 	1.66845 	-1.0613e-19
26.8615 	-0.383388 	0.656729 	1.66845 	-1.0613e-19
26.9316 	-0.383388 	0.656729 	1.66845 	-1.0613e-19
27.0017 	-0.383388 	0.656729 	1.66845 	-1.0613e-19
27.0719 	-0.383388 	0.656729 	1.66845 	-1.0613e-19
27.142 	-0.383388 	0.656729 	1.66845 	-1.0613e-19
27.2121 	-0.383388 	0.656729 	1.66845 	-1.0613e-19
27.2823 	-0.383388 	0.656729 	1.66845 	-1.0613e-19
27.3524 	-0.414531 	0.663685 	1.68958 	0
27.4225 	-0.414531 	0.663685 	1.68958 	0
27.4927 	-0.414531 	0.663685 	1.68958 	0
27.5628 	-0.414531 	0.663685 	1.68958 	0
27.6329 	-0.414531 	0.663685 	1.68958 	0
27.7031 	-0.414531 	0.663685 	1.68958 	0
27.7732 	-0.414531 	0.663685 	1.68958 	0
27.8434 	-0.414531 	0.663685 	1.68958 	0
27.9135 	-0.414531 	0.663685 	1.68958 	0
27.9836 	-0.414531 	0.663685 	1.68958 	0
28.0538 	-0.414531 	0.663685 	1.68958 	0
28.1239 	-0.414531 	0.663685 	1.68958 	0
28.194 	-0.414531 	0.663685 	1.68958 	0
28.2642 	-0.414531 	0.663685 	1.68958 	0
28.3343 	-0.414531 	0.663685 	1.68958 	0
28.4044 	-0.440872 	0.6595 	1.69276 	0
28.4746 	-0.440872 	0.6595 	1.69276 	0
28.5447 	-0.440872 	0.6595 	1.69276 	0
28.6148 	-0.440872 	0.6595 	1.69276 	0
28.685 	-0.440872 	0.6595 	1.69276 	0
28.7551 	-0.440872 	0.6595 	1.69276 	0
28.8252 	-0.440872 	0.6595 	1.69276 	0
28.8954 	-0.440872 	0.6595 	1.69276 	0
28.9655 	-0.440872 	0.6595 	1.69276 	0
29.0356 	-0.440872 	0.6595 	1.69276 	0
29.1058 	-0.440872 	0.6595 	1.69276 	0
29.1759 	-0.440872 	0.6595 	1.69276 	0
29.246 	-0.440872 	0.6595 	1.69276 	0
29.3162 	-0.440872 	0.6595 	1.69276 	0
29.3863 	-0.440872 	0.6595 	1.69276 	0
29.4564 	-0.447848 	0.642614 	1.66839 	-1.84195e-19
29.5266 	-0.447848 	0.642614 	1.66839 	-1.84195e-19
29.5967 	-0.447848 	0.642614 	1.66839 	-1.84195e-19
29.6668 	-0.447848 	0.642614 	1.66839 	-1.84195e-19
29.737 	-0.447848 	0.642614 	1.66839 	-1.84195e-19
29.8071 	-0.447848 	0.642614 	1.66839 	-1.84195e-19
29.8773 	-0.447848 	0.642614 	1.66839 	-1.84195e-19
29.9474 	-0.447848 	0.642614 	1.66839 	-1.84195e-19
30.0175 	-0.447848 	0.642614 	1.66839 	-1.84195e-19
30.0877 	-0.447848 	0.642614 	1.66839 	-1.84195e-19
30.1578 	-0.447848 	0.642614 	1.66839 	-1.84195e-19
30.2279 	-0.447848 	0.642614 	1.66839 	-1.84195e-19
30.2981 	-0.447848 	0.642614 	1.66839 	-1.84195e-19
30.3682 	-0.447848 	0.642614 	1.66839 	-1.84195e-19
30.4383 	-0.447848 	0.642614 	1.66839 	-1.84195e-19
30.5085 	-0.447848 	0.642614 	1.66839 	-1.84195e-19
30.5786 	-0.423935 	0.611648 	1.61094 	2.43381e-20
30.6487 	-0.423935 	0.611648 	1.61094 	2.43381e-20
30.7189 	-0.423935 	0.611648 	1.61094 	2.43381e-20
30.789 	-0.423935 	0.611648 	1.61094 	2.43381e-20
30.8591 	-0.423935 	0.611648 	1.61094 	2.43381e-20
30.9293 	-0.423935 	0.611648 	1.61094 	2.43381e-20
30.9994 	-0.423935 	0.611648 	1.61094 	2.43381e-20
31.0695 	-0.423935 	0.611648 	1.61094 	2.43381e-20
31.1397 	-0.423935 	0.611648 	1.61094 	2.43381e-20
31.2098 	-0.423935 	0.611648 	1.61094 	2.43381e-20
31.2799 	-0.423935 	0.611648 	1.61094 	2.43381e-20
31.3501 	-0.423935 	0.611648 	1.61094 	2.43381e-20
31.4202 	-0.423935 	0.611648 	1.61094 	2.43381e-20
31.4903 	-0.423935 	0.611648 	1.61094 	2.43381e-20
31.5605 	-0.458589 	0.533518 	1.46524 	-2.79713e-19
31.6306 	-0.458589 	0.533518 	1.46524 	-2.79713e-19
31.7007 	-0.428085 	0.49432 	1.44293 	1.7297e-19
31.7709 	-0.428085 	0.49432 	1.44293 	1.7297e-19
31.841 	-0.428085 	0.49432 	1.44293 	1.7297e-19
31.9111 	-0.428085 	0.49432 	1.44293 	1.7297e-19
31.9813 	-0.428085 	0.49432 	1.44293 	1.7297e-19
32.0514 	-0.428085 	0.49432 	1.44293 	1.7297e-19
32.1216 	-0.428085 	0.49432 	1.44293 	1.7297e-19
32.1917 	-0.428085 	0.49432 	1.44293 	1.7297e-19
32.2618 	-0.428085 	0.49432 	1.44293 	1.7297e-19
32.332 	-0.428085 	0.49432 	1.44293 	1.7297e-19
32.4021 	-0.428085 	0.49432 	1.44293 	1.7297e-19
32.4722 	-0.428085 	0.49432 	1.44293 	1.7297e-19
32.5424 	-0.428085 	0.49432 	1.44293 	1.7297e-19
32.6125 	-0.428085 	0.49432 	1.44293 	1.7297e-19
32.6826 	-0.428085 	0.49432 	1.44293 	1.7297e-19
32.7528 	-0.428085 	0.49432 	1.44293 	1.7297e-19
32.8229 	-0.428085 	0.49432 	1.44293 	1.7297e-19
32.893 	-0.428085 	0.49432 	1.44293 	1.7297e-19
32.9632 	-0.386095 	0.435893 	1.41926 	4.33812e-20
33.0333 	-0.386095 	0.435893 	1.41926 	4.33812e-20
33.1034 	-0.386095 	0.435893 	1.41926 	4.33812e-20
33.1736 	-0.386095 	0.435893 	1.41926 	4.33812e-20
33.2437 	-0.386095 	0.435893 	1.41926 	4.33812e-20
33.3138 	-0.386095 	0.435893 	1.41926 	4.33812e-20
33.384 	-0.386095 	0.435893 	1.41926 	4.33812e-20
33.4541 	-0.386095 	0.435893 	1.41926 	4.33812e-20
33.5242 	-0.386095 	0.435893 	1.41926 	4.33812e-20
33.5944 	-0.386095 	0.435893 	1.41926 	4.33812e-20
33.6645 	-0.386095 	0.435893 	1.41926 	4.33812e-20
33.7346 	-0.386095 	0.435893 	1.41926 	4.33812e-20
33.8048 	-0.386095 	0.435893 	1.41926 	4.33812e-20
33.8749 	-0.386095 	0.435893 	1.41926 	4.33812e-20
33.945 	-0.386095 	0.435893 	1.41926 	4.33812e-20
34.0152 	-0.386095 	0.435893 	1.41926 	4.33812e-20
34.0853 	-0.386095 	0.435893 	1.41926 	4.33812e-20
34.1554 	-0.386095 	0.435893 	1.41926 	4.33812e-20
34.2256 	-0.350384 	0.361392 	1.39882 	-2.53381e-20
34.2957 	-0.350384 	0.361392 	1.39882 	-2.53381e-20
34.3659 	-0.350384 	0.361392 	1.39882 	-2.53381e-20
34.436 	-0.350384 	0.361392 	1.39882 	-2.53381e-20
34.5061 	-0.350384 	0.361392 	1.39882 	-2.53381e-20
34.5763 	-0.350384 	0.361392 	1.39882 	-2.53381e-20
34.6464 	-0.350384 	0.361392 	1.39882 	-2.53381e-20
34.7165 	-0.350384 	0.361392 	1.39882 	-2.53381e-20
34.7867 	-0.350384 	0.361392 	1.39882 	-2.53381e-20
34.8568 	-0.350384 	0.361392 	1.39882 	-2.53381e-20
34.9269 	-0.350384 	0.361392 	1.39882 	-2.53381e-20
34.9971 	-0.350384 	0.361392 	1.39882 	-2.53381e-20
35.0672 	-0.350384 	0.361392 	1.39882 	-2.53381e-20
35.1373 	-0.350384 	0.361392 	1.39882 	-2.53381e-20
35.2075 	-0.350384 	0.361392 	1.39882 	-2.53381e-20
35.2776 	-0.350384 	0.361392 	1.39882 	-2.53381e-20
35.3477 	-0.350384 	0.361392 	1.39882 	-2.53381e-20
35.4179 	-0.350384 	0.361392 	1.39882 	-2.53381e-20
35.488 	-0.350384 	0.361392 	1.39882 	-2.53381e-20
35.5581 	-0.350384 	0.361392 	1.39882 	-2.53381e-20
35.6283 	-0.337258 	0.277011 	1.40036 	-7.94921e-21
35.6984 	-0.337258 	0.277011 	1.40036 	-7.94921e-21
35.7685 	-0.337258 	0.277011 	1.40036 	-7.94921e-21
35.8387 	-0.337258 	0.277011 	1.40036 	-7.94921e-21
35.9088 	-0.337258 	0.277011 	1.40036 	-7.94921e-21
35.9789 	-0.337258 	0.277011 	1.40036 	-7.94921e-21
36.0491 	-0.337258 	0.277011 	1.40036 	-7.94921e-21
36.1192 	-0.337258 	0.277011 	1.40036 	-7.94921e-21
36.1893 	-0.337258 	0.277011 	1.40036 	-7.94921e-21
36.2595 	-0.337258 	0.277011 	1.40036 	-7.94921e-21
36.3296 	-0.337258 	0.277011 	1.40036 	-7.94921e-21
36.3997 	-0.337258 	0.277011 	1.40036 	-7.94921e-21
36.4699 	-0.337258 	0.277011 	1.40036 	-7.94921e-21
36.54 	-0.337258 	0.277011 	1.40036 	-7.94921e-21
36.6102 	-0.337258 	0.277011 	1.40036 	-7.94921e-21
36.6803 	-0.337258 	0.277011 	1.40036 	-7.94921e-21
36.7504 	-0.337258 	0.277011 	1.40036 	-7.94921e-21
36.8206 	-0.337258 	0.277011 	1.40036 	-7.94921e-21
36.8907 	-0.337258 	0.277011 	1.40036 	-7.94921e-21
36.9608 	-0.337258 	0.277011 	1.40036 	-7.94921e-21
37.031 	-0.337258 	0.277011 	1.40036 	-7.94921e-21
37.1011 	-0.345172 	0.203705 	1.41975 	0
37.1712 	-0.345172 	0.203705 	1.41975 	0
37.2414 	-0.345172 	0.203705 	1.41975 	0
37.3115 	-0.345172 	0.203705 	1.41975 	0
37.3816 	-0.345172 	0.203705 	1.41975 	0
37.4518 	-0.345172 	0.203705 	1.41975 	0
37.5219 	-0.345172 	0.203705 	1.41975 	0
37.592 	-0.345172 	0.203705 	1.41975 	0
37.6622 	-0.345172 	0.203705 	1.41975 	0
37.7323 	-0.345172 	0.203705 	1.41975 	0
37.8024 	-0.345172 	0.203705 	1.41975 	0
37.8726 	-0.345172 	0.203705 	1.41975 	0
37.9427 	-0.345172 	0.203705 	1.41975 	0
38.0128 	-0.345172 	0.203705 	1.41975 	0
38.083 	-0.345172 	0.203705 	1.41975 	0
38.1531 	-0.345172 	0.203705 	1.41975 	0
38.2232 	-0.345172 	0.203705 	1.41975 	0
38.2934 	-0.354754 	0.142222 	1.44148 	0
38.3635 	-0.354754 	0.142222 	1.44148 	0
38.4336 	-0.354754 	0.142222 	1.44148 	0
38.5038 	-0.354754 	0.142222 	1.44148 	0
38.5739 	-0.354754 	0.142222 	1.44148 	0
38.644 	-0.354754 	0.142222 	1.44148 	0
38.7142 	-0.354754 	0.142222 	1.44148 	0
38.7843 	-0.354754 	0.142222 	1.44148 	0
38.8545 	-0.354754 	0.142222 	1.44148 	0
38.9246 	-0.354754 	0.142222 	1.44148 	0
38.9947 	-0.354754 	0.142222 	1.44148 	0
39.0649 	-0.354754 	0.142222 	1.44148 	0
39.135 	-0.354754 	0.142222 	1.44148 	0
39.2051 	-0.354754 	0.142222 	1.44148 	0
39.2753 	-0.354754 	0.142222 	1.44148 	0
39.3454 	-0.354754 	0.142222 	1.44148 	0
39.4155 	-0.354754 	0.142222 	1.44148 	0
39.4857 	-0.354754 	0.142222 	1.44148 	0
39.5558 	-0.360689 	0.0976649 	1.46003 	0
39.6259 	-0.360689 	0.0976649 	1.46003 	0
39.6961 	-0.360689 	0.0976649 	1.46003 	0
39.7662 	-0.360689 	0.0976649 	1.46003 	0
39.8363 	-0.360689 	0.0976649 	1.46003 	0
39.9065 	-0.360689 	0.0976649 	1.46003 	0
39.9766 	-0.360689 	0.0976649 	1.46003 	0
40.0467 	-0.360689 	0.0976649 	1.46003 	0
40.1169 	-0.360689 	0.0976649 	1.46003 	0
40.187 	-0.360689 	0.0976649 	1.46003 	0
40.2571 	-0.360689 	0.0976649 	1.46003 	0
40.3273 	-0.360689 	0.0976649 	1.46003 	0
40.3974 	-0.360689 	0.0976649 	1.46003 	0
40.4675 	-0.360689 	0.0976649 	1.46003 	0
40.5377 	-0.360689 	0.0976649 	1.46003 	0
40.6078 	-0.360689 	0.0976649 	1.46003 	0
40.6779 	-0.360689 	0.0976649 	1.46003 	0
40.7481 	-0.361355 	0.0781672 	1.4759 	0
40.8182 	-0.361355 	0.0781672 	1.4759 	0
40.8883 	-0.361355 	0.0781672 	1.4759 	0
40.9585 	-0.361355 	0.0781672 	1.4759 	0
41.0286 	-0.361355 	0.0781672 	1.4759 	0
41.0988 	-0.361355 	0.0781672 	1.4759 	0
41.1689 	-0.361355 	0.0781672 	1.4759 	0
41.239 	-0.361355 	0.0781672 	1.4759 	0
41.3092 	-0.361355 	0.0781672 	1.4759 	0
41.3793 	-0.361355 	0.0781672 	1.4759 	0
41.4494 	-0.361355 	0.0781672 	1.4759 	0
41.5196 	-0.361355 	0.0781672 	1.4759 	0
41.5897 	-0.361355 	0.0781672 	1.4759 	0
41.6598 	-0.361355 	0.0781672 	1.4759 	0
41.73 	-0.361355 	0.0781672 	1.4759 	0
41.8001 	-0.361355 	0.0781672 	1.4759 	0
41.8702 	-0.361355 	0.0781672 	1.4759 	0
41.9404 	-0.361355 	0.0781672 	1.4759 	0
42.0105 	-0.357613 	0.0784142 	1.49065 	0
42.0806 	-0.357613 	0.0784142 	1.49065 	0
42.1508 	-0.357613 	0.0784142 	1.49065 	0
42.2209 	-0.357613 	0.0784142 	1.49065 	0
42.291 	-0.357613 	0.0784142 	1.49065 	0
42.3612 	-0.357613 	0.0784142 	1.49065 	0
42.4313 	-0.357613 	0.0784142 	1.49065 	0
42.5014 	-0.357613 	0.0784142 	1.49065 	0
42.5716 	-0.357613 	0.0784142 	1.49065 	0
42.6417 	-0.357613 	0.0784142 	1.49065 	0
42.7118 	-0.357613 	0.0784142 	1.49065 	0
42.782 	-0.357613 	0.0784142 	1.49065 	0
42.8521 	-0.357613 	0.0784142 	1.49065 	0
42.9222 	-0.357613 	0.0784142 	1.49065 	0
42.9924 	-0.357613 	0.0784142 	1.49065 	0
43.0625 	-0.357613 	0.0784142 	1.49065 	0
43.1327 	-0.357613 	0.0784142 	1.49065 	0
43.2028 	-0.354532 	0.093724 	1.50093 	0
43.2729 	-0.354532 	0.093724 	1.50093 	0
43.3431 	-0.354532 	0.093724 	1.50093 	0
43.4132 	-0.354532 	0.093724 	1.50093 	0
43.4833 	-0.354532 	0.093724 	1.50093 	0
43.5535 	-0.354532 	0.093724 	1.50093 	0
43.6236 	-0.354532 	0.093724 	1.50093 	0
43.6937 	-0.354532 	0.093724 	1.50093 	0
43.7639 	-0.354532 	0.093724 	1.50093 	0
43.834 	-0.354532 	0.093724 	1.50093 	0
43.9041 	-0.354532 	0.093724 	1.50093 	0
43.9743 	-0.354532 	0.093724 	1.50093 	0
44.0444 	-0.354532 	0.093724 	1.50093 	0
44.1145 	-0.354532 	0.093724 	1.50093 	0
44.1847 	-0.354532 	0.093724 	1.50093 	0
44.2548 	-0.354532 	0.093724 	1.50093 	0
44.3249 	-0.354532 	0.093724 	1.50093 	0
44.3951 	-0.354532 	0.093724 	1.50093 	0
44.4652 	-0.361253 	0.138674 	1.50303 	0
44.5353 	-0.361253 	0.138674 	1.50303 	0
44.6055 	-0.361253 	0.138674 	1.50303 	0
44.6756 	-0.361253 	0.138674 	1.50303 	0
44.7457 	-0.361253 	0.138674 	1.50303 	0
44.8159 	-0.361253 	0.138674 	1.50303 	0
44.886 	-0.361253 	0.138674 	1.50303 	0
44.9561 	-0.361253 	0.138674 	1.50303 	0
45.0263 	-0.361253 	0.138674 	1.50303 	0
45.0964 	-0.361253 	0.138674 	1.50303 	0
45.1665 	-0.361253 	0.138674 	1.50303 	0
45.2367 	-0.361253 	0.138674 	1.50303 	0
45.3068 	-0.361253 	0.138674 	1.50303 	0
45.377 	-0.361253 	0.138674 	1.50303 	0
45.4471 	-0.361253 	0.138674 	1.50303 	0
45.5172 	-0.361253 	0.138674 	1.50303 	0
45.5874 	-0.361253 	0.138674 	1.50303 	0
45.6575 	-0.379244 	0.239624 	1.48963 	0
45.7276 	-0.379244 	0.239624 	1.48963 	0
45.7978 	-0.379244 	0.239624 	1.48963 	0
45.8679 	-0.379244 	0.239624 	1.48963 	0
45.938 	-0.379244 	0.239624 	1.48963 	0
46.0082 	-0.379244 	0.239624 	1.48963 	0
46.0783 	-0.379244 	0.239624 	1.48963 	0
46.1484 	-0.379244 	0.239624 	1.48963 	0
46.2186 	-0.379244 	0.239624 	1.48963 	0
46.2887 	-0.379244 	0.239624 	1.48963 	0
46.3588 	-0.379244 	0.239624 	1.48963 	0
46.429 	-0.379244 	0.239624 	1.48963 	0
46.4991 	-0.379244 	0.239624 	1.48963 	0
46.5692 	-0.379244 	0.239624 	1.48963 	0
46.6394 	-0.379244 	0.239624 	1.48963 	0
46.7095 	-0.379244 	0.239624 	1.48963 	0
46.7796 	-0.326455 	0.216162 	1.63091 	0
46.8498 	-0.326455 	0.216162 	1.63091 	0
46.9199 	-0.376599 	0.296775 	1.69265 	0
46.99 	-0.376599 	0.296775 	1.69265 	0
47.0602 	-0.376599 	0.296775 	1.69265 	0
47.1303 	-0.376599 	0.296775 	1.69265 	0
47.2004 	-0.376599 	0.296775 	1.69265 	0
47.2706 	-0.376599 	0.296775 	1.69265 	0
47.3407 	-0.376599 	0.296775 	1.69265 	0
47.4108 	-0.376599 	0.296775 	1.69265 	0
47.481 	-0.376599 	0.296775 	1.69265 	0
47.5511 	-0.376599 	0.296775 	1.69265 	0
47.6213 	-0.376599 	0.296775 	1.69265 	0
47.6914 	-0.376599 	0.296775 	1.69265 	0
47.7615 	-0.376599 	0.296775 	1.69265 	0
47.8317 	-0.376599 	0.296775 	1.69265 	0
47.9018 	-0.376599 	0.296775 	1.69265 	0
47.9719 	-0.376599 	0.296775 	1.69265 	0
48.0421 	-0.376599 	0.296775 	1.69265 	0
48.1122 	-0.376599 	0.296775 	1.69265 	0
48.1823 	-0.47655 	0.356051 	1.77307 	0
48.2525 	-0.47655 	0.356051 	1.77307 	0
48.3226 	-0.47655 	0.356051 	1.77307 	0
48.3927 	-0.47655 	0.356051 	1.77307 	0
48.4629 	-0.47655 	0.356051 	1.77307 	0
48.533 	-0.47655 	0.356051 	1.77307 	0
48.6031 	-0.47655 	0.356051 	1.77307 	0
48.6733 	-0.47655 	0.356051 	1.77307 	0
48.7434 	-0.47655 	0.356051 	1.77307 	0
48.8135 	-0.47655 	0.356051 	1.77307 	0
48.8837 	-0.47655 	0.356051 	1.77307 	0
48.9538 	-0.47655 	0.356051 	1.77307 	0
49.0239 	-0.47655 	0.356051 	1.77307 	0
49.0941 	-0.47655 	0.356051 	1.77307 	0
49.1642 	-0.47655 	0.356051 	1.77307 	0
49.2343 	-0.47655 	0.356051 	1.77307 	0
49.3045 	-0.47655 	0.356051 	1.77307 	0
49.3746 	-0.636407 	0.379885 	1.86427 	0
49.4447 	-0.636407 	0.379885 	1.86427 	0
49.5149 	-0.636407 	0.379885 	1.86427 	0
49.585 	-0.636407 	0.379885 	1.86427 	0
49.6551 	-0.636407 	0.379885 	1.86427 	0
49.7253 	-0.636407 	0.379885 	1.86427 	0
49.7954 	-0.636407 	0.379885 	1.86427 	0
49.8656 	-0.636407 	0.379885 	1.86427 	0
49.9357 	-0.636407 	0.379885 	1.86427 	0
50.0058 	-0.636407 	0.379885 	1.86427 	0
50.076 	-0.636407 	0.379885 	1.86427 	0
50.1461 	-0.636407 	0.379885 	1.86427 	0
50.2162 	-0.636407 	0.379885 	1.86427 	0
50.2864 	-0.636407 	0.379885 	1.86427 	0
50.3565 	-0.636407 	0.379885 	1.86427 	0
50.4266 	-0.636407 	0.379885 	1.86427 	0
50.4968 	-0.636407 	0.379885 	1.86427 	0
50.5669 	-0.636407 	0.379885 	1.86427 	0
50.637 	-0.848802 	0.354413 	1.94375 	0
50.7072 	-0.848802 	0.354413 	1.94375 	0
50.7773 	-0.848802 	0.354413 	1.94375 	0
50.8474 	-0.848802 	0.354413 	1.94375 	0
50.9176 	-0.848802 	0.354413 	1.94375 	0
50.9877 	-0.848802 	0.354413 	1.94375 	0
51.0578 	-0.848802 	0.354413 	1.94375 	0
51.128 	-0.848802 	0.354413 	1.94375 	0
51.1981 	-0.848802 	0.354413 	1.94375 	0
51.2682 	-0.848802 	0.354413 	1.94375 	0
51.3384 	-0.848802 	0.354413 	1.94375 	0
51.4085 	-0.848802 	0.354413 	1.94375 	0
51.4786 	-0.848802 	0.354413 	1.94375 	0
51.5488 	-0.848802 	0.354413 	1.94375 	0
51.6189 	-0.848802 	0.354413 	1.94375 	0
51.689 	-0.848802 	0.354413 	1.94375 	0
51.7592 	-0.848802 	0.354413 	1.94375 	0
51.8293 	-1.0838 	0.251944 	1.99798 	0
51.8994 	-1.0838 	0.251944 	1.99798 	0
51.9696 	-1.0838 	0.251944 	1.99798 	0
52.0397 	-1.0838 	0.251944 	1.99798 	0
52.1099 	-1.0838 	0.251944 	1.99798 	0
52.18 	-1.0838 	0.251944 	1.99798 	0
52.2501 	-1.0838 	0.251944 	1.99798 	0
52.3203 	-1.0838 	0.251944 	1.99798 	0
52.3904 	-1.0838 	0.251944 	1.99798 	0
52.4605 	-1.0838 	0.251944 	1.99798 	0
52.5307 	-1.0838 	0.251944 	1.99798 	0
52.6008 	-1.0838 	0.251944 	1.99798 	0
52.6709 	-1.0838 	0.251944 	1.99798 	0
52.7411 	-1.0838 	0.251944 	1.99798 	0
52.8112 	-1.0838 	0.251944 	1.99798 	0
52.8813 	-1.0838 	0.251944 	1.99798 	0
52.9515 	-1.0838 	0.251944 	1.99798 	0
53.0216 	-1.0838 	0.251944 	1.99798 	0
53.0917 	-1.30952 	-0.00911227 	2.05074 	0
53.1619 	-1.30952 	-0.00911227 	2.05074 	0
53.232 	-1.30952 	-0.00911227 	2.05074 	0
53.3021 	-1.30952 	-0.00911227 	2.05074 	0
53.3723 	-1.30952 	-0.00911227 	2.05074 	0
53.4424 	-1.30952 	-0.00911227 	2.05074 	0
53.5125 	-1.30952 	-0.00911227 	2.05074 	0
53.5827 	-1.30952 	-0.00911227 	2.05074 	0
53.6528 	-1.30952 	-0.00911227 	2.05074 	0
53.7229 	-1.30952 	-0.00911227 	2.05074 	0
53.7931 	-1.30952 	-0.00911227 	2.05074 	0
53.8632 	-1.30952 	-0.00911227 	2.05074 	0
53.9333 	-1.30952 	-0.00911227 	2.05074 	0
54.0035 	-1.30952 	-0.00911227 	2.05074 	0
54.0736 	-1.30952 	-0.00911227 	2.05074 	0
54.1437 	-1.30952 	-0.00911227 	2.05074 	0
54.2139 	-1.30952 	-0.00911227 	2.05074 	0
54.284 	-1.26849 	-0.334875 	2.11751 	0
54.3542 	-1.26849 	-0.334875 	2.11751 	0
54.4243 	-1.26849 	-0.334875 	2.11751 	0
54.4944 	-1.26849 	-0.334875 	2.11751 	0
54.5646 	-1.26849 	-0.334875 	2.11751 	0
54.6347 	-1.26849 	-0.334875 	2.11751 	0
54.7048 	-1.26849 	-0.334875 	2.11751 	0
54.775 	-1.26849 	-0.334875 	2.11751 	0
54.8451 	-1.26849 	-0.334875 	2.11751 	0
54.9152 	-1.26849 	-0.334875 	2.11751 	0
54.9854 	-1.26849 	-0.334875 	2.11751 	0
55.0555 	-1.26849 	-0.334875 	2.11751 	0
55.1256 	-1.26849 	-0.334875 	2.11751 	0
55.1958 	-1.26849 	-0.334875 	2.11751 	0
55.2659 	-1.26849 	-0.334875 	2.11751 	0
55.336 	-1.26849 	-0.334875 	2.11751 	0
55.4062 	-1.26849 	-0.334875 	2.11751 	0
55.4763 	-1.26849 	-0.334875 	2.11751 	0
55.5464 	-1.07184 	-0.601866 	2.19745 	0
55.6166 	-1.07184 	-0.601866 	2.19745 	0
55.6867 	-1.07184 	-0.601866 	2.19745 	0
55.7568 	-1.07184 	-0.601866 	2.19745 	0
55.827 	-1.07184 	-0.601866 	2.19745 	0
55.8971 	-1.07184 	-0.601866 	2.19745 	0
55.9672 	-1.07184 	-0.601866 	2.19745 	0
56.0374 	-1.07184 	-0.601866 	2.19745 	0
56.1075 	-1.07184 	-0.601866 	2.19745 	0
56.1776 	-1.07184 	-0.601866 	2.19745 	0
56.2478 	-1.07184 	-0.601866 	2.19745 	0
56.3179 	-1.07184 	-0.601866 	2.19745 	0
56.3881 	-1.07184 	-0.601866 	2.19745 	0
56.4582 	-1.07184 	-0.601866 	2.19745 	0
56.5283 	-1.07184 	-0.601866 	2.19745 	0
56.5985 	-1.07184 	-0.601866 	2.19745 	0
56.6686 	-1.07184 	-0.601866 	2.19745 	0
56.7387 	-1.07184 	-0.601866 	2.19745 	0
56.8089 	-0.797537 	-0.736322 	2.27033 	0
56.879 	-0.797537 	-0.736322 	2.27033 	0
56.9491 	-0.797537 	-0.736322 	2.27033 	0
57.0193 	-0.797537 	-0.736322 	2.27033 	0
57.0894 	-0.797537 	-0.736322 	2.27033 	0
57.1595 	-0.797537 	-0.736322 	2.27033 	0
57.2297 	-0.797537 	-0.736322 	2.27033 	0
57.2998 	-0.797537 	-0.736322 	2.27033 	0
57.3699 	-0.797537 	-0.736322 	2.27033 	0
57.4401 	-0.797537 	-0.736322 	2.27033 	0
57.5102 	-0.797537 	-0.736322 	2.27033 	0
57.5803 	-0.797537 	-0.736322 	2.27033 	0
57.6505 	-0.797537 	-0.736322 	2.27033 	0
57.7206 	-0.797537 	-0.736322 	2.27033 	0
57.7907 	-0.797537 	-0.736322 	2.27033 	0
57.8609 	-0.797537 	-0.736322 	2.27033 	0
57.931 	-0.797537 	-0.736322 	2.27033 	0
58.0011 	-0.520299 	-0.75445 	2.3163 	0
58.0713 	-0.520299 	-0.75445 	2.3163 	0
58.1414 	-0.520299 	-0.75445 	2.3163 	0
58.2115 	-0.520299 	-0.75445 	2.3163 	0
58.2817 	-0.520299 	-0.75445 	2.3163 	0
58.3518 	-0.520299 	-0.75445 	2.3163 	0
58.4219 	-0.520299 	-0.75445 	2.3163 	0
58.4921 	-0.520299 	-0.75445 	2.3163 	0
58.5622 	-0.520299 	-0.75445 	2.3163 	0
58.6324 	-0.520299 	-0.75445 	2.3163 	0
58.7025 	-0.520299 	-0.75445 	2.3163 	0
58.7726 	-0.520299 	-0.75445 	2.3163 	0
58.8428 	-0.520299 	-0.75445 	2.3163 	0
58.9129 	-0.520299 	-0.75445 	2.3163 	0
58.983 	-0.520299 	-0.75445 	2.3163 	0
59.0532 	-0.520299 	-0.75445 	2.3163 	0
59.1233 	-0.520299 	-0.75445 	2.3163 	0
59.1934 	-0.520299 	-0.75445 	2.3163 	0
59.2636 	-0.270969 	-0.728274 	2.32439 	0
59.3337 	-0.270969 	-0.728274 	2.32439 	0
59.4038 	-0.270969 	-0.728274 	2.32439 	0
59.474 	-0.270969 	-0.728274 	2.32439 	0
59.5441 	-0.270969 	-0.728274 	2.32439 	0
59.6142 	-0.270969 	-0.728274 	2.32439 	0
59.6844 	-0.270969 	-0.728274 	2.32439 	0
59.7545 	-0.270969 	-0.728274 	2.32439 	0
59.8246 	-0.270969 	-0.728274 	2.32439 	0
59.8948 	-0.270969 	-0.728274 	2.32439 	0
59.9649 	-0.270969 	-0.728274 	2.32439 	0
60.035 	-0.270969 	-0.728274 	2.32439 	0
60.1052 	-0.270969 	-0.728274 	2.32439 	0
60.1753 	-0.270969 	-0.728274 	2.32439 	0
60.2454 	-0.270969 	-0.728274 	2.32439 	0
60.3156 	-0.270969 	-0.728274 	2.32439 	0
60.3857 	-0.270969 	-0.728274 	2.32439 	0
60.4558 	-0.110021 	-0.614156 	2.28757 	0
60.526 	-0.110021 	-0.614156 	2.28757 	0
60.5961 	-0.110021 	-0.614156 	2.28757 	0
60.6662 	-0.110021 	-0.614156 	2.28757 	0
60.7364 	-0.110021 	-0.614156 	2.28757 	0
60.8065 	-0.110021 	-0.614156 	2.28757 	0
60.8767 	-0.110021 	-0.614156 	2.28757 	0
60.9468 	-0.110021 	-0.614156 	2.28757 	0
61.0169 	-0.110021 	-0.614156 	2.28757 	0
61.0871 	-0.110021 	-0.614156 	2.28757 	0
61.1572 	-0.110021 	-0.614156 	2.28757 	0
61.2273 	-0.110021 	-0.614156 	2.28757 	0
61.2975 	-0.110021 	-0.614156 	2.28757 	0
61.3676 	-0.110021 	-0.614156 	2.28757 	0
61.4377 	-0.110021 	-0.614156 	2.28757 	0
61.5079 	-0.110021 	-0.614156 	2.28757 	0
61.578 	-0.110021 	-0.614156 	2.28757 	0
61.6481 	-0.110021 	-0.614156 	2.28757 	0
61.7183 	-0.0215579 	-0.439082 	2.21463 	0
61.7884 	-0.0215579 	-0.439082 	2.21463 	0
61.8585 	-0.0215579 	-0.439082 	2.21463 	0
61.9287 	-0.0215579 	-0.439082 	2.21463 	0
61.9988 	-0.0215579 	-0.439082 	2.21463 	0
62.0689 	-0.0215579 	-0.439082 	2.21463 	0
62.1391 	-0.0215579 	-0.439082 	2.21463 	0
62.2092 	-0.0215579 	-0.439082 	2.21463 	0
62.2793 	-0.0215579 	-0.439082 	2.21463 	0
62.3495 	-0.0215579 	-0.439082 	2.21463 	0
62.4196 	-0.0215579 	-0.439082 	2.21463 	0
62.4897 	-0.0215579 	-0.439082 	2.21463 	0
62.5599 	-0.0215579 	-0.439082 	2.21463 	0
62.63 	-0.0215579 	-0.439082 	2.21463 	0
62.7001 	-0.0215579 	-0.439082 	2.21463 	0
62.7703 	-0.0215579 	-0.439082 	2.21463 	0
62.8404 	-0.0215579 	-0.439082 	2.21463 	0
62.9105 	0.00919333 	-0.303821 	2.1331 	0
62.9807 	0.00919333 	-0.303821 	2.1331 	0
63.0508 	0.00919333 	-0.303821 	2.1331 	0
63.121 	0.00919333 	-0.303821 	2.1331 	0
63.1911 	0.00919333 	-0.303821 	2.1331 	0
63.2612 	0.00919333 	-0.303821 	2.1331 	0
63.3314 	0.00919333 	-0.303821 	2.1331 	0
63.4015 	0.00919333 	-0.303821 	2.1331 	0
63.4716 	0.00919333 	-0.303821 	2.1331 	0
63.5418 	0.00919333 	-0.303821 	2.1331 	0
63.6119 	0.00919333 	-0.303821 	2.1331 	0
63.682 	0.00919333 	-0.303821 	2.1331 	0
63.7522 	0.00919333 	-0.303821 	2.1331 	0
63.8223 	0.00919333 	-0.303821 	2.1331 	0
63.8924 	0.00919333 	-0.303821 	2.1331 	0
63.9626 	0.00919333 	-0.303821 	2.1331 	0
64.0327 	0.00919333 	-0.303821 	2.1331 	0
64.1028 	0.00919333 	-0.303821 	2.1331 	0
64.173 	0.0168933 	-0.221559 	2.06248 	0
64.2431 	0.0168933 	-0.221559 	2.06248 	0
64.3132 	0.0168933 	-0.221559 	2.06248 	0
64.3834 	0.0168933 	-0.221559 	2.06248 	0
64.4535 	0.0168933 	-0.221559 	2.06248 	0
64.5236 	0.0168933 	-0.221559 	2.06248 	0
64.5938 	0.0168933 	-0.221559 	2.06248 	0
64.6639 	0.0168933 	-0.221559 	2.06248 	0
64.734 	0.0168933 	-0.221559 	2.06248 	0
64.8042 	0.0168933 	-0.221559 	2.06248 	0
64.8743 	0.0168933 	-0.221559 	2.06248 	0
64.9444 	0.0168933 	-0.221559 	2.06248 	0
65.0146 	0.0168933 	-0.221559 	2.06248 	0
65.0847 	0.0168933 	-0.221559 	2.06248 	0
65.1548 	0.0168933 	-0.221559 	2.06248 	0
65.225 	0.0168933 	-0.221559 	2.06248 	0
65.2951 	0.0168933 	-0.221559 	2.06248 	0
65.3653 	0.0168933 	-0.221559 	2.06248 	0
65.4354 	0.0156563 	-0.154096 	1.99822 	0
65.5055 	0.0156563 	-0.154096 	1.99822 	0
65.5757 	0.0156563 	-0.154096 	1.99822 	0
65.6458 	0.0156563 	-0.154096 	1.99822 	0
65.7159 	0.0156563 	-0.154096 	1.99822 	0
65.7861 	0.0156563 	-0.154096 	1.99822 	0
65.8562 	0.0156563 	-0.154096 	1.99822 	0
65.9263 	0.0156563 	-0.154096 	1.99822 	0
65.9965 	0.0156563 	-0.154096 	1.99822 	0
66.0666 	0.0156563 	-0.154096 	1.99822 	0
66.1367 	0.0156563 	-0.154096 	1.99822 	0
66.2069 	0.0156563 	-0.154096 	1.99822 	0
66.277 	0.0156563 	-0.154096 	1.99822 	0
66.3471 	0.0156563 	-0.154096 	1.99822 	0
66.4173 	0.0156563 	-0.154096 	1.99822 	0
66.4874 	0.0156563 	-0.154096 	1.99822 	0
66.5575 	0.0156563 	-0.154096 	1.99822 	0
66.6277 	0.0104494 	-0.124286 	1.963 	0
66.6978 	0.0104494 	-0.124286 	1.963 	0
66.7679 	0.0104494 	-0.124286 	1.963 	0
66.8381 	0.0104494 	-0.124286 	1.963 	0
66.9082 	0.0104494 	-0.124286 	1.963 	0
66.9783 	0.0104494 	-0.124286 	1.963 	0
67.0485 	0.0104494 	-0.124286 	1.963 	0
67.1186 	0.0104494 	-0.124286 	1.963 	0
67.1887 	0.0104494 	-0.124286 	1.963 	0
67.2589 	0.0104494 	-0.124286 	1.963 	0
67.329 	0.0104494 	-0.124286 	1.963 	0
67.3991 	0.0104494 	-0.124286 	1.963 	0
67.4693 	0.0104494 	-0.124286 	1.963 	0
67.5394 	0.0104494 	-0.124286 	1.963 	0
67.6096 	0.0104494 	-0.124286 	1.963 	0
67.6797 	0.0104494 	-0.124286 	1.963 	0
67.7498 	0.0104494 	-0.124286 	1.963 	0
67.82 	0.0104494 	-0.124286 	1.963 	0
67.8901 	0.0038621 	-0.0813238 	1.92265 	0
67.9602 	0.0038621 	-0.0813238 	1.92265 	0
68.0304 	0.0038621 	-0.0813238 	1.92265 	0
68.1005 	0.0038621 	-0.0813238 	1.92265 	0
68.1706 	0.0038621 	-0.0813238 	1.92265 	0
68.2408 	0.0038621 	-0.0813238 	1.92265 	0
68.3109 	0.0038621 	-0.0813238 	1.92265 	0
68.381 	0.0038621 	-0.0813238 	1.92265 	0
68.4512 	0.0038621 	-0.0813238 	1.92265 	0
68.5213 	0.0038621 	-0.0813238 	1.92265 	0
68.5914 	0.0038621 	-0.0813238 	1.92265 	0
68.6616 	0.0038621 	-0.0813238 	1.92265 	0
68.7317 	0.0038621 	-0.0813238 	1.92265 	0
68.8018 	0.0038621 	-0.0813238 	1.92265 	0
68.872 	0.0038621 	-0.0813238 	1.92265 	0
68.9421 	0.0038621 	-0.0813238 	1.92265 	0
69.0122 	0.0038621 	-0.0813238 	1.92265 	0
