0.490941 	1.45381 	0.00576025 	3.0006 	-4.47504e-20
0.561075 	1.45381 	0.00576025 	3.0006 	-4.47504e-20
0.63121 	1.45381 	0.00576025 	3.0006 	-4.47504e-20
0.701344 	1.45381 	0.00576025 	3.0006 	-4.47504e-20
0.771478 	1.45381 	0.00576025 	3.0006 	-4.47504e-20
0.841613 	1.45381 	0.00576025 	3.0006 	-4.47504e-20
0.911747 	1.45381 	0.00576025 	3.0006 	-4.47504e-20
0.981881 	1.45381 	0.00576025 	3.0006 	-4.47504e-20
1.05202 	1.45381 	0.00576025 	3.0006 	-4.47504e-20
1.12215 	1.45381 	0.00576025 	3.0006 	-4.47504e-20
1.19228 	1.45381 	0.00576025 	3.0006 	-4.47504e-20
1.26242 	1.45381 	0.00576025 	3.0006 	-4.47504e-20
1.33255 	1.41449 	0.0140179 	3.01458 	-4.52656e-20
1.40269 	1.41449 	0.0140179 	3.01458 	-4.52656e-20
1.47282 	1.41449 	0.0140179 	3.01458 	-4.52656e-20
1.54296 	1.41449 	0.0140179 	3.01458 	-4.52656e-20
1.61309 	1.41449 	0.0140179 	3.01458 	-4.52656e-20
1.68323 	1.41449 	0.0140179 	3.01458 	-4.52656e-20
1.75336 	1.41449 	0.0140179 	3.01458 	-4.52656e-20
1.82349 	1.41449 	0.0140179 	3.01458 	-4.52656e-20
1.89363 	1.41449 	0.0140179 	3.01458 	-4.52656e-20
1.96376 	1.41449 	0.0140179 	3.01458 	-4.52656e-20
2.0339 	1.41449 	0.0140179 	3.01458 	-4.52656e-20
2.10403 	1.41449 	0.0140179 	3.01458 	-4.52656e-20
2.17417 	1.35372 	0.0142338 	3.03166 	9.50605e-20
2.2443 	1.35372 	0.0142338 	3.03166 	9.50605e-20
2.31443 	1.35372 	0.0142338 	3.03166 	9.50605e-20
2.38457 	1.35372 	0.0142338 	3.03166 	9.50605e-20
2.4547 	1.35372 	0.0142338 	3.03166 	9.50605e-20
2.52484 	1.35372 	0.0142338 	3.03166 	9.50605e-20
2.59497 	1.35372 	0.0142338 	3.03166 	9.50605e-20
2.66511 	1.35372 	0.0142338 	3.03166 	9.50605e-20
2.73524 	1.35372 	0.0142338 	3.03166 	9.50605e-20
2.80538 	1.35372 	0.0142338 	3.03166 	9.50605e-20
2.87551 	1.35372 	0.0142338 	3.03166 	9.50605e-20
2.94564 	1.35372 	0.0142338 	3.03166 	9.50605e-20
3.01578 	1.27976 	0.0163949 	3.05908 	-1.0882e-20
3.08591 	1.27976 	0.0163949 	3.05908 	-1.0882e-20
3.15605 	1.27976 	0.0163949 	3.05908 	-1.0882e-20
3.22618 	1.27976 	0.0163949 	3.05908 	-1.0882e-20
3.29632 	1.27976 	0.0163949 	3.05908 	-1.0882e-20
3.36645 	1.27976 	0.0163949 	3.05908 	-1.0882e-20
3.43659 	1.27976 	0.0163949 	3.05908 	-1.0882e-20
3.50672 	1.27976 	0.0163949 	3.05908 	-1.0882e-20
3.57685 	1.27976 	0.0163949 	3.05908 	-1.0882e-20
3.64699 	1.27976 	0.0163949 	3.05908 	-1.0882e-20
3.71712 	1.27976 	0.0163949 	3.05908 	-1.0882e-20
3.78726 	1.27256 	0.00722328 	3.05528 	2.1339e-20
3.85739 	1.19366 	-0.00085472 	3.08445 	-1.54369e-19
3.92753 	1.19366 	-0.00085472 	3.08445 	-1.54369e-19
3.99766 	1.19366 	-0.00085472 	3.08445 	-1.54369e-19
4.06779 	1.19366 	-0.00085472 	3.08445 	-1.54369e-19
4.13793 	1.19366 	-0.00085472 	3.08445 	-1.54369e-19
4.20806 	1.19366 	-0.00085472 	3.08445 	-1.54369e-19
4.2782 	1.19366 	-0.00085472 	3.08445 	-1.54369e-19
4.34833 	1.19366 	-0.00085472 	3.08445 	-1.54369e-19
4.41847 	1.19366 	-0.00085472 	3.08445 	-1.54369e-19
4.4886 	1.19366 	-0.00085472 	3.08445 	-1.54369e-19
4.55874 	1.19366 	-0.00085472 	3.08445 	-1.54369e-19
4.62887 	1.19366 	-0.00085472 	3.08445 	-1.54369e-19
4.699 	1.19366 	-0.00085472 	3.08445 	-1.54369e-19
4.76914 	1.11495 	0.00562411 	3.10635 	2.98399e-19
4.83927 	1.11495 	0.00562411 	3.10635 	2.98399e-19
4.90941 	1.11495 	0.00562411 	3.10635 	2.98399e-19
4.97954 	1.11495 	0.00562411 	3.10635 	2.98399e-19
5.04968 	1.11495 	0.00562411 	3.10635 	2.98399e-19
5.11981 	1.11495 	0.00562411 	3.10635 	2.98399e-19
5.18994 	1.11495 	0.00562411 	3.10635 	2.98399e-19
5.26008 	1.11495 	0.00562411 	3.10635 	2.98399e-19
5.33021 	1.11495 	0.00562411 	3.10635 	2.98399e-19
5.40035 	1.11495 	0.00562411 	3.10635 	2.98399e-19
5.47048 	1.11495 	0.00562411 	3.10635 	2.98399e-19
5.54062 	1.11495 	0.00562411 	3.10635 	2.98399e-19
5.61075 	1.04031 	-0.00217178 	3.1339 	-1.43802e-19
5.68089 	1.04031 	-0.00217178 	3.1339 	-1.43802e-19
5.75102 	1.04031 	-0.00217178 	3.1339 	-1.43802e-19
5.82115 	1.04031 	-0.00217178 	3.1339 	-1.43802e-19
5.89129 	1.04031 	-0.00217178 	3.1339 	-1.43802e-19
5.96142 	1.04031 	-0.00217178 	3.1339 	-1.43802e-19
6.03156 	1.04031 	-0.00217178 	3.1339 	-1.43802e-19
6.10169 	1.04031 	-0.00217178 	3.1339 	-1.43802e-19
6.17183 	1.04031 	-0.00217178 	3.1339 	-1.43802e-19
6.24196 	1.04031 	-0.00217178 	3.1339 	-1.43802e-19
6.3121 	1.04031 	-0.00217178 	3.1339 	-1.43802e-19
6.38223 	1.04031 	-0.00217178 	3.1339 	-1.43802e-19
6.45236 	0.969039 	0.00553698 	3.15298 	0
6.5225 	0.969039 	0.00553698 	3.15298 	0
6.59263 	0.969039 	0.00553698 	3.15298 	0
6.66277 	0.969039 	0.00553698 	3.15298 	0
6.7329 	0.969039 	0.00553698 	3.15298 	0
6.80304 	0.969039 	0.00553698 	3.15298 	0
6.87317 	0.969039 	0.00553698 	3.15298 	0
6.9433 	0.969039 	0.00553698 	3.15298 	0
7.01344 	0.969039 	0.00553698 	3.15298 	0
7.08357 	0.969039 	0.00553698 	3.15298 	0
7.15371 	0.969039 	0.00553698 	3.15298 	0
7.22384 	0.969039 	0.00553698 	3.15298 	0
7.29398 	0.901098 	-0.00109559 	3.17822 	0
7.36411 	0.901098 	-0.00109559 	3.17822 	0
7.43425 	0.901098 	-0.00109559 	3.17822 	0
7.50438 	0.901098 	-0.00109559 	3.17822 	0
7.57451 	0.901098 	-0.00109559 	3.17822 	0
7.64465 	0.901098 	-0.00109559 	3.17822 	0
7.71478 	0.901098 	-0.00109559 	3.17822 	0
7.78492 	0.901098 	-0.00109559 	3.17822 	0
7.85505 	0.901098 	-0.00109559 	3.17822 	0
7.92519 	0.901098 	-0.00109559 	3.17822 	0
7.99532 	0.901098 	-0.00109559 	3.17822 	0
8.06545 	0.901098 	-0.00109559 	3.17822 	0
8.13559 	0.901098 	-0.00109559 	3.17822 	0
8.20572 	0.83397 	0.00838407 	3.19559 	3.76492e-22
8.27586 	0.83397 	0.00838407 	3.19559 	3.76492e-22
8.34599 	0.83397 	0.00838407 	3.19559 	3.76492e-22
8.41613 	0.83397 	0.00838407 	3.19559 	3.76492e-22
8.48626 	0.83397 	0.00838407 	3.19559 	3.76492e-22
8.5564 	0.83397 	0.00838407 	3.19559 	3.76492e-22
8.62653 	0.83397 	0.00838407 	3.19559 	3.76492e-22
8.69666 	0.83397 	0.00838407 	3.19559 	3.76492e-22
8.7668 	0.83397 	0.00838407 	3.19559 	3.76492e-22
8.83693 	0.83397 	0.00838407 	3.19559 	3.76492e-22
8.90707 	0.83397 	0.00838407 	3.19559 	3.76492e-22
8.9772 	0.83397 	0.00838407 	3.19559 	3.76492e-22
9.04734 	0.767614 	0.0043524 	3.22016 	1.95966e-19
9.11747 	0.767614 	0.0043524 	3.22016 	1.95966e-19
9.18761 	0.767614 	0.0043524 	3.22016 	1.95966e-19
9.25774 	0.767614 	0.0043524 	3.22016 	1.95966e-19
9.32787 	0.767614 	0.0043524 	3.22016 	1.95966e-19
9.39801 	0.767614 	0.0043524 	3.22016 	1.95966e-19
9.46814 	0.767614 	0.0043524 	3.22016 	1.95966e-19
9.53828 	0.767614 	0.0043524 	3.22016 	1.95966e-19
9.60841 	0.767614 	0.0043524 	3.22016 	1.95966e-19
9.67855 	0.767614 	0.0043524 	3.22016 	1.95966e-19
9.74868 	0.767614 	0.0043524 	3.22016 	1.95966e-19
9.81881 	0.767614 	0.0043524 	3.22016 	1.95966e-19
9.88895 	0.767614 	0.0043524 	3.22016 	1.95966e-19
9.95908 	0.700449 	0.0192866 	3.23721 	-6.7514e-21
10.0292 	0.700449 	0.0192866 	3.23721 	-6.7514e-21
10.0994 	0.700449 	0.0192866 	3.23721 	-6.7514e-21
10.1695 	0.700449 	0.0192866 	3.23721 	-6.7514e-21
10.2396 	0.700449 	0.0192866 	3.23721 	-6.7514e-21
10.3098 	0.700449 	0.0192866 	3.23721 	-6.7514e-21
10.3799 	0.700449 	0.0192866 	3.23721 	-6.7514e-21
10.45 	0.700449 	0.0192866 	3.23721 	-6.7514e-21
10.5202 	0.700449 	0.0192866 	3.23721 	-6.7514e-21
10.5903 	0.700449 	0.0192866 	3.23721 	-6.7514e-21
10.6604 	0.700449 	0.0192866 	3.23721 	-6.7514e-21
10.7306 	0.700449 	0.0192866 	3.23721 	-6.7514e-21
10.8007 	0.632222 	0.0259273 	3.26211 	-1.87168e-19
10.8708 	0.632222 	0.0259273 	3.26211 	-1.87168e-19
10.941 	0.632222 	0.0259273 	3.26211 	-1.87168e-19
11.0111 	0.632222 	0.0259273 	3.26211 	-1.87168e-19
11.0812 	0.632222 	0.0259273 	3.26211 	-1.87168e-19
11.1514 	0.632222 	0.0259273 	3.26211 	-1.87168e-19
11.2215 	0.632222 	0.0259273 	3.26211 	-1.87168e-19
11.2916 	0.632222 	0.0259273 	3.26211 	-1.87168e-19
11.3618 	0.632222 	0.0259273 	3.26211 	-1.87168e-19
11.4319 	0.632222 	0.0259273 	3.26211 	-1.87168e-19
11.502 	0.632222 	0.0259273 	3.26211 	-1.87168e-19
11.5722 	0.632222 	0.0259273 	3.26211 	-1.87168e-19
11.6423 	0.632222 	0.0259273 	3.26211 	-1.87168e-19
11.7124 	0.557399 	0.0588169 	3.28175 	-2.64793e-19
11.7826 	0.557399 	0.0588169 	3.28175 	-2.64793e-19
11.8527 	0.557399 	0.0588169 	3.28175 	-2.64793e-19
11.9228 	0.557399 	0.0588169 	3.28175 	-2.64793e-19
11.993 	0.557399 	0.0588169 	3.28175 	-2.64793e-19
12.0631 	0.557399 	0.0588169 	3.28175 	-2.64793e-19
12.1332 	0.557399 	0.0588169 	3.28175 	-2.64793e-19
12.2034 	0.557399 	0.0588169 	3.28175 	-2.64793e-19
12.2735 	0.557399 	0.0588169 	3.28175 	-2.64793e-19
12.3437 	0.557399 	0.0588169 	3.28175 	-2.64793e-19
12.4138 	0.557399 	0.0588169 	3.28175 	-2.64793e-19
12.4839 	0.557399 	0.0588169 	3.28175 	-2.64793e-19
12.5541 	0.557399 	0.0588169 	3.28175 	-2.64793e-19
12.6242 	0.470944 	0.0858993 	3.31005 	4.89106e-19
12.6943 	0.470944 	0.0858993 	3.31005 	4.89106e-19
12.7645 	0.470944 	0.0858993 	3.31005 	4.89106e-19
12.8346 	0.470944 	0.0858993 	3.31005 	4.89106e-19
12.9047 	0.470944 	0.0858993 	3.31005 	4.89106e-19
12.9749 	0.470944 	0.0858993 	3.31005 	4.89106e-19
13.045 	0.470944 	0.0858993 	3.31005 	4.89106e-19
13.1151 	0.470944 	0.0858993 	3.31005 	4.89106e-19
13.1853 	0.470944 	0.0858993 	3.31005 	4.89106e-19
13.2554 	0.470944 	0.0858993 	3.31005 	4.89106e-19
13.3255 	0.470944 	0.0858993 	3.31005 	4.89106e-19
13.3957 	0.470944 	0.0858993 	3.31005 	4.89106e-19
13.4658 	0.470944 	0.0858993 	3.31005 	4.89106e-19
13.5359 	0.355696 	0.164736 	3.34653 	-2.23631e-19
13.6061 	0.355696 	0.164736 	3.34653 	-2.23631e-19
13.6762 	0.355696 	0.164736 	3.34653 	-2.23631e-19
13.7463 	0.355696 	0.164736 	3.34653 	-2.23631e-19
13.8165 	0.355696 	0.164736 	3.34653 	-2.23631e-19
13.8866 	0.355696 	0.164736 	3.34653 	-2.23631e-19
13.9567 	0.355696 	0.164736 	3.34653 	-2.23631e-19
14.0269 	0.355696 	0.164736 	3.34653 	-2.23631e-19
14.097 	0.355696 	0.164736 	3.34653 	-2.23631e-19
14.1671 	0.355696 	0.164736 	3.34653 	-2.23631e-19
14.2373 	0.355696 	0.164736 	3.34653 	-2.23631e-19
14.3074 	0.355696 	0.164736 	3.34653 	-2.23631e-19
14.3776 	0.244744 	0.190319 	3.37078 	0
14.4477 	0.0330558 	0.187074 	3.43147 	4.24185e-20
14.5178 	0.0330558 	0.187074 	3.43147 	4.24185e-20
14.588 	0.0330558 	0.187074 	3.43147 	4.24185e-20
14.6581 	0.0330558 	0.187074 	3.43147 	4.24185e-20
14.7282 	0.0330558 	0.187074 	3.43147 	4.24185e-20
14.7984 	0.0330558 	0.187074 	3.43147 	4.24185e-20
14.8685 	0.0564501 	0.213078 	3.42285 	-8.89441e-20
14.9386 	0.0564501 	0.213078 	3.42285 	-8.89441e-20
15.0088 	0.0564501 	0.213078 	3.42285 	-8.89441e-20
15.0789 	0.0564501 	0.213078 	3.42285 	-8.89441e-20
15.149 	0.0564501 	0.213078 	3.42285 	-8.89441e-20
15.2192 	-0.191096 	0.279043 	3.49154 	-2.77996e-19
15.2893 	-0.191096 	0.279043 	3.49154 	-2.77996e-19
15.3594 	-0.191096 	0.279043 	3.49154 	-2.77996e-19
15.4296 	-0.0634074 	0.353498 	3.44726 	1.74567e-19
15.4997 	-0.0634074 	0.353498 	3.44726 	1.74567e-19
15.5698 	-0.0634074 	0.353498 	3.44726 	1.74567e-19
15.64 	-0.0634074 	0.353498 	3.44726 	1.74567e-19
15.7101 	-0.0634074 	0.353498 	3.44726 	1.74567e-19
15.7802 	-0.0634074 	0.353498 	3.44726 	1.74567e-19
15.8504 	-0.0634074 	0.353498 	3.44726 	1.74567e-19
15.9205 	-0.332426 	0.353722 	3.54796 	9.8366e-20
15.9906 	-0.332426 	0.353722 	3.54796 	9.8366e-20
16.0608 	-0.332426 	0.353722 	3.54796 	9.8366e-20
16.1309 	-0.115594 	0.443266 	3.45895 	-8.20844e-21
16.201 	-0.115594 	0.443266 	3.45895 	-8.20844e-21
16.2712 	-0.115594 	0.443266 	3.45895 	-8.20844e-21
16.3413 	-0.115594 	0.443266 	3.45895 	-8.20844e-21
16.4114 	-0.115594 	0.443266 	3.45895 	-8.20844e-21
16.4816 	-0.115594 	0.443266 	3.45895 	-8.20844e-21
16.5517 	-0.115594 	0.443266 	3.45895 	-8.20844e-21
16.6219 	-0.312948 	0.545588 	3.53923 	0
16.692 	-0.312948 	0.545588 	3.53923 	0
16.7621 	-0.312948 	0.545588 	3.53923 	0
16.8323 	-0.312948 	0.545588 	3.53923 	0
16.9024 	-0.312948 	0.545588 	3.53923 	0
16.9725 	-0.0706694 	0.551891 	3.43615 	1.00388e-20
17.0427 	-0.0706694 	0.551891 	3.43615 	1.00388e-20
17.1128 	-0.0706694 	0.551891 	3.43615 	1.00388e-20
17.1829 	-0.0706694 	0.551891 	3.43615 	1.00388e-20
17.2531 	-0.23157 	0.642064 	3.49474 	-2.35329e-19
17.3232 	-0.23157 	0.642064 	3.49474 	-2.35329e-19
17.3933 	-0.23157 	0.642064 	3.49474 	-2.35329e-19
17.4635 	-0.23157 	0.642064 	3.49474 	-2.35329e-19
17.5336 	-0.23157 	0.642064 	3.49474 	-2.35329e-19
17.6037 	-0.23157 	0.642064 	3.49474 	-2.35329e-19
17.6739 	-0.23157 	0.642064 	3.49474 	-2.35329e-19
17.744 	-0.23157 	0.642064 	3.49474 	-2.35329e-19
17.8141 	-0.23157 	0.642064 	3.49474 	-2.35329e-19
17.8843 	-0.23157 	0.642064 	3.49474 	-2.35329e-19
17.9544 	-0.145559 	0.659889 	3.40503 	0
18.0245 	-0.145559 	0.659889 	3.40503 	0
18.0947 	-0.145559 	0.659889 	3.40503 	0
18.1648 	-0.145559 	0.659889 	3.40503 	0
18.2349 	-0.145559 	0.659889 	3.40503 	0
18.3051 	-0.145559 	0.659889 	3.40503 	0
18.3752 	-0.145559 	0.659889 	3.40503 	0
18.4453 	-0.145559 	0.659889 	3.40503 	0
18.5155 	-0.145559 	0.659889 	3.40503 	0
18.5856 	-0.246349 	0.755599 	3.45418 	0
18.6557 	-0.246349 	0.755599 	3.45418 	0
18.7259 	-0.246349 	0.755599 	3.45418 	0
18.796 	-0.246349 	0.755599 	3.45418 	0
18.8662 	-0.246349 	0.755599 	3.45418 	0
18.9363 	-0.246349 	0.755599 	3.45418 	0
19.0064 	-0.246349 	0.755599 	3.45418 	0
19.0766 	-0.246349 	0.755599 	3.45418 	0
19.1467 	-0.246349 	0.755599 	3.45418 	0
19.2168 	-0.299336 	0.809071 	3.4355 	1.70744e-19
19.287 	-0.0557002 	0.726875 	3.19875 	6.38356e-20
19.3571 	-0.0557002 	0.726875 	3.19875 	6.38356e-20
19.4272 	-0.0557002 	0.726875 	3.19875 	6.38356e-20
19.4974 	-0.0557002 	0.726875 	3.19875 	6.38356e-20
19.5675 	-0.0557002 	0.726875 	3.19875 	6.38356e-20
19.6376 	-0.0557002 	0.726875 	3.19875 	6.38356e-20
19.7078 	-0.0557002 	0.726875 	3.19875 	6.38356e-20
19.7779 	-0.0557002 	0.726875 	3.19875 	6.38356e-20
19.848 	-0.0557002 	0.726875 	3.19875 	6.38356e-20
19.9182 	-0.109287 	0.80232 	3.28389 	1.09615e-19
19.9883 	-0.109287 	0.80232 	3.28389 	1.09615e-19
20.0584 	-0.109287 	0.80232 	3.28389 	1.09615e-19
20.1286 	-0.109287 	0.80232 	3.28389 	1.09615e-19
20.1987 	-0.109287 	0.80232 	3.28389 	1.09615e-19
20.2688 	-0.109287 	0.80232 	3.28389 	1.09615e-19
20.339 	-0.109287 	0.80232 	3.28389 	1.09615e-19
20.4091 	-0.109287 	0.80232 	3.28389 	1.09615e-19
20.4792 	-0.109287 	0.80232 	3.28389 	1.09615e-19
20.5494 	-0.109287 	0.80232 	3.28389 	1.09615e-19
20.6195 	-0.168906 	0.851026 	3.32455 	1.2036e-19
20.6896 	-0.168906 	0.851026 	3.32455 	1.2036e-19
20.7598 	-0.168906 	0.851026 	3.32455 	1.2036e-19
20.8299 	-0.168906 	0.851026 	3.32455 	1.2036e-19
20.9 	-0.0742769 	0.733481 	2.68567 	5.10261e-20
20.9702 	-0.0742769 	0.733481 	2.68567 	5.10261e-20
21.0403 	-0.0742769 	0.733481 	2.68567 	5.10261e-20
21.1105 	-0.0742769 	0.733481 	2.68567 	5.10261e-20
21.1806 	-0.0742769 	0.733481 	2.68567 	5.10261e-20
21.2507 	-0.0742769 	0.733481 	2.68567 	5.10261e-20
21.3209 	-0.12011 	0.796718 	2.88918 	0
21.391 	-0.12011 	0.796718 	2.88918 	0
21.4611 	-0.12011 	0.796718 	2.88918 	0
21.5313 	-0.12011 	0.796718 	2.88918 	0
21.6014 	-0.12011 	0.796718 	2.88918 	0
21.6715 	-0.12011 	0.796718 	2.88918 	0
21.7417 	-0.12011 	0.796718 	2.88918 	0
21.8118 	-0.12011 	0.796718 	2.88918 	0
21.8819 	-0.12011 	0.796718 	2.88918 	0
21.9521 	-0.12011 	0.796718 	2.88918 	0
22.0222 	-0.12011 	0.796718 	2.88918 	0
22.0923 	-0.163259 	0.855797 	3.02347 	1.17287e-19
22.1625 	-0.163259 	0.855797 	3.02347 	1.17287e-19
22.2326 	-0.163259 	0.855797 	3.02347 	1.17287e-19
22.3027 	-0.163259 	0.855797 	3.02347 	1.17287e-19
22.3729 	-0.163259 	0.855797 	3.02347 	1.17287e-19
22.443 	-0.163259 	0.855797 	3.02347 	1.17287e-19
22.5131 	-0.163259 	0.855797 	3.02347 	1.17287e-19
22.5833 	-0.163259 	0.855797 	3.02347 	1.17287e-19
22.6534 	-0.163259 	0.855797 	3.02347 	1.17287e-19
22.7235 	-0.163259 	0.855797 	3.02347 	1.17287e-19
22.7937 	-0.163259 	0.855797 	3.02347 	1.17287e-19
22.8638 	-0.214069 	0.90003 	3.10458 	-3.29862e-19
22.9339 	-0.214069 	0.90003 	3.10458 	-3.29862e-19
23.0041 	-0.214069 	0.90003 	3.10458 	-3.29862e-19
23.0742 	-0.179584 	0.718777 	2.15127 	-4.503e-20
23.1443 	-0.179584 	0.718777 	2.15127 	-4.503e-20
23.2145 	-0.179584 	0.718777 	2.15127 	-4.503e-20
23.2846 	-0.179584 	0.718777 	2.15127 	-4.503e-20
23.3548 	-0.179584 	0.718777 	2.15127 	-4.503e-20
23.4249 	-0.179584 	0.718777 	2.15127 	-4.503e-20
23.495 	-0.179584 	0.718777 	2.15127 	-4.503e-20
23.5652 	-0.179584 	0.718777 	2.15127 	-4.503e-20
23.6353 	-0.179584 	0.718777 	2.15127 	-4.503e-20
23.7054 	-0.229997 	0.764556 	2.30141 	5.06967e-20
23.7756 	-0.229997 	0.764556 	2.30141 	5.06967e-20
23.8457 	-0.229997 	0.764556 	2.30141 	5.06967e-20
23.9158 	-0.229997 	0.764556 	2.30141 	5.06967e-20
23.986 	-0.229997 	0.764556 	2.30141 	5.06967e-20
24.0561 	-0.229997 	0.764556 	2.30141 	5.06967e-20
24.1262 	-0.229997 	0.764556 	2.30141 	5.06967e-20
24.1964 	-0.229997 	0.764556 	2.30141 	5.06967e-20
24.2665 	-0.229997 	0.764556 	2.30141 	5.06967e-20
24.3366 	-0.229997 	0.764556 	2.30141 	5.06967e-20
24.4068 	-0.229997 	0.764556 	2.30141 	5.06967e-20
24.4769 	-0.229997 	0.764556 	2.30141 	5.06967e-20
24.547 	-0.229997 	0.764556 	2.30141 	5.06967e-20
24.6172 	-0.279376 	0.818494 	2.45253 	-3.85735e-19
24.6873 	-0.279376 	0.818494 	2.45253 	-3.85735e-19
24.7574 	-0.279376 	0.818494 	2.45253 	-3.85735e-19
24.8276 	-0.279376 	0.818494 	2.45253 	-3.85735e-19
24.8977 	-0.279376 	0.818494 	2.45253 	-3.85735e-19
24.9678 	-0.279376 	0.818494 	2.45253 	-3.85735e-19
25.038 	-0.279376 	0.818494 	2.45253 	-3.85735e-19
25.1081 	-0.279376 	0.818494 	2.45253 	-3.85735e-19
25.1782 	-0.279376 	0.818494 	2.45253 	-3.85735e-19
25.2484 	-0.279376 	0.818494 	2.45253 	-3.85735e-19
25.3185 	-0.279376 	0.818494 	2.45253 	-3.85735e-19
25.3886 	-0.279376 	0.818494 	2.45253 	-3.85735e-19
25.4588 	-0.324217 	0.859843 	2.54829 	4.00107e-19
25.5289 	-0.324217 	0.859843 	2.54829 	4.00107e-19
25.5991 	-0.324217 	0.859843 	2.54829 	4.00107e-19
25.6692 	-0.324217 	0.859843 	2.54829 	4.00107e-19
25.7393 	-0.324217 	0.859843 	2.54829 	4.00107e-19
25.8095 	-0.324217 	0.859843 	2.54829 	4.00107e-19
25.8796 	-0.324217 	0.859843 	2.54829 	4.00107e-19
25.9497 	-0.324217 	0.859843 	2.54829 	4.00107e-19
26.0199 	-0.324217 	0.859843 	2.54829 	4.00107e-19
26.09 	-0.285264 	0.633464 	1.65342 	6.28594e-20
26.1601 	-0.285264 	0.633464 	1.65342 	6.28594e-20
26.2303 	-0.285264 	0.633464 	1.65342 	6.28594e-20
26.3004 	-0.285264 	0.633464 	1.65342 	6.28594e-20
26.3705 	-0.285264 	0.633464 	1.65342 	6.28594e-20
26.4407 	-0.3197 	0.653433 	1.70075 	-9.03534e-20
26.5108 	-0.3197 	0.653433 	1.70075 	-9.03534e-20
26.5809 	-0.3197 	0.653433 	1.70075 	-9.03534e-20
26.6511 	-0.3197 	0.653433 	1.70075 	-9.03534e-20
26.7212 	-0.3197 	0.653433 	1.70075 	-9.03534e-20
26.7913 	-0.3197 	0.653433 	1.70075 	-9.03534e-20
26.8615 	-0.3197 	0.653433 	1.70075 	-9.03534e-20
26.9316 	-0.3197 	0.653433 	1.70075 	-9.03534e-20
27.0017 	-0.3197 	0.653433 	1.70075 	-9.03534e-20
27.0719 	-0.3197 	0.653433 	1.70075 	-9.03534e-20
27.142 	-0.3197 	0.653433 	1.70075 	-9.03534e-20
27.2121 	-0.3197 	0.653433 	1.70075 	-9.03534e-20
27.2823 	-0.3197 	0.653433 	1.70075 	-9.03534e-20
27.3524 	-0.354671 	0.663159 	1.74106 	0
27.4225 	-0.354671 	0.663159 	1.74106 	0
27.4927 	-0.354671 	0.663159 	1.74106 	0
27.5628 	-0.354671 	0.663159 	1.74106 	0
27.6329 	-0.354671 	0.663159 	1.74106 	0
27.7031 	-0.354671 	0.663159 	1.74106 	0
27.7732 	-0.354671 	0.663159 	1.74106 	0
27.8434 	-0.354671 	0.663159 	1.74106 	0
27.9135 	-0.354671 	0.663159 	1.74106 	0
27.9836 	-0.354671 	0.663159 	1.74106 	0
28.0538 	-0.354671 	0.663159 	1.74106 	0
28.1239 	-0.354671 	0.663159 	1.74106 	0
28.194 	-0.354671 	0.663159 	1.74106 	0
28.2642 	-0.354671 	0.663159 	1.74106 	0
28.3343 	-0.354671 	0.663159 	1.74106 	0
28.4044 	-0.384531 	0.667376 	1.74803 	0
28.4746 	-0.384531 	0.667376 	1.74803 	0
28.5447 	-0.384531 	0.667376 	1.74803 	0
28.6148 	-0.384531 	0.667376 	1.74803 	0
28.685 	-0.384531 	0.667376 	1.74803 	0
28.7551 	-0.384531 	0.667376 	1.74803 	0
28.8252 	-0.384531 	0.667376 	1.74803 	0
28.8954 	-0.384531 	0.667376 	1.74803 	0
28.9655 	-0.384531 	0.667376 	1.74803 	0
29.0356 	-0.384531 	0.667376 	1.74803 	0
29.1058 	-0.384531 	0.667376 	1.74803 	0
29.1759 	-0.384531 	0.667376 	1.74803 	0
29.246 	-0.384531 	0.667376 	1.74803 	0
29.3162 	-0.384531 	0.667376 	1.74803 	0
29.3863 	-0.384531 	0.667376 	1.74803 	0
29.4564 	-0.398831 	0.654002 	1.73638 	-1.65769e-19
29.5266 	-0.398831 	0.654002 	1.73638 	-1.65769e-19
29.5967 	-0.398831 	0.654002 	1.73638 	-1.65769e-19
29.6668 	-0.398831 	0.654002 	1.73638 	-1.65769e-19
29.737 	-0.398831 	0.654002 	1.73638 	-1.65769e-19
29.8071 	-0.398831 	0.654002 	1.73638 	-1.65769e-19
29.8773 	-0.398831 	0.654002 	1.73638 	-1.65769e-19
29.9474 	-0.398831 	0.654002 	1.73638 	-1.65769e-19
30.0175 	-0.398831 	0.654002 	1.73638 	-1.65769e-19
30.0877 	-0.398831 	0.654002 	1.73638 	-1.65769e-19
30.1578 	-0.398831 	0.654002 	1.73638 	-1.65769e-19
30.2279 	-0.398831 	0.654002 	1.73638 	-1.65769e-19
30.2981 	-0.398831 	0.654002 	1.73638 	-1.65769e-19
30.3682 	-0.398831 	0.654002 	1.73638 	-1.65769e-19
30.4383 	-0.398831 	0.654002 	1.73638 	-1.65769e-19
30.5085 	-0.398831 	0.654002 	1.73638 	-1.65769e-19
30.5786 	-0.38684 	0.629858 	1.6892 	1.76244e-20
30.6487 	-0.38684 	0.629858 	1.6892 	1.76244e-20
30.7189 	-0.38684 	0.629858 	1.6892 	1.76244e-20
30.789 	-0.38684 	0.629858 	1.6892 	1.76244e-20
30.8591 	-0.38684 	0.629858 	1.6892 	1.76244e-20
30.9293 	-0.38684 	0.629858 	1.6892 	1.76244e-20
30.9994 	-0.38684 	0.629858 	1.6892 	1.76244e-20
31.0695 	-0.38684 	0.629858 	1.6892 	1.76244e-20
31.1397 	-0.38684 	0.629858 	1.6892 	1.76244e-20
31.2098 	-0.38684 	0.629858 	1.6892 	1.76244e-20
31.2799 	-0.38684 	0.629858 	1.6892 	1.76244e-20
31.3501 	-0.38684 	0.629858 	1.6892 	1.76244e-20
31.4202 	-0.38684 	0.629858 	1.6892 	1.76244e-20
31.4903 	-0.38684 	0.629858 	1.6892 	1.76244e-20
31.5605 	-0.42092 	0.529192 	1.51004 	-2.56413e-19
31.6306 	-0.42092 	0.529192 	1.51004 	-2.56413e-19
31.7007 	-0.392275 	0.502108 	1.48938 	1.59017e-19
31.7709 	-0.392275 	0.502108 	1.48938 	1.59017e-19
31.841 	-0.392275 	0.502108 	1.48938 	1.59017e-19
31.9111 	-0.392275 	0.502108 	1.48938 	1.59017e-19
31.9813 	-0.392275 	0.502108 	1.48938 	1.59017e-19
32.0514 	-0.392275 	0.502108 	1.48938 	1.59017e-19
32.1216 	-0.392275 	0.502108 	1.48938 	1.59017e-19
32.1917 	-0.392275 	0.502108 	1.48938 	1.59017e-19
32.2618 	-0.392275 	0.502108 	1.48938 	1.59017e-19
32.332 	-0.392275 	0.502108 	1.48938 	1.59017e-19
32.4021 	-0.392275 	0.502108 	1.48938 	1.59017e-19
32.4722 	-0.392275 	0.502108 	1.48938 	1.59017e-19
32.5424 	-0.392275 	0.502108 	1.48938 	1.59017e-19
32.6125 	-0.392275 	0.502108 	1.48938 	1.59017e-19
32.6826 	-0.392275 	0.502108 	1.48938 	1.59017e-19
32.7528 	-0.392275 	0.502108 	1.48938 	1.59017e-19
32.8229 	-0.392275 	0.502108 	1.48938 	1.59017e-19
32.893 	-0.392275 	0.502108 	1.48938 	1.59017e-19
32.9632 	-0.348567 	0.458475 	1.45866 	3.98978e-20
33.0333 	-0.348567 	0.458475 	1.45866 	3.98978e-20
33.1034 	-0.348567 	0.458475 	1.45866 	3.98978e-20
33.1736 	-0.348567 	0.458475 	1.45866 	3.98978e-20
33.2437 	-0.348567 	0.458475 	1.45866 	3.98978e-20
33.3138 	-0.348567 	0.458475 	1.45866 	3.98978e-20
33.384 	-0.348567 	0.458475 	1.45866 	3.98978e-20
33.4541 	-0.348567 	0.458475 	1.45866 	3.98978e-20
33.5242 	-0.348567 	0.458475 	1.45866 	3.98978e-20
33.5944 	-0.348567 	0.458475 	1.45866 	3.98978e-20
33.6645 	-0.348567 	0.458475 	1.45866 	3.98978e-20
33.7346 	-0.348567 	0.458475 	1.45866 	3.98978e-20
33.8048 	-0.348567 	0.458475 	1.45866 	3.98978e-20
33.8749 	-0.348567 	0.458475 	1.45866 	3.98978e-20
33.945 	-0.348567 	0.458475 	1.45866 	3.98978e-20
34.0152 	-0.348567 	0.458475 	1.45866 	3.98978e-20
34.0853 	-0.348567 	0.458475 	1.45866 	3.98978e-20
34.1554 	-0.348567 	0.458475 	1.45866 	3.98978e-20
34.2256 	-0.305086 	0.392742 	1.42835 	-2.1584e-20
34.2957 	-0.305086 	0.392742 	1.42835 	-2.1584e-20
34.3659 	-0.305086 	0.392742 	1.42835 	-2.1584e-20
34.436 	-0.305086 	0.392742 	1.42835 	-2.1584e-20
34.5061 	-0.305086 	0.392742 	1.42835 	-2.1584e-20
34.5763 	-0.305086 	0.392742 	1.42835 	-2.1584e-20
34.6464 	-0.305086 	0.392742 	1.42835 	-2.1584e-20
34.7165 	-0.305086 	0.392742 	1.42835 	-2.1584e-20
34.7867 	-0.305086 	0.392742 	1.42835 	-2.1584e-20
34.8568 	-0.305086 	0.392742 	1.42835 	-2.1584e-20
34.9269 	-0.305086 	0.392742 	1.42835 	-2.1584e-20
34.9971 	-0.305086 	0.392742 	1.42835 	-2.1584e-20
35.0672 	-0.305086 	0.392742 	1.42835 	-2.1584e-20
35.1373 	-0.305086 	0.392742 	1.42835 	-2.1584e-20
35.2075 	-0.305086 	0.392742 	1.42835 	-2.1584e-20
35.2776 	-0.305086 	0.392742 	1.42835 	-2.1584e-20
35.3477 	-0.305086 	0.392742 	1.42835 	-2.1584e-20
35.4179 	-0.305086 	0.392742 	1.42835 	-2.1584e-20
35.488 	-0.305086 	0.392742 	1.42835 	-2.1584e-20
35.5581 	-0.305086 	0.392742 	1.42835 	-2.1584e-20
35.6283 	-0.279191 	0.304079 	1.41149 	-6.86718e-21
35.6984 	-0.279191 	0.304079 	1.41149 	-6.86718e-21
35.7685 	-0.279191 	0.304079 	1.41149 	-6.86718e-21
35.8387 	-0.279191 	0.304079 	1.41149 	-6.86718e-21
35.9088 	-0.279191 	0.304079 	1.41149 	-6.86718e-21
35.9789 	-0.279191 	0.304079 	1.41149 	-6.86718e-21
36.0491 	-0.279191 	0.304079 	1.41149 	-6.86718e-21
36.1192 	-0.279191 	0.304079 	1.41149 	-6.86718e-21
36.1893 	-0.279191 	0.304079 	1.41149 	-6.86718e-21
36.2595 	-0.279191 	0.304079 	1.41149 	-6.86718e-21
36.3296 	-0.279191 	0.304079 	1.41149 	-6.86718e-21
36.3997 	-0.279191 	0.304079 	1.41149 	-6.86718e-21
36.4699 	-0.279191 	0.304079 	1.41149 	-6.86718e-21
36.54 	-0.279191 	0.304079 	1.41149 	-6.86718e-21
36.6102 	-0.279191 	0.304079 	1.41149 	-6.86718e-21
36.6803 	-0.279191 	0.304079 	1.41149 	-6.86718e-21
36.7504 	-0.279191 	0.304079 	1.41149 	-6.86718e-21
36.8206 	-0.279191 	0.304079 	1.41149 	-6.86718e-21
36.8907 	-0.279191 	0.304079 	1.41149 	-6.86718e-21
36.9608 	-0.279191 	0.304079 	1.41149 	-6.86718e-21
37.031 	-0.279191 	0.304079 	1.41149 	-6.86718e-21
37.1011 	-0.281694 	0.226056 	1.41645 	0
37.1712 	-0.281694 	0.226056 	1.41645 	0
37.2414 	-0.281694 	0.226056 	1.41645 	0
37.3115 	-0.281694 	0.226056 	1.41645 	0
37.3816 	-0.281694 	0.226056 	1.41645 	0
37.4518 	-0.281694 	0.226056 	1.41645 	0
37.5219 	-0.281694 	0.226056 	1.41645 	0
37.592 	-0.281694 	0.226056 	1.41645 	0
37.6622 	-0.281694 	0.226056 	1.41645 	0
37.7323 	-0.281694 	0.226056 	1.41645 	0
37.8024 	-0.281694 	0.226056 	1.41645 	0
37.8726 	-0.281694 	0.226056 	1.41645 	0
37.9427 	-0.281694 	0.226056 	1.41645 	0
38.0128 	-0.281694 	0.226056 	1.41645 	0
38.083 	-0.281694 	0.226056 	1.41645 	0
38.1531 	-0.281694 	0.226056 	1.41645 	0
38.2232 	-0.281694 	0.226056 	1.41645 	0
38.2934 	-0.294933 	0.169425 	1.42718 	0
38.3635 	-0.294933 	0.169425 	1.42718 	0
38.4336 	-0.294933 	0.169425 	1.42718 	0
38.5038 	-0.294933 	0.169425 	1.42718 	0
38.5739 	-0.294933 	0.169425 	1.42718 	0
38.644 	-0.294933 	0.169425 	1.42718 	0
38.7142 	-0.294933 	0.169425 	1.42718 	0
38.7843 	-0.294933 	0.169425 	1.42718 	0
38.8545 	-0.294933 	0.169425 	1.42718 	0
38.9246 	-0.294933 	0.169425 	1.42718 	0
38.9947 	-0.294933 	0.169425 	1.42718 	0
39.0649 	-0.294933 	0.169425 	1.42718 	0
39.135 	-0.294933 	0.169425 	1.42718 	0
39.2051 	-0.294933 	0.169425 	1.42718 	0
39.2753 	-0.294933 	0.169425 	1.42718 	0
39.3454 	-0.294933 	0.169425 	1.42718 	0
39.4155 	-0.294933 	0.169425 	1.42718 	0
39.4857 	-0.294933 	0.169425 	1.42718 	0
39.5558 	-0.305871 	0.121018 	1.43577 	0
39.6259 	-0.305871 	0.121018 	1.43577 	0
39.6961 	-0.305871 	0.121018 	1.43577 	0
39.7662 	-0.305871 	0.121018 	1.43577 	0
39.8363 	-0.305871 	0.121018 	1.43577 	0
39.9065 	-0.305871 	0.121018 	1.43577 	0
39.9766 	-0.305871 	0.121018 	1.43577 	0
40.0467 	-0.305871 	0.121018 	1.43577 	0
40.1169 	-0.305871 	0.121018 	1.43577 	0
40.187 	-0.305871 	0.121018 	1.43577 	0
40.2571 	-0.305871 	0.121018 	1.43577 	0
40.3273 	-0.305871 	0.121018 	1.43577 	0
40.3974 	-0.305871 	0.121018 	1.43577 	0
40.4675 	-0.305871 	0.121018 	1.43577 	0
40.5377 	-0.305871 	0.121018 	1.43577 	0
40.6078 	-0.305871 	0.121018 	1.43577 	0
40.6779 	-0.305871 	0.121018 	1.43577 	0
40.7481 	-0.309797 	0.0718795 	1.44239 	0
40.8182 	-0.309797 	0.0718795 	1.44239 	0
40.8883 	-0.309797 	0.0718795 	1.44239 	0
40.9585 	-0.309797 	0.0718795 	1.44239 	0
41.0286 	-0.309797 	0.0718795 	1.44239 	0
41.0988 	-0.309797 	0.0718795 	1.44239 	0
41.1689 	-0.309797 	0.0718795 	1.44239 	0
41.239 	-0.309797 	0.0718795 	1.44239 	0
41.3092 	-0.309797 	0.0718795 	1.44239 	0
41.3793 	-0.309797 	0.0718795 	1.44239 	0
41.4494 	-0.309797 	0.0718795 	1.44239 	0
41.5196 	-0.309797 	0.0718795 	1.44239 	0
41.5897 	-0.309797 	0.0718795 	1.44239 	0
41.6598 	-0.309797 	0.0718795 	1.44239 	0
41.73 	-0.309797 	0.0718795 	1.44239 	0
41.8001 	-0.309797 	0.0718795 	1.44239 	0
41.8702 	-0.309797 	0.0718795 	1.44239 	0
41.9404 	-0.309797 	0.0718795 	1.44239 	0
42.0105 	-0.30902 	0.0316679 	1.44819 	0
42.0806 	-0.30902 	0.0316679 	1.44819 	0
42.1508 	-0.30902 	0.0316679 	1.44819 	0
42.2209 	-0.30902 	0.0316679 	1.44819 	0
42.291 	-0.30902 	0.0316679 	1.44819 	0
42.3612 	-0.30902 	0.0316679 	1.44819 	0
42.4313 	-0.30902 	0.0316679 	1.44819 	0
42.5014 	-0.30902 	0.0316679 	1.44819 	0
42.5716 	-0.30902 	0.0316679 	1.44819 	0
42.6417 	-0.30902 	0.0316679 	1.44819 	0
42.7118 	-0.30902 	0.0316679 	1.44819 	0
42.782 	-0.30902 	0.0316679 	1.44819 	0
42.8521 	-0.30902 	0.0316679 	1.44819 	0
42.9222 	-0.30902 	0.0316679 	1.44819 	0
42.9924 	-0.30902 	0.0316679 	1.44819 	0
43.0625 	-0.30902 	0.0316679 	1.44819 	0
43.1327 	-0.30902 	0.0316679 	1.44819 	0
43.2028 	-0.305562 	0.0101199 	1.4526 	0
43.2729 	-0.305562 	0.0101199 	1.4526 	0
43.3431 	-0.305562 	0.0101199 	1.4526 	0
43.4132 	-0.305562 	0.0101199 	1.4526 	0
43.4833 	-0.305562 	0.0101199 	1.4526 	0
43.5535 	-0.305562 	0.0101199 	1.4526 	0
43.6236 	-0.305562 	0.0101199 	1.4526 	0
43.6937 	-0.305562 	0.0101199 	1.4526 	0
43.7639 	-0.305562 	0.0101199 	1.4526 	0
43.834 	-0.305562 	0.0101199 	1.4526 	0
43.9041 	-0.305562 	0.0101199 	1.4526 	0
43.9743 	-0.305562 	0.0101199 	1.4526 	0
44.0444 	-0.305562 	0.0101199 	1.4526 	0
44.1145 	-0.305562 	0.0101199 	1.4526 	0
44.1847 	-0.305562 	0.0101199 	1.4526 	0
44.2548 	-0.305562 	0.0101199 	1.4526 	0
44.3249 	-0.305562 	0.0101199 	1.4526 	0
44.3951 	-0.305562 	0.0101199 	1.4526 	0
44.4652 	-0.299947 	0.00151384 	1.45933 	0
44.5353 	-0.299947 	0.00151384 	1.45933 	0
44.6055 	-0.299947 	0.00151384 	1.45933 	0
44.6756 	-0.299947 	0.00151384 	1.45933 	0
44.7457 	-0.299947 	0.00151384 	1.45933 	0
44.8159 	-0.299947 	0.00151384 	1.45933 	0
44.886 	-0.299947 	0.00151384 	1.45933 	0
44.9561 	-0.299947 	0.00151384 	1.45933 	0
45.0263 	-0.299947 	0.00151384 	1.45933 	0
45.0964 	-0.299947 	0.00151384 	1.45933 	0
45.1665 	-0.299947 	0.00151384 	1.45933 	0
45.2367 	-0.299947 	0.00151384 	1.45933 	0
45.3068 	-0.299947 	0.00151384 	1.45933 	0
45.377 	-0.299947 	0.00151384 	1.45933 	0
45.4471 	-0.299947 	0.00151384 	1.45933 	0
45.5172 	-0.299947 	0.00151384 	1.45933 	0
45.5874 	-0.299947 	0.00151384 	1.45933 	0
45.6575 	-0.292823 	1.13169e-05 	1.47188 	0
45.7276 	-0.292823 	1.13169e-05 	1.47188 	0
45.7978 	-0.292823 	1.13169e-05 	1.47188 	0
45.8679 	-0.292823 	1.13169e-05 	1.47188 	0
45.938 	-0.292823 	1.13169e-05 	1.47188 	0
46.0082 	-0.292823 	1.13169e-05 	1.47188 	0
46.0783 	-0.292823 	1.13169e-05 	1.47188 	0
46.1484 	-0.292823 	1.13169e-05 	1.47188 	0
46.2186 	-0.292823 	1.13169e-05 	1.47188 	0
46.2887 	-0.292823 	1.13169e-05 	1.47188 	0
46.3588 	-0.292823 	1.13169e-05 	1.47188 	0
46.429 	-0.292823 	1.13169e-05 	1.47188 	0
46.4991 	-0.292823 	1.13169e-05 	1.47188 	0
46.5692 	-0.292823 	1.13169e-05 	1.47188 	0
46.6394 	-0.292823 	1.13169e-05 	1.47188 	0
46.7095 	-0.292823 	1.13169e-05 	1.47188 	0
46.7796 	-0.268446 	-0.0274585 	1.49184 	0
46.8498 	-0.268446 	-0.0274585 	1.49184 	0
46.9199 	-0.259721 	-0.0215536 	1.51383 	0
46.99 	-0.259721 	-0.0215536 	1.51383 	0
47.0602 	-0.259721 	-0.0215536 	1.51383 	0
47.1303 	-0.259721 	-0.0215536 	1.51383 	0
47.2004 	-0.259721 	-0.0215536 	1.51383 	0
47.2706 	-0.259721 	-0.0215536 	1.51383 	0
47.3407 	-0.259721 	-0.0215536 	1.51383 	0
47.4108 	-0.259721 	-0.0215536 	1.51383 	0
47.481 	-0.259721 	-0.0215536 	1.51383 	0
47.5511 	-0.259721 	-0.0215536 	1.51383 	0
47.6213 	-0.259721 	-0.0215536 	1.51383 	0
47.6914 	-0.259721 	-0.0215536 	1.51383 	0
47.7615 	-0.259721 	-0.0215536 	1.51383 	0
47.8317 	-0.259721 	-0.0215536 	1.51383 	0
47.9018 	-0.259721 	-0.0215536 	1.51383 	0
47.9719 	-0.259721 	-0.0215536 	1.51383 	0
48.0421 	-0.259721 	-0.0215536 	1.51383 	0
48.1122 	-0.259721 	-0.0215536 	1.51383 	0
48.1823 	-0.252657 	0.0125648 	1.54575 	0
48.2525 	-0.252657 	0.0125648 	1.54575 	0
48.3226 	-0.252657 	0.0125648 	1.54575 	0
48.3927 	-0.252657 	0.0125648 	1.54575 	0
48.4629 	-0.252657 	0.0125648 	1.54575 	0
48.533 	-0.252657 	0.0125648 	1.54575 	0
48.6031 	-0.252657 	0.0125648 	1.54575 	0
48.6733 	-0.252657 	0.0125648 	1.54575 	0
48.7434 	-0.252657 	0.0125648 	1.54575 	0
48.8135 	-0.252657 	0.0125648 	1.54575 	0
48.8837 	-0.252657 	0.0125648 	1.54575 	0
48.9538 	-0.252657 	0.0125648 	1.54575 	0
49.0239 	-0.252657 	0.0125648 	1.54575 	0
49.0941 	-0.252657 	0.0125648 	1.54575 	0
49.1642 	-0.252657 	0.0125648 	1.54575 	0
49.2343 	-0.252657 	0.0125648 	1.54575 	0
49.3045 	-0.252657 	0.0125648 	1.54575 	0
49.3746 	-0.251537 	0.0831676 	1.59229 	0
49.4447 	-0.251537 	0.0831676 	1.59229 	0
49.5149 	-0.251537 	0.0831676 	1.59229 	0
49.585 	-0.251537 	0.0831676 	1.59229 	0
49.6551 	-0.251537 	0.0831676 	1.59229 	0
49.7253 	-0.251537 	0.0831676 	1.59229 	0
49.7954 	-0.251537 	0.0831676 	1.59229 	0
49.8656 	-0.251537 	0.0831676 	1.59229 	0
49.9357 	-0.251537 	0.0831676 	1.59229 	0
50.0058 	-0.251537 	0.0831676 	1.59229 	0
50.076 	-0.251537 	0.0831676 	1.59229 	0
50.1461 	-0.251537 	0.0831676 	1.59229 	0
50.2162 	-0.251537 	0.0831676 	1.59229 	0
50.2864 	-0.251537 	0.0831676 	1.59229 	0
50.3565 	-0.251537 	0.0831676 	1.59229 	0
50.4266 	-0.251537 	0.0831676 	1.59229 	0
50.4968 	-0.251537 	0.0831676 	1.59229 	0
50.5669 	-0.251537 	0.0831676 	1.59229 	0
50.637 	-0.263404 	0.169597 	1.6522 	0
50.7072 	-0.263404 	0.169597 	1.6522 	0
50.7773 	-0.263404 	0.169597 	1.6522 	0
50.8474 	-0.263404 	0.169597 	1.6522 	0
50.9176 	-0.263404 	0.169597 	1.6522 	0
50.9877 	-0.263404 	0.169597 	1.6522 	0
51.0578 	-0.263404 	0.169597 	1.6522 	0
51.128 	-0.263404 	0.169597 	1.6522 	0
51.1981 	-0.263404 	0.169597 	1.6522 	0
51.2682 	-0.263404 	0.169597 	1.6522 	0
51.3384 	-0.263404 	0.169597 	1.6522 	0
51.4085 	-0.263404 	0.169597 	1.6522 	0
51.4786 	-0.263404 	0.169597 	1.6522 	0
51.5488 	-0.263404 	0.169597 	1.6522 	0
51.6189 	-0.263404 	0.169597 	1.6522 	0
51.689 	-0.263404 	0.169597 	1.6522 	0
51.7592 	-0.263404 	0.169597 	1.6522 	0
51.8293 	-0.307252 	0.246828 	1.72987 	0
51.8994 	-0.307252 	0.246828 	1.72987 	0
51.9696 	-0.307252 	0.246828 	1.72987 	0
52.0397 	-0.307252 	0.246828 	1.72987 	0
52.1099 	-0.307252 	0.246828 	1.72987 	0
52.18 	-0.307252 	0.246828 	1.72987 	0
52.2501 	-0.307252 	0.246828 	1.72987 	0
52.3203 	-0.307252 	0.246828 	1.72987 	0
52.3904 	-0.307252 	0.246828 	1.72987 	0
52.4605 	-0.307252 	0.246828 	1.72987 	0
52.5307 	-0.307252 	0.246828 	1.72987 	0
52.6008 	-0.307252 	0.246828 	1.72987 	0
52.6709 	-0.307252 	0.246828 	1.72987 	0
52.7411 	-0.307252 	0.246828 	1.72987 	0
52.8112 	-0.307252 	0.246828 	1.72987 	0
52.8813 	-0.307252 	0.246828 	1.72987 	0
52.9515 	-0.307252 	0.246828 	1.72987 	0
53.0216 	-0.307252 	0.246828 	1.72987 	0
53.0917 	-0.383869 	0.296872 	1.82448 	0
53.1619 	-0.383869 	0.296872 	1.82448 	0
53.232 	-0.383869 	0.296872 	1.82448 	0
53.3021 	-0.383869 	0.296872 	1.82448 	0
53.3723 	-0.383869 	0.296872 	1.82448 	0
53.4424 	-0.383869 	0.296872 	1.82448 	0
53.5125 	-0.383869 	0.296872 	1.82448 	0
53.5827 	-0.383869 	0.296872 	1.82448 	0
53.6528 	-0.383869 	0.296872 	1.82448 	0
53.7229 	-0.383869 	0.296872 	1.82448 	0
53.7931 	-0.383869 	0.296872 	1.82448 	0
53.8632 	-0.383869 	0.296872 	1.82448 	0
53.9333 	-0.383869 	0.296872 	1.82448 	0
54.0035 	-0.383869 	0.296872 	1.82448 	0
54.0736 	-0.383869 	0.296872 	1.82448 	0
54.1437 	-0.383869 	0.296872 	1.82448 	0
54.2139 	-0.383869 	0.296872 	1.82448 	0
54.284 	-0.49722 	0.323619 	1.93542 	0
54.3542 	-0.49722 	0.323619 	1.93542 	0
54.4243 	-0.49722 	0.323619 	1.93542 	0
54.4944 	-0.49722 	0.323619 	1.93542 	0
54.5646 	-0.49722 	0.323619 	1.93542 	0
54.6347 	-0.49722 	0.323619 	1.93542 	0
54.7048 	-0.49722 	0.323619 	1.93542 	0
54.775 	-0.49722 	0.323619 	1.93542 	0
54.8451 	-0.49722 	0.323619 	1.93542 	0
54.9152 	-0.49722 	0.323619 	1.93542 	0
54.9854 	-0.49722 	0.323619 	1.93542 	0
55.0555 	-0.49722 	0.323619 	1.93542 	0
55.1256 	-0.49722 	0.323619 	1.93542 	0
55.1958 	-0.49722 	0.323619 	1.93542 	0
55.2659 	-0.49722 	0.323619 	1.93542 	0
55.336 	-0.49722 	0.323619 	1.93542 	0
55.4062 	-0.49722 	0.323619 	1.93542 	0
55.4763 	-0.49722 	0.323619 	1.93542 	0
55.5464 	-0.66163 	0.328504 	2.05123 	0
55.6166 	-0.66163 	0.328504 	2.05123 	0
55.6867 	-0.66163 	0.328504 	2.05123 	0
55.7568 	-0.66163 	0.328504 	2.05123 	0
55.827 	-0.66163 	0.328504 	2.05123 	0
55.8971 	-0.66163 	0.328504 	2.05123 	0
55.9672 	-0.66163 	0.328504 	2.05123 	0
56.0374 	-0.66163 	0.328504 	2.05123 	0
56.1075 	-0.66163 	0.328504 	2.05123 	0
56.1776 	-0.66163 	0.328504 	2.05123 	0
56.2478 	-0.66163 	0.328504 	2.05123 	0
56.3179 	-0.66163 	0.328504 	2.05123 	0
56.3881 	-0.66163 	0.328504 	2.05123 	0
56.4582 	-0.66163 	0.328504 	2.05123 	0
56.5283 	-0.66163 	0.328504 	2.05123 	0
56.5985 	-0.66163 	0.328504 	2.05123 	0
56.6686 	-0.66163 	0.328504 	2.05123 	0
56.7387 	-0.66163 	0.328504 	2.05123 	0
56.8089 	-0.863971 	0.270977 	2.1564 	0
56.879 	-0.863971 	0.270977 	2.1564 	0
56.9491 	-0.863971 	0.270977 	2.1564 	0
57.0193 	-0.863971 	0.270977 	2.1564 	0
57.0894 	-0.863971 	0.270977 	2.1564 	0
57.1595 	-0.863971 	0.270977 	2.1564 	0
57.2297 	-0.863971 	0.270977 	2.1564 	0
57.2998 	-0.863971 	0.270977 	2.1564 	0
57.3699 	-0.863971 	0.270977 	2.1564 	0
57.4401 	-0.863971 	0.270977 	2.1564 	0
57.5102 	-0.863971 	0.270977 	2.1564 	0
57.5803 	-0.863971 	0.270977 	2.1564 	0
57.6505 	-0.863971 	0.270977 	2.1564 	0
57.7206 	-0.863971 	0.270977 	2.1564 	0
57.7907 	-0.863971 	0.270977 	2.1564 	0
57.8609 	-0.863971 	0.270977 	2.1564 	0
57.931 	-0.863971 	0.270977 	2.1564 	0
58.0011 	-1.05438 	0.107268 	2.22939 	0
58.0713 	-1.05438 	0.107268 	2.22939 	0
58.1414 	-1.05438 	0.107268 	2.22939 	0
58.2115 	-1.05438 	0.107268 	2.22939 	0
58.2817 	-1.05438 	0.107268 	2.22939 	0
58.3518 	-1.05438 	0.107268 	2.22939 	0
58.4219 	-1.05438 	0.107268 	2.22939 	0
58.4921 	-1.05438 	0.107268 	2.22939 	0
58.5622 	-1.05438 	0.107268 	2.22939 	0
58.6324 	-1.05438 	0.107268 	2.22939 	0
58.7025 	-1.05438 	0.107268 	2.22939 	0
58.7726 	-1.05438 	0.107268 	2.22939 	0
58.8428 	-1.05438 	0.107268 	2.22939 	0
58.9129 	-1.05438 	0.107268 	2.22939 	0
58.983 	-1.05438 	0.107268 	2.22939 	0
59.0532 	-1.05438 	0.107268 	2.22939 	0
59.1233 	-1.05438 	0.107268 	2.22939 	0
59.1934 	-1.05438 	0.107268 	2.22939 	0
59.2636 	-1.16979 	-0.146796 	2.28314 	0
59.3337 	-1.16979 	-0.146796 	2.28314 	0
59.4038 	-1.16979 	-0.146796 	2.28314 	0
59.474 	-1.16979 	-0.146796 	2.28314 	0
59.5441 	-1.16979 	-0.146796 	2.28314 	0
59.6142 	-1.16979 	-0.146796 	2.28314 	0
59.6844 	-1.16979 	-0.146796 	2.28314 	0
59.7545 	-1.16979 	-0.146796 	2.28314 	0
59.8246 	-1.16979 	-0.146796 	2.28314 	0
59.8948 	-1.16979 	-0.146796 	2.28314 	0
59.9649 	-1.16979 	-0.146796 	2.28314 	0
60.035 	-1.16979 	-0.146796 	2.28314 	0
60.1052 	-1.16979 	-0.146796 	2.28314 	0
60.1753 	-1.16979 	-0.146796 	2.28314 	0
60.2454 	-1.16979 	-0.146796 	2.28314 	0
60.3156 	-1.16979 	-0.146796 	2.28314 	0
60.3857 	-1.16979 	-0.146796 	2.28314 	0
60.4558 	-1.10944 	-0.433393 	2.34503 	0
60.526 	-1.10944 	-0.433393 	2.34503 	0
60.5961 	-1.10944 	-0.433393 	2.34503 	0
60.6662 	-1.10944 	-0.433393 	2.34503 	0
60.7364 	-1.10944 	-0.433393 	2.34503 	0
60.8065 	-1.10944 	-0.433393 	2.34503 	0
60.8767 	-1.10944 	-0.433393 	2.34503 	0
60.9468 	-1.10944 	-0.433393 	2.34503 	0
61.0169 	-1.10944 	-0.433393 	2.34503 	0
61.0871 	-1.10944 	-0.433393 	2.34503 	0
61.1572 	-1.10944 	-0.433393 	2.34503 	0
61.2273 	-1.10944 	-0.433393 	2.34503 	0
61.2975 	-1.10944 	-0.433393 	2.34503 	0
61.3676 	-1.10944 	-0.433393 	2.34503 	0
61.4377 	-1.10944 	-0.433393 	2.34503 	0
61.5079 	-1.10944 	-0.433393 	2.34503 	0
61.578 	-1.10944 	-0.433393 	2.34503 	0
61.6481 	-1.10944 	-0.433393 	2.34503 	0
61.7183 	-0.910661 	-0.644369 	2.40367 	0
61.7884 	-0.910661 	-0.644369 	2.40367 	0
61.8585 	-0.910661 	-0.644369 	2.40367 	0
61.9287 	-0.910661 	-0.644369 	2.40367 	0
61.9988 	-0.910661 	-0.644369 	2.40367 	0
62.0689 	-0.910661 	-0.644369 	2.40367 	0
62.1391 	-0.910661 	-0.644369 	2.40367 	0
62.2092 	-0.910661 	-0.644369 	2.40367 	0
62.2793 	-0.910661 	-0.644369 	2.40367 	0
62.3495 	-0.910661 	-0.644369 	2.40367 	0
62.4196 	-0.910661 	-0.644369 	2.40367 	0
62.4897 	-0.910661 	-0.644369 	2.40367 	0
62.5599 	-0.910661 	-0.644369 	2.40367 	0
62.63 	-0.910661 	-0.644369 	2.40367 	0
62.7001 	-0.910661 	-0.644369 	2.40367 	0
62.7703 	-0.910661 	-0.644369 	2.40367 	0
62.8404 	-0.910661 	-0.644369 	2.40367 	0
62.9105 	-0.647019 	-0.738065 	2.43494 	0
62.9807 	-0.647019 	-0.738065 	2.43494 	0
63.0508 	-0.647019 	-0.738065 	2.43494 	0
63.121 	-0.647019 	-0.738065 	2.43494 	0
63.1911 	-0.647019 	-0.738065 	2.43494 	0
63.2612 	-0.647019 	-0.738065 	2.43494 	0
63.3314 	-0.647019 	-0.738065 	2.43494 	0
63.4015 	-0.647019 	-0.738065 	2.43494 	0
63.4716 	-0.647019 	-0.738065 	2.43494 	0
63.5418 	-0.647019 	-0.738065 	2.43494 	0
63.6119 	-0.647019 	-0.738065 	2.43494 	0
63.682 	-0.647019 	-0.738065 	2.43494 	0
63.7522 	-0.647019 	-0.738065 	2.43494 	0
63.8223 	-0.647019 	-0.738065 	2.43494 	0
63.8924 	-0.647019 	-0.738065 	2.43494 	0
63.9626 	-0.647019 	-0.738065 	2.43494 	0
64.0327 	-0.647019 	-0.738065 	2.43494 	0
64.1028 	-0.647019 	-0.738065 	2.43494 	0
64.173 	-0.399169 	-0.740455 	2.44786 	0
64.2431 	-0.399169 	-0.740455 	2.44786 	0
64.3132 	-0.399169 	-0.740455 	2.44786 	0
64.3834 	-0.399169 	-0.740455 	2.44786 	0
64.4535 	-0.399169 	-0.740455 	2.44786 	0
64.5236 	-0.399169 	-0.740455 	2.44786 	0
64.5938 	-0.399169 	-0.740455 	2.44786 	0
64.6639 	-0.399169 	-0.740455 	2.44786 	0
64.734 	-0.399169 	-0.740455 	2.44786 	0
64.8042 	-0.399169 	-0.740455 	2.44786 	0
64.8743 	-0.399169 	-0.740455 	2.44786 	0
64.9444 	-0.399169 	-0.740455 	2.44786 	0
65.0146 	-0.399169 	-0.740455 	2.44786 	0
65.0847 	-0.399169 	-0.740455 	2.44786 	0
65.1548 	-0.399169 	-0.740455 	2.44786 	0
65.225 	-0.399169 	-0.740455 	2.44786 	0
65.2951 	-0.399169 	-0.740455 	2.44786 	0
65.3653 	-0.399169 	-0.740455 	2.44786 	0
65.4354 	-0.195333 	-0.710031 	2.41334 	0
65.5055 	-0.195333 	-0.710031 	2.41334 	0
65.5757 	-0.195333 	-0.710031 	2.41334 	0
65.6458 	-0.195333 	-0.710031 	2.41334 	0
65.7159 	-0.195333 	-0.710031 	2.41334 	0
65.7861 	-0.195333 	-0.710031 	2.41334 	0
65.8562 	-0.195333 	-0.710031 	2.41334 	0
65.9263 	-0.195333 	-0.710031 	2.41334 	0
65.9965 	-0.195333 	-0.710031 	2.41334 	0
66.0666 	-0.195333 	-0.710031 	2.41334 	0
66.1367 	-0.195333 	-0.710031 	2.41334 	0
66.2069 	-0.195333 	-0.710031 	2.41334 	0
66.277 	-0.195333 	-0.710031 	2.41334 	0
66.3471 	-0.195333 	-0.710031 	2.41334 	0
66.4173 	-0.195333 	-0.710031 	2.41334 	0
66.4874 	-0.195333 	-0.710031 	2.41334 	0
66.5575 	-0.195333 	-0.710031 	2.41334 	0
66.6277 	-0.055828 	-0.601356 	2.38507 	0
66.6978 	-0.055828 	-0.601356 	2.38507 	0
66.7679 	-0.055828 	-0.601356 	2.38507 	0
66.8381 	-0.055828 	-0.601356 	2.38507 	0
66.9082 	-0.055828 	-0.601356 	2.38507 	0
66.9783 	-0.055828 	-0.601356 	2.38507 	0
67.0485 	-0.055828 	-0.601356 	2.38507 	0
67.1186 	-0.055828 	-0.601356 	2.38507 	0
67.1887 	-0.055828 	-0.601356 	2.38507 	0
67.2589 	-0.055828 	-0.601356 	2.38507 	0
67.329 	-0.055828 	-0.601356 	2.38507 	0
67.3991 	-0.055828 	-0.601356 	2.38507 	0
67.4693 	-0.055828 	-0.601356 	2.38507 	0
67.5394 	-0.055828 	-0.601356 	2.38507 	0
67.6096 	-0.055828 	-0.601356 	2.38507 	0
67.6797 	-0.055828 	-0.601356 	2.38507 	0
67.7498 	-0.055828 	-0.601356 	2.38507 	0
67.82 	-0.055828 	-0.601356 	2.38507 	0
67.8901 	-0.0137335 	-0.360401 	2.22786 	0
67.9602 	-0.0137335 	-0.360401 	2.22786 	0
68.0304 	-0.0137335 	-0.360401 	2.22786 	0
68.1005 	-0.0137335 	-0.360401 	2.22786 	0
68.1706 	-0.0137335 	-0.360401 	2.22786 	0
68.2408 	-0.0137335 	-0.360401 	2.22786 	0
68.3109 	-0.0137335 	-0.360401 	2.22786 	0
68.381 	-0.0137335 	-0.360401 	2.22786 	0
68.4512 	-0.0137335 	-0.360401 	2.22786 	0
68.5213 	-0.0137335 	-0.360401 	2.22786 	0
68.5914 	-0.0137335 	-0.360401 	2.22786 	0
68.6616 	-0.0137335 	-0.360401 	2.22786 	0
68.7317 	-0.0137335 	-0.360401 	2.22786 	0
68.8018 	-0.0137335 	-0.360401 	2.22786 	0
68.872 	-0.0137335 	-0.360401 	2.22786 	0
68.9421 	-0.0137335 	-0.360401 	2.22786 	0
69.0122 	-0.0137335 	-0.360401 	2.22786 	0
