0.490941 	1.38399 	0.005832 	3.0006 	-4.25531e-20
0.561075 	1.38399 	0.005832 	3.0006 	-4.25531e-20
0.63121 	1.38399 	0.005832 	3.0006 	-4.25531e-20
0.701344 	1.38399 	0.005832 	3.0006 	-4.25531e-20
0.771478 	1.38399 	0.005832 	3.0006 	-4.25531e-20
0.841613 	1.38399 	0.005832 	3.0006 	-4.25531e-20
0.911747 	1.38399 	0.005832 	3.0006 	-4.25531e-20
0.981881 	1.38399 	0.005832 	3.0006 	-4.25531e-20
1.05202 	1.38399 	0.005832 	3.0006 	-4.25531e-20
1.12215 	1.38399 	0.005832 	3.0006 	-4.25531e-20
1.19228 	1.38399 	0.005832 	3.0006 	-4.25531e-20
1.26242 	1.38399 	0.005832 	3.0006 	-4.25531e-20
1.33255 	1.34469 	0.0139096 	3.01467 	-4.28767e-20
1.40269 	1.34469 	0.0139096 	3.01467 	-4.28767e-20
1.47282 	1.34469 	0.0139096 	3.01467 	-4.28767e-20
1.54296 	1.34469 	0.0139096 	3.01467 	-4.28767e-20
1.61309 	1.34469 	0.0139096 	3.01467 	-4.28767e-20
1.68323 	1.34469 	0.0139096 	3.01467 	-4.28767e-20
1.75336 	1.34469 	0.0139096 	3.01467 	-4.28767e-20
1.82349 	1.34469 	0.0139096 	3.01467 	-4.28767e-20
1.89363 	1.34469 	0.0139096 	3.01467 	-4.28767e-20
1.96376 	1.34469 	0.0139096 	3.01467 	-4.28767e-20
2.0339 	1.34469 	0.0139096 	3.01467 	-4.28767e-20
2.10403 	1.34469 	0.0139096 	3.01467 	-4.28767e-20
2.17417 	1.28392 	0.0143223 	3.03155 	9.02666e-20
2.2443 	1.28392 	0.0143223 	3.03155 	9.02666e-20
2.31443 	1.28392 	0.0143223 	3.03155 	9.02666e-20
2.38457 	1.28392 	0.0143223 	3.03155 	9.02666e-20
2.4547 	1.28392 	0.0143223 	3.03155 	9.02666e-20
2.52484 	1.28392 	0.0143223 	3.03155 	9.02666e-20
2.59497 	1.28392 	0.0143223 	3.03155 	9.02666e-20
2.66511 	1.28392 	0.0143223 	3.03155 	9.02666e-20
2.73524 	1.28392 	0.0143223 	3.03155 	9.02666e-20
2.80538 	1.28392 	0.0143223 	3.03155 	9.02666e-20
2.87551 	1.28392 	0.0143223 	3.03155 	9.02666e-20
2.94564 	1.28392 	0.0143223 	3.03155 	9.02666e-20
3.01578 	1.20995 	0.0162832 	3.05919 	-1.02833e-20
3.08591 	1.20995 	0.0162832 	3.05919 	-1.02833e-20
3.15605 	1.20995 	0.0162832 	3.05919 	-1.02833e-20
3.22618 	1.20995 	0.0162832 	3.05919 	-1.02833e-20
3.29632 	1.20995 	0.0162832 	3.05919 	-1.02833e-20
3.36645 	1.20995 	0.0162832 	3.05919 	-1.02833e-20
3.43659 	1.20995 	0.0162832 	3.05919 	-1.02833e-20
3.50672 	1.20995 	0.0162832 	3.05919 	-1.02833e-20
3.57685 	1.20995 	0.0162832 	3.05919 	-1.02833e-20
3.64699 	1.20995 	0.0162832 	3.05919 	-1.02833e-20
3.71712 	1.20995 	0.0162832 	3.05919 	-1.02833e-20
3.78726 	1.20274 	0.00725823 	3.0552 	2.01717e-20
3.85739 	1.12386 	-0.000882574 	3.08455 	-1.45034e-19
3.92753 	1.12386 	-0.000882574 	3.08455 	-1.45034e-19
3.99766 	1.12386 	-0.000882574 	3.08455 	-1.45034e-19
4.06779 	1.12386 	-0.000882574 	3.08455 	-1.45034e-19
4.13793 	1.12386 	-0.000882574 	3.08455 	-1.45034e-19
4.20806 	1.12386 	-0.000882574 	3.08455 	-1.45034e-19
4.2782 	1.12386 	-0.000882574 	3.08455 	-1.45034e-19
4.34833 	1.12386 	-0.000882574 	3.08455 	-1.45034e-19
4.41847 	1.12386 	-0.000882574 	3.08455 	-1.45034e-19
4.4886 	1.12386 	-0.000882574 	3.08455 	-1.45034e-19
4.55874 	1.12386 	-0.000882574 	3.08455 	-1.45034e-19
4.62887 	1.12386 	-0.000882574 	3.08455 	-1.45034e-19
4.699 	1.12386 	-0.000882574 	3.08455 	-1.45034e-19
4.76914 	1.04514 	0.00567551 	3.10625 	2.79734e-19
4.83927 	1.04514 	0.00567551 	3.10625 	2.79734e-19
4.90941 	1.04514 	0.00567551 	3.10625 	2.79734e-19
4.97954 	1.04514 	0.00567551 	3.10625 	2.79734e-19
5.04968 	1.04514 	0.00567551 	3.10625 	2.79734e-19
5.11981 	1.04514 	0.00567551 	3.10625 	2.79734e-19
5.18994 	1.04514 	0.00567551 	3.10625 	2.79734e-19
5.26008 	1.04514 	0.00567551 	3.10625 	2.79734e-19
5.33021 	1.04514 	0.00567551 	3.10625 	2.79734e-19
5.40035 	1.04514 	0.00567551 	3.10625 	2.79734e-19
5.47048 	1.04514 	0.00567551 	3.10625 	2.79734e-19
5.54062 	1.04514 	0.00567551 	3.10625 	2.79734e-19
5.61075 	0.970503 	-0.00217054 	3.13401 	-1.34471e-19
5.68089 	0.970503 	-0.00217054 	3.13401 	-1.34471e-19
5.75102 	0.970503 	-0.00217054 	3.13401 	-1.34471e-19
5.82115 	0.970503 	-0.00217054 	3.13401 	-1.34471e-19
5.89129 	0.970503 	-0.00217054 	3.13401 	-1.34471e-19
5.96142 	0.970503 	-0.00217054 	3.13401 	-1.34471e-19
6.03156 	0.970503 	-0.00217054 	3.13401 	-1.34471e-19
6.10169 	0.970503 	-0.00217054 	3.13401 	-1.34471e-19
6.17183 	0.970503 	-0.00217054 	3.13401 	-1.34471e-19
6.24196 	0.970503 	-0.00217054 	3.13401 	-1.34471e-19
6.3121 	0.970503 	-0.00217054 	3.13401 	-1.34471e-19
6.38223 	0.970503 	-0.00217054 	3.13401 	-1.34471e-19
6.45236 	0.899223 	0.00564521 	3.15288 	0
6.5225 	0.899223 	0.00564521 	3.15288 	0
6.59263 	0.899223 	0.00564521 	3.15288 	0
6.66277 	0.899223 	0.00564521 	3.15288 	0
6.7329 	0.899223 	0.00564521 	3.15288 	0
6.80304 	0.899223 	0.00564521 	3.15288 	0
6.87317 	0.899223 	0.00564521 	3.15288 	0
6.9433 	0.899223 	0.00564521 	3.15288 	0
7.01344 	0.899223 	0.00564521 	3.15288 	0
7.08357 	0.899223 	0.00564521 	3.15288 	0
7.15371 	0.899223 	0.00564521 	3.15288 	0
7.22384 	0.899223 	0.00564521 	3.15288 	0
7.29398 	0.83132 	-0.00101796 	3.17832 	0
7.36411 	0.83132 	-0.00101796 	3.17832 	0
7.43425 	0.83132 	-0.00101796 	3.17832 	0
7.50438 	0.83132 	-0.00101796 	3.17832 	0
7.57451 	0.83132 	-0.00101796 	3.17832 	0
7.64465 	0.83132 	-0.00101796 	3.17832 	0
7.71478 	0.83132 	-0.00101796 	3.17832 	0
7.78492 	0.83132 	-0.00101796 	3.17832 	0
7.85505 	0.83132 	-0.00101796 	3.17832 	0
7.92519 	0.83132 	-0.00101796 	3.17832 	0
7.99532 	0.83132 	-0.00101796 	3.17832 	0
8.06545 	0.83132 	-0.00101796 	3.17832 	0
8.13559 	0.83132 	-0.00101796 	3.17832 	0
8.20572 	0.764195 	0.00867012 	3.19547 	3.80049e-22
8.27586 	0.764195 	0.00867012 	3.19547 	3.80049e-22
8.34599 	0.764195 	0.00867012 	3.19547 	3.80049e-22
8.41613 	0.764195 	0.00867012 	3.19547 	3.80049e-22
8.48626 	0.764195 	0.00867012 	3.19547 	3.80049e-22
8.5564 	0.764195 	0.00867012 	3.19547 	3.80049e-22
8.62653 	0.764195 	0.00867012 	3.19547 	3.80049e-22
8.69666 	0.764195 	0.00867012 	3.19547 	3.80049e-22
8.7668 	0.764195 	0.00867012 	3.19547 	3.80049e-22
8.83693 	0.764195 	0.00867012 	3.19547 	3.80049e-22
8.90707 	0.764195 	0.00867012 	3.19547 	3.80049e-22
8.9772 	0.764195 	0.00867012 	3.19547 	3.80049e-22
9.04734 	0.697801 	0.00471487 	3.22029 	1.77313e-19
9.11747 	0.697801 	0.00471487 	3.22029 	1.77313e-19
9.18761 	0.697801 	0.00471487 	3.22029 	1.77313e-19
9.25774 	0.697801 	0.00471487 	3.22029 	1.77313e-19
9.32787 	0.697801 	0.00471487 	3.22029 	1.77313e-19
9.39801 	0.697801 	0.00471487 	3.22029 	1.77313e-19
9.46814 	0.697801 	0.00471487 	3.22029 	1.77313e-19
9.53828 	0.697801 	0.00471487 	3.22029 	1.77313e-19
9.60841 	0.697801 	0.00471487 	3.22029 	1.77313e-19
9.67855 	0.697801 	0.00471487 	3.22029 	1.77313e-19
9.74868 	0.697801 	0.00471487 	3.22029 	1.77313e-19
9.81881 	0.697801 	0.00471487 	3.22029 	1.77313e-19
9.88895 	0.697801 	0.00471487 	3.22029 	1.77313e-19
9.95908 	0.630526 	0.0201212 	3.23713 	-7.97338e-21
10.0292 	0.630526 	0.0201212 	3.23713 	-7.97338e-21
10.0994 	0.630526 	0.0201212 	3.23713 	-7.97338e-21
10.1695 	0.630526 	0.0201212 	3.23713 	-7.97338e-21
10.2396 	0.630526 	0.0201212 	3.23713 	-7.97338e-21
10.3098 	0.630526 	0.0201212 	3.23713 	-7.97338e-21
10.3799 	0.630526 	0.0201212 	3.23713 	-7.97338e-21
10.45 	0.630526 	0.0201212 	3.23713 	-7.97338e-21
10.5202 	0.630526 	0.0201212 	3.23713 	-7.97338e-21
10.5903 	0.630526 	0.0201212 	3.23713 	-7.97338e-21
10.6604 	0.630526 	0.0201212 	3.23713 	-7.97338e-21
10.7306 	0.630526 	0.0201212 	3.23713 	-7.97338e-21
10.8007 	0.562045 	0.0271674 	3.26236 	-1.67331e-19
10.8708 	0.562045 	0.0271674 	3.26236 	-1.67331e-19
10.941 	0.562045 	0.0271674 	3.26236 	-1.67331e-19
11.0111 	0.562045 	0.0271674 	3.26236 	-1.67331e-19
11.0812 	0.562045 	0.0271674 	3.26236 	-1.67331e-19
11.1514 	0.562045 	0.0271674 	3.26236 	-1.67331e-19
11.2215 	0.562045 	0.0271674 	3.26236 	-1.67331e-19
11.2916 	0.562045 	0.0271674 	3.26236 	-1.67331e-19
11.3618 	0.562045 	0.0271674 	3.26236 	-1.67331e-19
11.4319 	0.562045 	0.0271674 	3.26236 	-1.67331e-19
11.502 	0.562045 	0.0271674 	3.26236 	-1.67331e-19
11.5722 	0.562045 	0.0271674 	3.26236 	-1.67331e-19
11.6423 	0.562045 	0.0271674 	3.26236 	-1.67331e-19
11.7124 	0.486523 	0.0609111 	3.28197 	-2.2782e-19
11.7826 	0.486523 	0.0609111 	3.28197 	-2.2782e-19
11.8527 	0.486523 	0.0609111 	3.28197 	-2.2782e-19
11.9228 	0.486523 	0.0609111 	3.28197 	-2.2782e-19
11.993 	0.486523 	0.0609111 	3.28197 	-2.2782e-19
12.0631 	0.486523 	0.0609111 	3.28197 	-2.2782e-19
12.1332 	0.486523 	0.0609111 	3.28197 	-2.2782e-19
12.2034 	0.486523 	0.0609111 	3.28197 	-2.2782e-19
12.2735 	0.486523 	0.0609111 	3.28197 	-2.2782e-19
12.3437 	0.486523 	0.0609111 	3.28197 	-2.2782e-19
12.4138 	0.486523 	0.0609111 	3.28197 	-2.2782e-19
12.4839 	0.486523 	0.0609111 	3.28197 	-2.2782e-19
12.5541 	0.486523 	0.0609111 	3.28197 	-2.2782e-19
12.6242 	0.398417 	0.0886631 	3.31097 	4.12604e-19
12.6943 	0.398417 	0.0886631 	3.31097 	4.12604e-19
12.7645 	0.398417 	0.0886631 	3.31097 	4.12604e-19
12.8346 	0.398417 	0.0886631 	3.31097 	4.12604e-19
12.9047 	0.398417 	0.0886631 	3.31097 	4.12604e-19
12.9749 	0.398417 	0.0886631 	3.31097 	4.12604e-19
13.045 	0.398417 	0.0886631 	3.31097 	4.12604e-19
13.1151 	0.398417 	0.0886631 	3.31097 	4.12604e-19
13.1853 	0.398417 	0.0886631 	3.31097 	4.12604e-19
13.2554 	0.398417 	0.0886631 	3.31097 	4.12604e-19
13.3255 	0.398417 	0.0886631 	3.31097 	4.12604e-19
13.3957 	0.398417 	0.0886631 	3.31097 	4.12604e-19
13.4658 	0.398417 	0.0886631 	3.31097 	4.12604e-19
13.5359 	0.279783 	0.169167 	3.34813 	-1.83523e-19
13.6061 	0.279783 	0.169167 	3.34813 	-1.83523e-19
13.6762 	0.279783 	0.169167 	3.34813 	-1.83523e-19
13.7463 	0.279783 	0.169167 	3.34813 	-1.83523e-19
13.8165 	0.279783 	0.169167 	3.34813 	-1.83523e-19
13.8866 	0.279783 	0.169167 	3.34813 	-1.83523e-19
13.9567 	0.279783 	0.169167 	3.34813 	-1.83523e-19
14.0269 	0.279783 	0.169167 	3.34813 	-1.83523e-19
14.097 	0.279783 	0.169167 	3.34813 	-1.83523e-19
14.1671 	0.279783 	0.169167 	3.34813 	-1.83523e-19
14.2373 	0.279783 	0.169167 	3.34813 	-1.83523e-19
14.3074 	0.279783 	0.169167 	3.34813 	-1.83523e-19
14.3776 	0.165139 	0.195223 	3.3737 	0
14.4477 	-0.0498539 	0.191688 	3.43518 	-3.8261e-20
14.5178 	-0.0498539 	0.191688 	3.43518 	-3.8261e-20
14.588 	-0.0498539 	0.191688 	3.43518 	-3.8261e-20
14.6581 	-0.0498539 	0.191688 	3.43518 	-3.8261e-20
14.7282 	-0.0498539 	0.191688 	3.43518 	-3.8261e-20
14.7984 	-0.0498539 	0.191688 	3.43518 	-3.8261e-20
14.8685 	-0.0269852 	0.21806 	3.42661 	7.23722e-20
14.9386 	-0.0269852 	0.21806 	3.42661 	7.23722e-20
15.0088 	-0.0269852 	0.21806 	3.42661 	7.23722e-20
15.0789 	-0.0269852 	0.21806 	3.42661 	7.23722e-20
15.149 	-0.0269852 	0.21806 	3.42661 	7.23722e-20
15.2192 	-0.277926 	0.284945 	3.49664 	-4.39366e-19
15.2893 	-0.277926 	0.284945 	3.49664 	-4.39366e-19
15.3594 	-0.277926 	0.284945 	3.49664 	-4.39366e-19
15.4296 	-0.149753 	0.360892 	3.4518 	2.08251e-19
15.4997 	-0.149753 	0.360892 	3.4518 	2.08251e-19
15.5698 	-0.149753 	0.360892 	3.4518 	2.08251e-19
15.64 	-0.149753 	0.360892 	3.4518 	2.08251e-19
15.7101 	-0.149753 	0.360892 	3.4518 	2.08251e-19
15.7802 	-0.149753 	0.360892 	3.4518 	2.08251e-19
15.8504 	-0.149753 	0.360892 	3.4518 	2.08251e-19
15.9205 	-0.424406 	0.360365 	3.55283 	1.0108e-19
15.9906 	-0.424406 	0.360365 	3.55283 	1.0108e-19
16.0608 	-0.424406 	0.360365 	3.55283 	1.0108e-19
16.1309 	-0.204898 	0.451509 	3.46349 	-6.30764e-20
16.201 	-0.204898 	0.451509 	3.46349 	-6.30764e-20
16.2712 	-0.204898 	0.451509 	3.46349 	-6.30764e-20
16.3413 	-0.204898 	0.451509 	3.46349 	-6.30764e-20
16.4114 	-0.204898 	0.451509 	3.46349 	-6.30764e-20
16.4816 	-0.204898 	0.451509 	3.46349 	-6.30764e-20
16.5517 	-0.204898 	0.451509 	3.46349 	-6.30764e-20
16.6219 	-0.407745 	0.555211 	3.54456 	0
16.692 	-0.407745 	0.555211 	3.54456 	0
16.7621 	-0.407745 	0.555211 	3.54456 	0
16.8323 	-0.407745 	0.555211 	3.54456 	0
16.9024 	-0.407745 	0.555211 	3.54456 	0
16.9725 	-0.160138 	0.561011 	3.4389 	-3.6384e-20
17.0427 	-0.160138 	0.561011 	3.4389 	-3.6384e-20
17.1128 	-0.160138 	0.561011 	3.4389 	-3.6384e-20
17.1829 	-0.160138 	0.561011 	3.4389 	-3.6384e-20
17.2531 	-0.32564 	0.654472 	3.50057 	-3.34498e-19
17.3232 	-0.32564 	0.654472 	3.50057 	-3.34498e-19
17.3933 	-0.32564 	0.654472 	3.50057 	-3.34498e-19
17.4635 	-0.32564 	0.654472 	3.50057 	-3.34498e-19
17.5336 	-0.32564 	0.654472 	3.50057 	-3.34498e-19
17.6037 	-0.32564 	0.654472 	3.50057 	-3.34498e-19
17.6739 	-0.32564 	0.654472 	3.50057 	-3.34498e-19
17.744 	-0.32564 	0.654472 	3.50057 	-3.34498e-19
17.8141 	-0.32564 	0.654472 	3.50057 	-3.34498e-19
17.8843 	-0.32564 	0.654472 	3.50057 	-3.34498e-19
17.9544 	-0.235879 	0.674553 	3.40886 	0
18.0245 	-0.235879 	0.674553 	3.40886 	0
18.0947 	-0.235879 	0.674553 	3.40886 	0
18.1648 	-0.235879 	0.674553 	3.40886 	0
18.2349 	-0.235879 	0.674553 	3.40886 	0
18.3051 	-0.235879 	0.674553 	3.40886 	0
18.3752 	-0.235879 	0.674553 	3.40886 	0
18.4453 	-0.235879 	0.674553 	3.40886 	0
18.5155 	-0.235879 	0.674553 	3.40886 	0
18.5856 	-0.340919 	0.771565 	3.45642 	0
18.6557 	-0.340919 	0.771565 	3.45642 	0
18.7259 	-0.340919 	0.771565 	3.45642 	0
18.796 	-0.340919 	0.771565 	3.45642 	0
18.8662 	-0.340919 	0.771565 	3.45642 	0
18.9363 	-0.340919 	0.771565 	3.45642 	0
19.0064 	-0.340919 	0.771565 	3.45642 	0
19.0766 	-0.340919 	0.771565 	3.45642 	0
19.1467 	-0.340919 	0.771565 	3.45642 	0
19.2168 	-0.399146 	0.828911 	3.44353 	2.11627e-19
19.287 	-0.144357 	0.744767 	3.18664 	9.6291e-20
19.3571 	-0.144357 	0.744767 	3.18664 	9.6291e-20
19.4272 	-0.144357 	0.744767 	3.18664 	9.6291e-20
19.4974 	-0.144357 	0.744767 	3.18664 	9.6291e-20
19.5675 	-0.144357 	0.744767 	3.18664 	9.6291e-20
19.6376 	-0.144357 	0.744767 	3.18664 	9.6291e-20
19.7078 	-0.144357 	0.744767 	3.18664 	9.6291e-20
19.7779 	-0.144357 	0.744767 	3.18664 	9.6291e-20
19.848 	-0.144357 	0.744767 	3.18664 	9.6291e-20
19.9182 	-0.197552 	0.824675 	3.28014 	1.9257e-19
19.9883 	-0.197552 	0.824675 	3.28014 	1.9257e-19
20.0584 	-0.197552 	0.824675 	3.28014 	1.9257e-19
20.1286 	-0.197552 	0.824675 	3.28014 	1.9257e-19
20.1987 	-0.197552 	0.824675 	3.28014 	1.9257e-19
20.2688 	-0.197552 	0.824675 	3.28014 	1.9257e-19
20.339 	-0.197552 	0.824675 	3.28014 	1.9257e-19
20.4091 	-0.197552 	0.824675 	3.28014 	1.9257e-19
20.4792 	-0.197552 	0.824675 	3.28014 	1.9257e-19
20.5494 	-0.197552 	0.824675 	3.28014 	1.9257e-19
20.6195 	-0.258179 	0.871956 	3.31821 	1.49895e-19
20.6896 	-0.258179 	0.871956 	3.31821 	1.49895e-19
20.7598 	-0.258179 	0.871956 	3.31821 	1.49895e-19
20.8299 	-0.258179 	0.871956 	3.31821 	1.49895e-19
20.9 	-0.156213 	0.747978 	2.64476 	1.35864e-19
20.9702 	-0.156213 	0.747978 	2.64476 	1.35864e-19
21.0403 	-0.156213 	0.747978 	2.64476 	1.35864e-19
21.1105 	-0.156213 	0.747978 	2.64476 	1.35864e-19
21.1806 	-0.156213 	0.747978 	2.64476 	1.35864e-19
21.2507 	-0.156213 	0.747978 	2.64476 	1.35864e-19
21.3209 	-0.206029 	0.822721 	2.85758 	0
21.391 	-0.206029 	0.822721 	2.85758 	0
21.4611 	-0.206029 	0.822721 	2.85758 	0
21.5313 	-0.206029 	0.822721 	2.85758 	0
21.6014 	-0.206029 	0.822721 	2.85758 	0
21.6715 	-0.206029 	0.822721 	2.85758 	0
21.7417 	-0.206029 	0.822721 	2.85758 	0
21.8118 	-0.206029 	0.822721 	2.85758 	0
21.8819 	-0.206029 	0.822721 	2.85758 	0
21.9521 	-0.206029 	0.822721 	2.85758 	0
22.0222 	-0.206029 	0.822721 	2.85758 	0
22.0923 	-0.250738 	0.875264 	2.9912 	1.78744e-19
22.1625 	-0.250738 	0.875264 	2.9912 	1.78744e-19
22.2326 	-0.250738 	0.875264 	2.9912 	1.78744e-19
22.3027 	-0.250738 	0.875264 	2.9912 	1.78744e-19
22.3729 	-0.250738 	0.875264 	2.9912 	1.78744e-19
22.443 	-0.250738 	0.875264 	2.9912 	1.78744e-19
22.5131 	-0.250738 	0.875264 	2.9912 	1.78744e-19
22.5833 	-0.250738 	0.875264 	2.9912 	1.78744e-19
22.6534 	-0.250738 	0.875264 	2.9912 	1.78744e-19
22.7235 	-0.250738 	0.875264 	2.9912 	1.78744e-19
22.7937 	-0.250738 	0.875264 	2.9912 	1.78744e-19
22.8638 	-0.305042 	0.935417 	3.08476 	-4.66087e-19
22.9339 	-0.305042 	0.935417 	3.08476 	-4.66087e-19
23.0041 	-0.305042 	0.935417 	3.08476 	-4.66087e-19
23.0742 	-0.255624 	0.73386 	2.08567 	-7.2869e-20
23.1443 	-0.255624 	0.73386 	2.08567 	-7.2869e-20
23.2145 	-0.255624 	0.73386 	2.08567 	-7.2869e-20
23.2846 	-0.255624 	0.73386 	2.08567 	-7.2869e-20
23.3548 	-0.255624 	0.73386 	2.08567 	-7.2869e-20
23.4249 	-0.255624 	0.73386 	2.08567 	-7.2869e-20
23.495 	-0.255624 	0.73386 	2.08567 	-7.2869e-20
23.5652 	-0.255624 	0.73386 	2.08567 	-7.2869e-20
23.6353 	-0.255624 	0.73386 	2.08567 	-7.2869e-20
23.7054 	-0.302298 	0.783182 	2.23833 	5.75019e-20
23.7756 	-0.302298 	0.783182 	2.23833 	5.75019e-20
23.8457 	-0.302298 	0.783182 	2.23833 	5.75019e-20
23.9158 	-0.302298 	0.783182 	2.23833 	5.75019e-20
23.986 	-0.302298 	0.783182 	2.23833 	5.75019e-20
24.0561 	-0.302298 	0.783182 	2.23833 	5.75019e-20
24.1262 	-0.302298 	0.783182 	2.23833 	5.75019e-20
24.1964 	-0.302298 	0.783182 	2.23833 	5.75019e-20
24.2665 	-0.302298 	0.783182 	2.23833 	5.75019e-20
24.3366 	-0.302298 	0.783182 	2.23833 	5.75019e-20
24.4068 	-0.302298 	0.783182 	2.23833 	5.75019e-20
24.4769 	-0.302298 	0.783182 	2.23833 	5.75019e-20
24.547 	-0.302298 	0.783182 	2.23833 	5.75019e-20
24.6172 	-0.344936 	0.836313 	2.36398 	-4.78797e-19
24.6873 	-0.344936 	0.836313 	2.36398 	-4.78797e-19
24.7574 	-0.344936 	0.836313 	2.36398 	-4.78797e-19
24.8276 	-0.344936 	0.836313 	2.36398 	-4.78797e-19
24.8977 	-0.344936 	0.836313 	2.36398 	-4.78797e-19
24.9678 	-0.344936 	0.836313 	2.36398 	-4.78797e-19
25.038 	-0.344936 	0.836313 	2.36398 	-4.78797e-19
25.1081 	-0.344936 	0.836313 	2.36398 	-4.78797e-19
25.1782 	-0.344936 	0.836313 	2.36398 	-4.78797e-19
25.2484 	-0.344936 	0.836313 	2.36398 	-4.78797e-19
25.3185 	-0.344936 	0.836313 	2.36398 	-4.78797e-19
25.3886 	-0.344936 	0.836313 	2.36398 	-4.78797e-19
25.4588 	-0.37855 	0.888813 	2.45552 	4.82454e-19
25.5289 	-0.37855 	0.888813 	2.45552 	4.82454e-19
25.5991 	-0.37855 	0.888813 	2.45552 	4.82454e-19
25.6692 	-0.37855 	0.888813 	2.45552 	4.82454e-19
25.7393 	-0.37855 	0.888813 	2.45552 	4.82454e-19
25.8095 	-0.37855 	0.888813 	2.45552 	4.82454e-19
25.8796 	-0.37855 	0.888813 	2.45552 	4.82454e-19
25.9497 	-0.37855 	0.888813 	2.45552 	4.82454e-19
26.0199 	-0.37855 	0.888813 	2.45552 	4.82454e-19
26.09 	-0.35313 	0.641276 	1.60533 	8.35375e-20
26.1601 	-0.35313 	0.641276 	1.60533 	8.35375e-20
26.2303 	-0.35313 	0.641276 	1.60533 	8.35375e-20
26.3004 	-0.35313 	0.641276 	1.60533 	8.35375e-20
26.3705 	-0.35313 	0.641276 	1.60533 	8.35375e-20
26.4407 	-0.387205 	0.65865 	1.65453 	-1.06601e-19
26.5108 	-0.387205 	0.65865 	1.65453 	-1.06601e-19
26.5809 	-0.387205 	0.65865 	1.65453 	-1.06601e-19
26.6511 	-0.387205 	0.65865 	1.65453 	-1.06601e-19
26.7212 	-0.387205 	0.65865 	1.65453 	-1.06601e-19
26.7913 	-0.387205 	0.65865 	1.65453 	-1.06601e-19
26.8615 	-0.387205 	0.65865 	1.65453 	-1.06601e-19
26.9316 	-0.387205 	0.65865 	1.65453 	-1.06601e-19
27.0017 	-0.387205 	0.65865 	1.65453 	-1.06601e-19
27.0719 	-0.387205 	0.65865 	1.65453 	-1.06601e-19
27.142 	-0.387205 	0.65865 	1.65453 	-1.06601e-19
27.2121 	-0.387205 	0.65865 	1.65453 	-1.06601e-19
27.2823 	-0.387205 	0.65865 	1.65453 	-1.06601e-19
27.3524 	-0.419355 	0.661646 	1.66968 	0
27.4225 	-0.419355 	0.661646 	1.66968 	0
27.4927 	-0.419355 	0.661646 	1.66968 	0
27.5628 	-0.419355 	0.661646 	1.66968 	0
27.6329 	-0.419355 	0.661646 	1.66968 	0
27.7031 	-0.419355 	0.661646 	1.66968 	0
27.7732 	-0.419355 	0.661646 	1.66968 	0
27.8434 	-0.419355 	0.661646 	1.66968 	0
27.9135 	-0.419355 	0.661646 	1.66968 	0
27.9836 	-0.419355 	0.661646 	1.66968 	0
28.0538 	-0.419355 	0.661646 	1.66968 	0
28.1239 	-0.419355 	0.661646 	1.66968 	0
28.194 	-0.419355 	0.661646 	1.66968 	0
28.2642 	-0.419355 	0.661646 	1.66968 	0
28.3343 	-0.419355 	0.661646 	1.66968 	0
28.4044 	-0.443893 	0.653193 	1.67196 	0
28.4746 	-0.443893 	0.653193 	1.67196 	0
28.5447 	-0.443893 	0.653193 	1.67196 	0
28.6148 	-0.443893 	0.653193 	1.67196 	0
28.685 	-0.443893 	0.653193 	1.67196 	0
28.7551 	-0.443893 	0.653193 	1.67196 	0
28.8252 	-0.443893 	0.653193 	1.67196 	0
28.8954 	-0.443893 	0.653193 	1.67196 	0
28.9655 	-0.443893 	0.653193 	1.67196 	0
29.0356 	-0.443893 	0.653193 	1.67196 	0
29.1058 	-0.443893 	0.653193 	1.67196 	0
29.1759 	-0.443893 	0.653193 	1.67196 	0
29.246 	-0.443893 	0.653193 	1.67196 	0
29.3162 	-0.443893 	0.653193 	1.67196 	0
29.3863 	-0.443893 	0.653193 	1.67196 	0
29.4564 	-0.442915 	0.635624 	1.64429 	-1.81051e-19
29.5266 	-0.442915 	0.635624 	1.64429 	-1.81051e-19
29.5967 	-0.442915 	0.635624 	1.64429 	-1.81051e-19
29.6668 	-0.442915 	0.635624 	1.64429 	-1.81051e-19
29.737 	-0.442915 	0.635624 	1.64429 	-1.81051e-19
29.8071 	-0.442915 	0.635624 	1.64429 	-1.81051e-19
29.8773 	-0.442915 	0.635624 	1.64429 	-1.81051e-19
29.9474 	-0.442915 	0.635624 	1.64429 	-1.81051e-19
30.0175 	-0.442915 	0.635624 	1.64429 	-1.81051e-19
30.0877 	-0.442915 	0.635624 	1.64429 	-1.81051e-19
30.1578 	-0.442915 	0.635624 	1.64429 	-1.81051e-19
30.2279 	-0.442915 	0.635624 	1.64429 	-1.81051e-19
30.2981 	-0.442915 	0.635624 	1.64429 	-1.81051e-19
30.3682 	-0.442915 	0.635624 	1.64429 	-1.81051e-19
30.4383 	-0.442915 	0.635624 	1.64429 	-1.81051e-19
30.5085 	-0.442915 	0.635624 	1.64429 	-1.81051e-19
30.5786 	-0.413909 	0.594173 	1.58945 	2.73735e-20
30.6487 	-0.413909 	0.594173 	1.58945 	2.73735e-20
30.7189 	-0.413909 	0.594173 	1.58945 	2.73735e-20
30.789 	-0.413909 	0.594173 	1.58945 	2.73735e-20
30.8591 	-0.413909 	0.594173 	1.58945 	2.73735e-20
30.9293 	-0.413909 	0.594173 	1.58945 	2.73735e-20
30.9994 	-0.413909 	0.594173 	1.58945 	2.73735e-20
31.0695 	-0.413909 	0.594173 	1.58945 	2.73735e-20
31.1397 	-0.413909 	0.594173 	1.58945 	2.73735e-20
31.2098 	-0.413909 	0.594173 	1.58945 	2.73735e-20
31.2799 	-0.413909 	0.594173 	1.58945 	2.73735e-20
31.3501 	-0.413909 	0.594173 	1.58945 	2.73735e-20
31.4202 	-0.413909 	0.594173 	1.58945 	2.73735e-20
31.4903 	-0.413909 	0.594173 	1.58945 	2.73735e-20
31.5605 	-0.450373 	0.528332 	1.45029 	-2.73968e-19
31.6306 	-0.450373 	0.528332 	1.45029 	-2.73968e-19
31.7007 	-0.417878 	0.48368 	1.43383 	1.69108e-19
31.7709 	-0.417878 	0.48368 	1.43383 	1.69108e-19
31.841 	-0.417878 	0.48368 	1.43383 	1.69108e-19
31.9111 	-0.417878 	0.48368 	1.43383 	1.69108e-19
31.9813 	-0.417878 	0.48368 	1.43383 	1.69108e-19
32.0514 	-0.417878 	0.48368 	1.43383 	1.69108e-19
32.1216 	-0.417878 	0.48368 	1.43383 	1.69108e-19
32.1917 	-0.417878 	0.48368 	1.43383 	1.69108e-19
32.2618 	-0.417878 	0.48368 	1.43383 	1.69108e-19
32.332 	-0.417878 	0.48368 	1.43383 	1.69108e-19
32.4021 	-0.417878 	0.48368 	1.43383 	1.69108e-19
32.4722 	-0.417878 	0.48368 	1.43383 	1.69108e-19
32.5424 	-0.417878 	0.48368 	1.43383 	1.69108e-19
32.6125 	-0.417878 	0.48368 	1.43383 	1.69108e-19
32.6826 	-0.417878 	0.48368 	1.43383 	1.69108e-19
32.7528 	-0.417878 	0.48368 	1.43383 	1.69108e-19
32.8229 	-0.417878 	0.48368 	1.43383 	1.69108e-19
32.893 	-0.417878 	0.48368 	1.43383 	1.69108e-19
32.9632 	-0.37591 	0.428762 	1.41026 	4.27739e-20
33.0333 	-0.37591 	0.428762 	1.41026 	4.27739e-20
33.1034 	-0.37591 	0.428762 	1.41026 	4.27739e-20
33.1736 	-0.37591 	0.428762 	1.41026 	4.27739e-20
33.2437 	-0.37591 	0.428762 	1.41026 	4.27739e-20
33.3138 	-0.37591 	0.428762 	1.41026 	4.27739e-20
33.384 	-0.37591 	0.428762 	1.41026 	4.27739e-20
33.4541 	-0.37591 	0.428762 	1.41026 	4.27739e-20
33.5242 	-0.37591 	0.428762 	1.41026 	4.27739e-20
33.5944 	-0.37591 	0.428762 	1.41026 	4.27739e-20
33.6645 	-0.37591 	0.428762 	1.41026 	4.27739e-20
33.7346 	-0.37591 	0.428762 	1.41026 	4.27739e-20
33.8048 	-0.37591 	0.428762 	1.41026 	4.27739e-20
33.8749 	-0.37591 	0.428762 	1.41026 	4.27739e-20
33.945 	-0.37591 	0.428762 	1.41026 	4.27739e-20
34.0152 	-0.37591 	0.428762 	1.41026 	4.27739e-20
34.0853 	-0.37591 	0.428762 	1.41026 	4.27739e-20
34.1554 	-0.37591 	0.428762 	1.41026 	4.27739e-20
34.2256 	-0.343748 	0.354553 	1.39459 	-2.45722e-20
34.2957 	-0.343748 	0.354553 	1.39459 	-2.45722e-20
34.3659 	-0.343748 	0.354553 	1.39459 	-2.45722e-20
34.436 	-0.343748 	0.354553 	1.39459 	-2.45722e-20
34.5061 	-0.343748 	0.354553 	1.39459 	-2.45722e-20
34.5763 	-0.343748 	0.354553 	1.39459 	-2.45722e-20
34.6464 	-0.343748 	0.354553 	1.39459 	-2.45722e-20
34.7165 	-0.343748 	0.354553 	1.39459 	-2.45722e-20
34.7867 	-0.343748 	0.354553 	1.39459 	-2.45722e-20
34.8568 	-0.343748 	0.354553 	1.39459 	-2.45722e-20
34.9269 	-0.343748 	0.354553 	1.39459 	-2.45722e-20
34.9971 	-0.343748 	0.354553 	1.39459 	-2.45722e-20
35.0672 	-0.343748 	0.354553 	1.39459 	-2.45722e-20
35.1373 	-0.343748 	0.354553 	1.39459 	-2.45722e-20
35.2075 	-0.343748 	0.354553 	1.39459 	-2.45722e-20
35.2776 	-0.343748 	0.354553 	1.39459 	-2.45722e-20
35.3477 	-0.343748 	0.354553 	1.39459 	-2.45722e-20
35.4179 	-0.343748 	0.354553 	1.39459 	-2.45722e-20
35.488 	-0.343748 	0.354553 	1.39459 	-2.45722e-20
35.5581 	-0.343748 	0.354553 	1.39459 	-2.45722e-20
35.6283 	-0.335879 	0.266367 	1.40735 	-7.91964e-21
35.6984 	-0.335879 	0.266367 	1.40735 	-7.91964e-21
35.7685 	-0.335879 	0.266367 	1.40735 	-7.91964e-21
35.8387 	-0.335879 	0.266367 	1.40735 	-7.91964e-21
35.9088 	-0.335879 	0.266367 	1.40735 	-7.91964e-21
35.9789 	-0.335879 	0.266367 	1.40735 	-7.91964e-21
36.0491 	-0.335879 	0.266367 	1.40735 	-7.91964e-21
36.1192 	-0.335879 	0.266367 	1.40735 	-7.91964e-21
36.1893 	-0.335879 	0.266367 	1.40735 	-7.91964e-21
36.2595 	-0.335879 	0.266367 	1.40735 	-7.91964e-21
36.3296 	-0.335879 	0.266367 	1.40735 	-7.91964e-21
36.3997 	-0.335879 	0.266367 	1.40735 	-7.91964e-21
36.4699 	-0.335879 	0.266367 	1.40735 	-7.91964e-21
36.54 	-0.335879 	0.266367 	1.40735 	-7.91964e-21
36.6102 	-0.335879 	0.266367 	1.40735 	-7.91964e-21
36.6803 	-0.335879 	0.266367 	1.40735 	-7.91964e-21
36.7504 	-0.335879 	0.266367 	1.40735 	-7.91964e-21
36.8206 	-0.335879 	0.266367 	1.40735 	-7.91964e-21
36.8907 	-0.335879 	0.266367 	1.40735 	-7.91964e-21
36.9608 	-0.335879 	0.266367 	1.40735 	-7.91964e-21
37.031 	-0.335879 	0.266367 	1.40735 	-7.91964e-21
37.1011 	-0.343614 	0.19277 	1.43337 	0
37.1712 	-0.343614 	0.19277 	1.43337 	0
37.2414 	-0.343614 	0.19277 	1.43337 	0
37.3115 	-0.343614 	0.19277 	1.43337 	0
37.3816 	-0.343614 	0.19277 	1.43337 	0
37.4518 	-0.343614 	0.19277 	1.43337 	0
37.5219 	-0.343614 	0.19277 	1.43337 	0
37.592 	-0.343614 	0.19277 	1.43337 	0
37.6622 	-0.343614 	0.19277 	1.43337 	0
37.7323 	-0.343614 	0.19277 	1.43337 	0
37.8024 	-0.343614 	0.19277 	1.43337 	0
37.8726 	-0.343614 	0.19277 	1.43337 	0
37.9427 	-0.343614 	0.19277 	1.43337 	0
38.0128 	-0.343614 	0.19277 	1.43337 	0
38.083 	-0.343614 	0.19277 	1.43337 	0
38.1531 	-0.343614 	0.19277 	1.43337 	0
38.2232 	-0.343614 	0.19277 	1.43337 	0
38.2934 	-0.351549 	0.142741 	1.45727 	0
38.3635 	-0.351549 	0.142741 	1.45727 	0
38.4336 	-0.351549 	0.142741 	1.45727 	0
38.5038 	-0.351549 	0.142741 	1.45727 	0
38.5739 	-0.351549 	0.142741 	1.45727 	0
38.644 	-0.351549 	0.142741 	1.45727 	0
38.7142 	-0.351549 	0.142741 	1.45727 	0
38.7843 	-0.351549 	0.142741 	1.45727 	0
38.8545 	-0.351549 	0.142741 	1.45727 	0
38.9246 	-0.351549 	0.142741 	1.45727 	0
38.9947 	-0.351549 	0.142741 	1.45727 	0
39.0649 	-0.351549 	0.142741 	1.45727 	0
39.135 	-0.351549 	0.142741 	1.45727 	0
39.2051 	-0.351549 	0.142741 	1.45727 	0
39.2753 	-0.351549 	0.142741 	1.45727 	0
39.3454 	-0.351549 	0.142741 	1.45727 	0
39.4155 	-0.351549 	0.142741 	1.45727 	0
39.4857 	-0.351549 	0.142741 	1.45727 	0
39.5558 	-0.356103 	0.119177 	1.47739 	0
39.6259 	-0.356103 	0.119177 	1.47739 	0
39.6961 	-0.356103 	0.119177 	1.47739 	0
39.7662 	-0.356103 	0.119177 	1.47739 	0
39.8363 	-0.356103 	0.119177 	1.47739 	0
39.9065 	-0.356103 	0.119177 	1.47739 	0
39.9766 	-0.356103 	0.119177 	1.47739 	0
40.0467 	-0.356103 	0.119177 	1.47739 	0
40.1169 	-0.356103 	0.119177 	1.47739 	0
40.187 	-0.356103 	0.119177 	1.47739 	0
40.2571 	-0.356103 	0.119177 	1.47739 	0
40.3273 	-0.356103 	0.119177 	1.47739 	0
40.3974 	-0.356103 	0.119177 	1.47739 	0
40.4675 	-0.356103 	0.119177 	1.47739 	0
40.5377 	-0.356103 	0.119177 	1.47739 	0
40.6078 	-0.356103 	0.119177 	1.47739 	0
40.6779 	-0.356103 	0.119177 	1.47739 	0
40.7481 	-0.356264 	0.119216 	1.49329 	0
40.8182 	-0.356264 	0.119216 	1.49329 	0
40.8883 	-0.356264 	0.119216 	1.49329 	0
40.9585 	-0.356264 	0.119216 	1.49329 	0
41.0286 	-0.356264 	0.119216 	1.49329 	0
41.0988 	-0.356264 	0.119216 	1.49329 	0
41.1689 	-0.356264 	0.119216 	1.49329 	0
41.239 	-0.356264 	0.119216 	1.49329 	0
41.3092 	-0.356264 	0.119216 	1.49329 	0
41.3793 	-0.356264 	0.119216 	1.49329 	0
41.4494 	-0.356264 	0.119216 	1.49329 	0
41.5196 	-0.356264 	0.119216 	1.49329 	0
41.5897 	-0.356264 	0.119216 	1.49329 	0
41.6598 	-0.356264 	0.119216 	1.49329 	0
41.73 	-0.356264 	0.119216 	1.49329 	0
41.8001 	-0.356264 	0.119216 	1.49329 	0
41.8702 	-0.356264 	0.119216 	1.49329 	0
41.9404 	-0.356264 	0.119216 	1.49329 	0
42.0105 	-0.358079 	0.134854 	1.50057 	0
42.0806 	-0.358079 	0.134854 	1.50057 	0
42.1508 	-0.358079 	0.134854 	1.50057 	0
42.2209 	-0.358079 	0.134854 	1.50057 	0
42.291 	-0.358079 	0.134854 	1.50057 	0
42.3612 	-0.358079 	0.134854 	1.50057 	0
42.4313 	-0.358079 	0.134854 	1.50057 	0
42.5014 	-0.358079 	0.134854 	1.50057 	0
42.5716 	-0.358079 	0.134854 	1.50057 	0
42.6417 	-0.358079 	0.134854 	1.50057 	0
42.7118 	-0.358079 	0.134854 	1.50057 	0
42.782 	-0.358079 	0.134854 	1.50057 	0
42.8521 	-0.358079 	0.134854 	1.50057 	0
42.9222 	-0.358079 	0.134854 	1.50057 	0
42.9924 	-0.358079 	0.134854 	1.50057 	0
43.0625 	-0.358079 	0.134854 	1.50057 	0
43.1327 	-0.358079 	0.134854 	1.50057 	0
43.2028 	-0.370924 	0.185503 	1.49687 	0
43.2729 	-0.370924 	0.185503 	1.49687 	0
43.3431 	-0.370924 	0.185503 	1.49687 	0
43.4132 	-0.370924 	0.185503 	1.49687 	0
43.4833 	-0.370924 	0.185503 	1.49687 	0
43.5535 	-0.370924 	0.185503 	1.49687 	0
43.6236 	-0.370924 	0.185503 	1.49687 	0
43.6937 	-0.370924 	0.185503 	1.49687 	0
43.7639 	-0.370924 	0.185503 	1.49687 	0
43.834 	-0.370924 	0.185503 	1.49687 	0
43.9041 	-0.370924 	0.185503 	1.49687 	0
43.9743 	-0.370924 	0.185503 	1.49687 	0
44.0444 	-0.370924 	0.185503 	1.49687 	0
44.1145 	-0.370924 	0.185503 	1.49687 	0
44.1847 	-0.370924 	0.185503 	1.49687 	0
44.2548 	-0.370924 	0.185503 	1.49687 	0
44.3249 	-0.370924 	0.185503 	1.49687 	0
44.3951 	-0.370924 	0.185503 	1.49687 	0
44.4652 	-0.397867 	0.289249 	1.47422 	0
44.5353 	-0.397867 	0.289249 	1.47422 	0
44.6055 	-0.397867 	0.289249 	1.47422 	0
44.6756 	-0.397867 	0.289249 	1.47422 	0
44.7457 	-0.397867 	0.289249 	1.47422 	0
44.8159 	-0.397867 	0.289249 	1.47422 	0
44.886 	-0.397867 	0.289249 	1.47422 	0
44.9561 	-0.397867 	0.289249 	1.47422 	0
45.0263 	-0.397867 	0.289249 	1.47422 	0
45.0964 	-0.397867 	0.289249 	1.47422 	0
45.1665 	-0.397867 	0.289249 	1.47422 	0
45.2367 	-0.397867 	0.289249 	1.47422 	0
45.3068 	-0.397867 	0.289249 	1.47422 	0
45.377 	-0.397867 	0.289249 	1.47422 	0
45.4471 	-0.397867 	0.289249 	1.47422 	0
45.5172 	-0.397867 	0.289249 	1.47422 	0
45.5874 	-0.397867 	0.289249 	1.47422 	0
45.6575 	-0.45541 	0.379085 	1.43914 	0
45.7276 	-0.45541 	0.379085 	1.43914 	0
45.7978 	-0.45541 	0.379085 	1.43914 	0
45.8679 	-0.45541 	0.379085 	1.43914 	0
45.938 	-0.45541 	0.379085 	1.43914 	0
46.0082 	-0.45541 	0.379085 	1.43914 	0
46.0783 	-0.45541 	0.379085 	1.43914 	0
46.1484 	-0.45541 	0.379085 	1.43914 	0
46.2186 	-0.45541 	0.379085 	1.43914 	0
46.2887 	-0.45541 	0.379085 	1.43914 	0
46.3588 	-0.45541 	0.379085 	1.43914 	0
46.429 	-0.45541 	0.379085 	1.43914 	0
46.4991 	-0.45541 	0.379085 	1.43914 	0
46.5692 	-0.45541 	0.379085 	1.43914 	0
46.6394 	-0.45541 	0.379085 	1.43914 	0
46.7095 	-0.45541 	0.379085 	1.43914 	0
46.7796 	-0.405207 	0.341622 	1.69883 	0
46.8498 	-0.405207 	0.341622 	1.69883 	0
46.9199 	-0.535006 	0.387134 	1.77372 	0
46.99 	-0.535006 	0.387134 	1.77372 	0
47.0602 	-0.535006 	0.387134 	1.77372 	0
47.1303 	-0.535006 	0.387134 	1.77372 	0
47.2004 	-0.535006 	0.387134 	1.77372 	0
47.2706 	-0.535006 	0.387134 	1.77372 	0
47.3407 	-0.535006 	0.387134 	1.77372 	0
47.4108 	-0.535006 	0.387134 	1.77372 	0
47.481 	-0.535006 	0.387134 	1.77372 	0
47.5511 	-0.535006 	0.387134 	1.77372 	0
47.6213 	-0.535006 	0.387134 	1.77372 	0
47.6914 	-0.535006 	0.387134 	1.77372 	0
47.7615 	-0.535006 	0.387134 	1.77372 	0
47.8317 	-0.535006 	0.387134 	1.77372 	0
47.9018 	-0.535006 	0.387134 	1.77372 	0
47.9719 	-0.535006 	0.387134 	1.77372 	0
48.0421 	-0.535006 	0.387134 	1.77372 	0
48.1122 	-0.535006 	0.387134 	1.77372 	0
48.1823 	-0.730766 	0.389611 	1.8503 	0
48.2525 	-0.730766 	0.389611 	1.8503 	0
48.3226 	-0.730766 	0.389611 	1.8503 	0
48.3927 	-0.730766 	0.389611 	1.8503 	0
48.4629 	-0.730766 	0.389611 	1.8503 	0
48.533 	-0.730766 	0.389611 	1.8503 	0
48.6031 	-0.730766 	0.389611 	1.8503 	0
48.6733 	-0.730766 	0.389611 	1.8503 	0
48.7434 	-0.730766 	0.389611 	1.8503 	0
48.8135 	-0.730766 	0.389611 	1.8503 	0
48.8837 	-0.730766 	0.389611 	1.8503 	0
48.9538 	-0.730766 	0.389611 	1.8503 	0
49.0239 	-0.730766 	0.389611 	1.8503 	0
49.0941 	-0.730766 	0.389611 	1.8503 	0
49.1642 	-0.730766 	0.389611 	1.8503 	0
49.2343 	-0.730766 	0.389611 	1.8503 	0
49.3045 	-0.730766 	0.389611 	1.8503 	0
49.3746 	-0.962493 	0.330472 	1.90555 	0
49.4447 	-0.962493 	0.330472 	1.90555 	0
49.5149 	-0.962493 	0.330472 	1.90555 	0
49.585 	-0.962493 	0.330472 	1.90555 	0
49.6551 	-0.962493 	0.330472 	1.90555 	0
49.7253 	-0.962493 	0.330472 	1.90555 	0
49.7954 	-0.962493 	0.330472 	1.90555 	0
49.8656 	-0.962493 	0.330472 	1.90555 	0
49.9357 	-0.962493 	0.330472 	1.90555 	0
50.0058 	-0.962493 	0.330472 	1.90555 	0
50.076 	-0.962493 	0.330472 	1.90555 	0
50.1461 	-0.962493 	0.330472 	1.90555 	0
50.2162 	-0.962493 	0.330472 	1.90555 	0
50.2864 	-0.962493 	0.330472 	1.90555 	0
50.3565 	-0.962493 	0.330472 	1.90555 	0
50.4266 	-0.962493 	0.330472 	1.90555 	0
50.4968 	-0.962493 	0.330472 	1.90555 	0
50.5669 	-0.962493 	0.330472 	1.90555 	0
50.637 	-1.19116 	0.146296 	1.94794 	0
50.7072 	-1.19116 	0.146296 	1.94794 	0
50.7773 	-1.19116 	0.146296 	1.94794 	0
50.8474 	-1.19116 	0.146296 	1.94794 	0
50.9176 	-1.19116 	0.146296 	1.94794 	0
50.9877 	-1.19116 	0.146296 	1.94794 	0
51.0578 	-1.19116 	0.146296 	1.94794 	0
51.128 	-1.19116 	0.146296 	1.94794 	0
51.1981 	-1.19116 	0.146296 	1.94794 	0
51.2682 	-1.19116 	0.146296 	1.94794 	0
51.3384 	-1.19116 	0.146296 	1.94794 	0
51.4085 	-1.19116 	0.146296 	1.94794 	0
51.4786 	-1.19116 	0.146296 	1.94794 	0
51.5488 	-1.19116 	0.146296 	1.94794 	0
51.6189 	-1.19116 	0.146296 	1.94794 	0
51.689 	-1.19116 	0.146296 	1.94794 	0
51.7592 	-1.19116 	0.146296 	1.94794 	0
51.8293 	-1.292 	-0.187913 	2.01128 	0
51.8994 	-1.292 	-0.187913 	2.01128 	0
51.9696 	-1.292 	-0.187913 	2.01128 	0
52.0397 	-1.292 	-0.187913 	2.01128 	0
52.1099 	-1.292 	-0.187913 	2.01128 	0
52.18 	-1.292 	-0.187913 	2.01128 	0
52.2501 	-1.292 	-0.187913 	2.01128 	0
52.3203 	-1.292 	-0.187913 	2.01128 	0
52.3904 	-1.292 	-0.187913 	2.01128 	0
52.4605 	-1.292 	-0.187913 	2.01128 	0
52.5307 	-1.292 	-0.187913 	2.01128 	0
52.6008 	-1.292 	-0.187913 	2.01128 	0
52.6709 	-1.292 	-0.187913 	2.01128 	0
52.7411 	-1.292 	-0.187913 	2.01128 	0
52.8112 	-1.292 	-0.187913 	2.01128 	0
52.8813 	-1.292 	-0.187913 	2.01128 	0
52.9515 	-1.292 	-0.187913 	2.01128 	0
53.0216 	-1.292 	-0.187913 	2.01128 	0
53.0917 	-1.16578 	-0.499172 	2.09687 	0
53.1619 	-1.16578 	-0.499172 	2.09687 	0
53.232 	-1.16578 	-0.499172 	2.09687 	0
53.3021 	-1.16578 	-0.499172 	2.09687 	0
53.3723 	-1.16578 	-0.499172 	2.09687 	0
53.4424 	-1.16578 	-0.499172 	2.09687 	0
53.5125 	-1.16578 	-0.499172 	2.09687 	0
53.5827 	-1.16578 	-0.499172 	2.09687 	0
53.6528 	-1.16578 	-0.499172 	2.09687 	0
53.7229 	-1.16578 	-0.499172 	2.09687 	0
53.7931 	-1.16578 	-0.499172 	2.09687 	0
53.8632 	-1.16578 	-0.499172 	2.09687 	0
53.9333 	-1.16578 	-0.499172 	2.09687 	0
54.0035 	-1.16578 	-0.499172 	2.09687 	0
54.0736 	-1.16578 	-0.499172 	2.09687 	0
54.1437 	-1.16578 	-0.499172 	2.09687 	0
54.2139 	-1.16578 	-0.499172 	2.09687 	0
54.284 	-0.910272 	-0.697595 	2.18277 	0
54.3542 	-0.910272 	-0.697595 	2.18277 	0
54.4243 	-0.910272 	-0.697595 	2.18277 	0
54.4944 	-0.910272 	-0.697595 	2.18277 	0
54.5646 	-0.910272 	-0.697595 	2.18277 	0
54.6347 	-0.910272 	-0.697595 	2.18277 	0
54.7048 	-0.910272 	-0.697595 	2.18277 	0
54.775 	-0.910272 	-0.697595 	2.18277 	0
54.8451 	-0.910272 	-0.697595 	2.18277 	0
54.9152 	-0.910272 	-0.697595 	2.18277 	0
54.9854 	-0.910272 	-0.697595 	2.18277 	0
55.0555 	-0.910272 	-0.697595 	2.18277 	0
55.1256 	-0.910272 	-0.697595 	2.18277 	0
55.1958 	-0.910272 	-0.697595 	2.18277 	0
55.2659 	-0.910272 	-0.697595 	2.18277 	0
55.336 	-0.910272 	-0.697595 	2.18277 	0
55.4062 	-0.910272 	-0.697595 	2.18277 	0
55.4763 	-0.910272 	-0.697595 	2.18277 	0
55.5464 	-0.631197 	-0.759375 	2.25125 	0
55.6166 	-0.631197 	-0.759375 	2.25125 	0
55.6867 	-0.631197 	-0.759375 	2.25125 	0
55.7568 	-0.631197 	-0.759375 	2.25125 	0
55.827 	-0.631197 	-0.759375 	2.25125 	0
55.8971 	-0.631197 	-0.759375 	2.25125 	0
55.9672 	-0.631197 	-0.759375 	2.25125 	0
56.0374 	-0.631197 	-0.759375 	2.25125 	0
56.1075 	-0.631197 	-0.759375 	2.25125 	0
56.1776 	-0.631197 	-0.759375 	2.25125 	0
56.2478 	-0.631197 	-0.759375 	2.25125 	0
56.3179 	-0.631197 	-0.759375 	2.25125 	0
56.3881 	-0.631197 	-0.759375 	2.25125 	0
56.4582 	-0.631197 	-0.759375 	2.25125 	0
56.5283 	-0.631197 	-0.759375 	2.25125 	0
56.5985 	-0.631197 	-0.759375 	2.25125 	0
56.6686 	-0.631197 	-0.759375 	2.25125 	0
56.7387 	-0.631197 	-0.759375 	2.25125 	0
56.8089 	-0.368236 	-0.74444 	2.28271 	0
56.879 	-0.368236 	-0.74444 	2.28271 	0
56.9491 	-0.368236 	-0.74444 	2.28271 	0
57.0193 	-0.368236 	-0.74444 	2.28271 	0
57.0894 	-0.368236 	-0.74444 	2.28271 	0
57.1595 	-0.368236 	-0.74444 	2.28271 	0
57.2297 	-0.368236 	-0.74444 	2.28271 	0
57.2998 	-0.368236 	-0.74444 	2.28271 	0
57.3699 	-0.368236 	-0.74444 	2.28271 	0
57.4401 	-0.368236 	-0.74444 	2.28271 	0
57.5102 	-0.368236 	-0.74444 	2.28271 	0
57.5803 	-0.368236 	-0.74444 	2.28271 	0
57.6505 	-0.368236 	-0.74444 	2.28271 	0
57.7206 	-0.368236 	-0.74444 	2.28271 	0
57.7907 	-0.368236 	-0.74444 	2.28271 	0
57.8609 	-0.368236 	-0.74444 	2.28271 	0
57.931 	-0.368236 	-0.74444 	2.28271 	0
58.0011 	-0.15287 	-0.674444 	2.27065 	0
58.0713 	-0.15287 	-0.674444 	2.27065 	0
58.1414 	-0.15287 	-0.674444 	2.27065 	0
58.2115 	-0.15287 	-0.674444 	2.27065 	0
58.2817 	-0.15287 	-0.674444 	2.27065 	0
58.3518 	-0.15287 	-0.674444 	2.27065 	0
58.4219 	-0.15287 	-0.674444 	2.27065 	0
58.4921 	-0.15287 	-0.674444 	2.27065 	0
58.5622 	-0.15287 	-0.674444 	2.27065 	0
58.6324 	-0.15287 	-0.674444 	2.27065 	0
58.7025 	-0.15287 	-0.674444 	2.27065 	0
58.7726 	-0.15287 	-0.674444 	2.27065 	0
58.8428 	-0.15287 	-0.674444 	2.27065 	0
58.9129 	-0.15287 	-0.674444 	2.27065 	0
58.983 	-0.15287 	-0.674444 	2.27065 	0
59.0532 	-0.15287 	-0.674444 	2.27065 	0
59.1233 	-0.15287 	-0.674444 	2.27065 	0
59.1934 	-0.15287 	-0.674444 	2.27065 	0
59.2636 	-0.0383112 	-0.505179 	2.21377 	0
59.3337 	-0.0383112 	-0.505179 	2.21377 	0
59.4038 	-0.0383112 	-0.505179 	2.21377 	0
59.474 	-0.0383112 	-0.505179 	2.21377 	0
59.5441 	-0.0383112 	-0.505179 	2.21377 	0
59.6142 	-0.0383112 	-0.505179 	2.21377 	0
59.6844 	-0.0383112 	-0.505179 	2.21377 	0
59.7545 	-0.0383112 	-0.505179 	2.21377 	0
59.8246 	-0.0383112 	-0.505179 	2.21377 	0
59.8948 	-0.0383112 	-0.505179 	2.21377 	0
59.9649 	-0.0383112 	-0.505179 	2.21377 	0
60.035 	-0.0383112 	-0.505179 	2.21377 	0
60.1052 	-0.0383112 	-0.505179 	2.21377 	0
60.1753 	-0.0383112 	-0.505179 	2.21377 	0
60.2454 	-0.0383112 	-0.505179 	2.21377 	0
60.3156 	-0.0383112 	-0.505179 	2.21377 	0
60.3857 	-0.0383112 	-0.505179 	2.21377 	0
60.4558 	0.0087601 	-0.360241 	2.14098 	0
60.526 	0.0087601 	-0.360241 	2.14098 	0
60.5961 	0.0087601 	-0.360241 	2.14098 	0
60.6662 	0.0087601 	-0.360241 	2.14098 	0
60.7364 	0.0087601 	-0.360241 	2.14098 	0
60.8065 	0.0087601 	-0.360241 	2.14098 	0
60.8767 	0.0087601 	-0.360241 	2.14098 	0
60.9468 	0.0087601 	-0.360241 	2.14098 	0
61.0169 	0.0087601 	-0.360241 	2.14098 	0
61.0871 	0.0087601 	-0.360241 	2.14098 	0
61.1572 	0.0087601 	-0.360241 	2.14098 	0
61.2273 	0.0087601 	-0.360241 	2.14098 	0
61.2975 	0.0087601 	-0.360241 	2.14098 	0
61.3676 	0.0087601 	-0.360241 	2.14098 	0
61.4377 	0.0087601 	-0.360241 	2.14098 	0
61.5079 	0.0087601 	-0.360241 	2.14098 	0
61.578 	0.0087601 	-0.360241 	2.14098 	0
61.6481 	0.0087601 	-0.360241 	2.14098 	0
61.7183 	0.0213699 	-0.261618 	2.06956 	0
61.7884 	0.0213699 	-0.261618 	2.06956 	0
61.8585 	0.0213699 	-0.261618 	2.06956 	0
61.9287 	0.0213699 	-0.261618 	2.06956 	0
61.9988 	0.0213699 	-0.261618 	2.06956 	0
62.0689 	0.0213699 	-0.261618 	2.06956 	0
62.1391 	0.0213699 	-0.261618 	2.06956 	0
62.2092 	0.0213699 	-0.261618 	2.06956 	0
62.2793 	0.0213699 	-0.261618 	2.06956 	0
62.3495 	0.0213699 	-0.261618 	2.06956 	0
62.4196 	0.0213699 	-0.261618 	2.06956 	0
62.4897 	0.0213699 	-0.261618 	2.06956 	0
62.5599 	0.0213699 	-0.261618 	2.06956 	0
62.63 	0.0213699 	-0.261618 	2.06956 	0
62.7001 	0.0213699 	-0.261618 	2.06956 	0
62.7703 	0.0213699 	-0.261618 	2.06956 	0
62.8404 	0.0213699 	-0.261618 	2.06956 	0
62.9105 	0.0224333 	-0.188051 	2.0068 	0
62.9807 	0.0224333 	-0.188051 	2.0068 	0
63.0508 	0.0224333 	-0.188051 	2.0068 	0
63.121 	0.0224333 	-0.188051 	2.0068 	0
63.1911 	0.0224333 	-0.188051 	2.0068 	0
63.2612 	0.0224333 	-0.188051 	2.0068 	0
63.3314 	0.0224333 	-0.188051 	2.0068 	0
63.4015 	0.0224333 	-0.188051 	2.0068 	0
63.4716 	0.0224333 	-0.188051 	2.0068 	0
63.5418 	0.0224333 	-0.188051 	2.0068 	0
63.6119 	0.0224333 	-0.188051 	2.0068 	0
63.682 	0.0224333 	-0.188051 	2.0068 	0
63.7522 	0.0224333 	-0.188051 	2.0068 	0
63.8223 	0.0224333 	-0.188051 	2.0068 	0
63.8924 	0.0224333 	-0.188051 	2.0068 	0
63.9626 	0.0224333 	-0.188051 	2.0068 	0
64.0327 	0.0224333 	-0.188051 	2.0068 	0
64.1028 	0.0224333 	-0.188051 	2.0068 	0
64.173 	0.0184383 	-0.142926 	1.96343 	0
64.2431 	0.0184383 	-0.142926 	1.96343 	0
64.3132 	0.0184383 	-0.142926 	1.96343 	0
64.3834 	0.0184383 	-0.142926 	1.96343 	0
64.4535 	0.0184383 	-0.142926 	1.96343 	0
64.5236 	0.0184383 	-0.142926 	1.96343 	0
64.5938 	0.0184383 	-0.142926 	1.96343 	0
64.6639 	0.0184383 	-0.142926 	1.96343 	0
64.734 	0.0184383 	-0.142926 	1.96343 	0
64.8042 	0.0184383 	-0.142926 	1.96343 	0
64.8743 	0.0184383 	-0.142926 	1.96343 	0
64.9444 	0.0184383 	-0.142926 	1.96343 	0
65.0146 	0.0184383 	-0.142926 	1.96343 	0
65.0847 	0.0184383 	-0.142926 	1.96343 	0
65.1548 	0.0184383 	-0.142926 	1.96343 	0
65.225 	0.0184383 	-0.142926 	1.96343 	0
65.2951 	0.0184383 	-0.142926 	1.96343 	0
65.3653 	0.0184383 	-0.142926 	1.96343 	0
65.4354 	0.0129993 	-0.101741 	1.9298 	0
65.5055 	0.0129993 	-0.101741 	1.9298 	0
65.5757 	0.0129993 	-0.101741 	1.9298 	0
65.6458 	0.0129993 	-0.101741 	1.9298 	0
65.7159 	0.0129993 	-0.101741 	1.9298 	0
65.7861 	0.0129993 	-0.101741 	1.9298 	0
65.8562 	0.0129993 	-0.101741 	1.9298 	0
65.9263 	0.0129993 	-0.101741 	1.9298 	0
65.9965 	0.0129993 	-0.101741 	1.9298 	0
66.0666 	0.0129993 	-0.101741 	1.9298 	0
66.1367 	0.0129993 	-0.101741 	1.9298 	0
66.2069 	0.0129993 	-0.101741 	1.9298 	0
66.277 	0.0129993 	-0.101741 	1.9298 	0
66.3471 	0.0129993 	-0.101741 	1.9298 	0
66.4173 	0.0129993 	-0.101741 	1.9298 	0
66.4874 	0.0129993 	-0.101741 	1.9298 	0
66.5575 	0.0129993 	-0.101741 	1.9298 	0
66.6277 	0.00767774 	-0.0836963 	1.91272 	0
66.6978 	0.00767774 	-0.0836963 	1.91272 	0
66.7679 	0.00767774 	-0.0836963 	1.91272 	0
66.8381 	0.00767774 	-0.0836963 	1.91272 	0
66.9082 	0.00767774 	-0.0836963 	1.91272 	0
66.9783 	0.00767774 	-0.0836963 	1.91272 	0
67.0485 	0.00767774 	-0.0836963 	1.91272 	0
67.1186 	0.00767774 	-0.0836963 	1.91272 	0
67.1887 	0.00767774 	-0.0836963 	1.91272 	0
67.2589 	0.00767774 	-0.0836963 	1.91272 	0
67.329 	0.00767774 	-0.0836963 	1.91272 	0
67.3991 	0.00767774 	-0.0836963 	1.91272 	0
67.4693 	0.00767774 	-0.0836963 	1.91272 	0
67.5394 	0.00767774 	-0.0836963 	1.91272 	0
67.6096 	0.00767774 	-0.0836963 	1.91272 	0
67.6797 	0.00767774 	-0.0836963 	1.91272 	0
67.7498 	0.00767774 	-0.0836963 	1.91272 	0
67.82 	0.00767774 	-0.0836963 	1.91272 	0
67.8901 	0.00263305 	-0.0554408 	1.89402 	0
67.9602 	0.00263305 	-0.0554408 	1.89402 	0
68.0304 	0.00263305 	-0.0554408 	1.89402 	0
68.1005 	0.00263305 	-0.0554408 	1.89402 	0
68.1706 	0.00263305 	-0.0554408 	1.89402 	0
68.2408 	0.00263305 	-0.0554408 	1.89402 	0
68.3109 	0.00263305 	-0.0554408 	1.89402 	0
68.381 	0.00263305 	-0.0554408 	1.89402 	0
68.4512 	0.00263305 	-0.0554408 	1.89402 	0
68.5213 	0.00263305 	-0.0554408 	1.89402 	0
68.5914 	0.00263305 	-0.0554408 	1.89402 	0
68.6616 	0.00263305 	-0.0554408 	1.89402 	0
68.7317 	0.00263305 	-0.0554408 	1.89402 	0
68.8018 	0.00263305 	-0.0554408 	1.89402 	0
68.872 	0.00263305 	-0.0554408 	1.89402 	0
68.9421 	0.00263305 	-0.0554408 	1.89402 	0
69.0122 	0.00263305 	-0.0554408 	1.89402 	0
