0.490941 	1.21116 	0.00612083 	3.00279 	0
0.561075 	1.21116 	0.00612083 	3.00279 	0
0.63121 	1.21116 	0.00612083 	3.00279 	0
0.701344 	1.21116 	0.00612083 	3.00279 	0
0.771478 	1.21116 	0.00612083 	3.00279 	0
0.841613 	1.21116 	0.00612083 	3.00279 	0
0.911747 	1.21116 	0.00612083 	3.00279 	0
0.981881 	1.21116 	0.00612083 	3.00279 	0
1.05202 	1.21116 	0.00612083 	3.00279 	0
1.12215 	1.21116 	0.00612083 	3.00279 	0
1.19228 	1.21116 	0.00612083 	3.00279 	0
1.26242 	1.18501 	0.0115018 	3.00798 	0
1.33255 	1.18501 	0.0115018 	3.00798 	0
1.40269 	1.18501 	0.0115018 	3.00798 	0
1.47282 	1.18501 	0.0115018 	3.00798 	0
1.54296 	1.18501 	0.0115018 	3.00798 	0
1.61309 	1.18501 	0.0115018 	3.00798 	0
1.68323 	1.18501 	0.0115018 	3.00798 	0
1.75336 	1.18501 	0.0115018 	3.00798 	0
1.82349 	1.13525 	0.0148153 	3.02394 	4.3509e-19
1.89363 	1.13525 	0.0148153 	3.02394 	4.3509e-19
1.96376 	1.13525 	0.0148153 	3.02394 	4.3509e-19
2.0339 	1.13525 	0.0148153 	3.02394 	4.3509e-19
2.10403 	1.13525 	0.0148153 	3.02394 	4.3509e-19
2.17417 	1.13525 	0.0148153 	3.02394 	4.3509e-19
2.2443 	1.13525 	0.0148153 	3.02394 	4.3509e-19
2.31443 	1.13525 	0.0148153 	3.02394 	4.3509e-19
2.38457 	1.13525 	0.0148153 	3.02394 	4.3509e-19
2.4547 	1.13525 	0.0148153 	3.02394 	4.3509e-19
2.52484 	1.13525 	0.0148153 	3.02394 	4.3509e-19
2.59497 	1.10061 	0.00733143 	3.03674 	-6.9137e-19
2.66511 	1.10061 	0.00733143 	3.03674 	-6.9137e-19
2.73524 	1.10061 	0.00733143 	3.03674 	-6.9137e-19
2.80538 	1.10061 	0.00733143 	3.03674 	-6.9137e-19
2.87551 	1.10061 	0.00733143 	3.03674 	-6.9137e-19
2.94564 	1.10061 	0.00733143 	3.03674 	-6.9137e-19
3.01578 	1.10061 	0.00733143 	3.03674 	-6.9137e-19
3.08591 	1.10061 	0.00733143 	3.03674 	-6.9137e-19
3.15605 	1.10061 	0.00733143 	3.03674 	-6.9137e-19
3.22618 	1.10061 	0.00733143 	3.03674 	-6.9137e-19
3.29632 	1.06811 	0.0201626 	3.04342 	6.99148e-19
3.36645 	1.06811 	0.0201626 	3.04342 	6.99148e-19
3.43659 	1.06811 	0.0201626 	3.04342 	6.99148e-19
3.50672 	1.06811 	0.0201626 	3.04342 	6.99148e-19
3.57685 	1.06811 	0.0201626 	3.04342 	6.99148e-19
3.64699 	1.06811 	0.0201626 	3.04342 	6.99148e-19
3.71712 	1.06811 	0.0201626 	3.04342 	6.99148e-19
3.78726 	1.06811 	0.0201626 	3.04342 	6.99148e-19
3.85739 	1.06811 	0.0201626 	3.04342 	6.99148e-19
3.92753 	1.06811 	0.0201626 	3.04342 	6.99148e-19
3.99766 	1.06811 	0.0201626 	3.04342 	6.99148e-19
4.06779 	1.04978 	0.00364471 	3.05021 	-1.96809e-20
4.13793 	1.04978 	0.00364471 	3.05021 	-1.96809e-20
4.20806 	1.04978 	0.00364471 	3.05021 	-1.96809e-20
4.2782 	1.04978 	0.00364471 	3.05021 	-1.96809e-20
4.34833 	1.04978 	0.00364471 	3.05021 	-1.96809e-20
4.41847 	1.04978 	0.00364471 	3.05021 	-1.96809e-20
4.4886 	1.02478 	0.0166623 	3.05782 	0
4.55874 	1.02478 	0.0166623 	3.05782 	0
4.62887 	1.02478 	0.0166623 	3.05782 	0
4.699 	1.02478 	0.0166623 	3.05782 	0
4.76914 	1.02478 	0.0166623 	3.05782 	0
4.83927 	1.02478 	0.0166623 	3.05782 	0
4.90941 	1.02478 	0.0166623 	3.05782 	0
4.97954 	1.02478 	0.0166623 	3.05782 	0
5.04968 	1.02478 	0.0166623 	3.05782 	0
5.11981 	1.02478 	0.0166623 	3.05782 	0
5.18994 	1.00248 	0.00578813 	3.06488 	-9.33422e-21
5.26008 	1.00248 	0.00578813 	3.06488 	-9.33422e-21
5.33021 	1.00248 	0.00578813 	3.06488 	-9.33422e-21
5.40035 	1.00248 	0.00578813 	3.06488 	-9.33422e-21
5.47048 	1.00248 	0.00578813 	3.06488 	-9.33422e-21
5.54062 	1.00248 	0.00578813 	3.06488 	-9.33422e-21
5.61075 	1.00248 	0.00578813 	3.06488 	-9.33422e-21
5.68089 	0.973683 	0.0111224 	3.07425 	0
5.75102 	0.973683 	0.0111224 	3.07425 	0
5.82115 	0.973683 	0.0111224 	3.07425 	0
5.89129 	0.973683 	0.0111224 	3.07425 	0
5.96142 	0.973683 	0.0111224 	3.07425 	0
6.03156 	0.973683 	0.0111224 	3.07425 	0
6.10169 	0.973683 	0.0111224 	3.07425 	0
6.17183 	0.973683 	0.0111224 	3.07425 	0
6.24196 	0.973683 	0.0111224 	3.07425 	0
6.3121 	0.944294 	0.00726666 	3.08268 	0
6.38223 	0.944294 	0.00726666 	3.08268 	0
6.45236 	0.944294 	0.00726666 	3.08268 	0
6.5225 	0.944294 	0.00726666 	3.08268 	0
6.59263 	0.944294 	0.00726666 	3.08268 	0
6.66277 	0.944294 	0.00726666 	3.08268 	0
6.7329 	0.944294 	0.00726666 	3.08268 	0
6.80304 	0.944294 	0.00726666 	3.08268 	0
6.87317 	0.918988 	0.00631602 	3.0914 	3.15754e-19
6.9433 	0.918988 	0.00631602 	3.0914 	3.15754e-19
7.01344 	0.918988 	0.00631602 	3.0914 	3.15754e-19
7.08357 	0.918988 	0.00631602 	3.0914 	3.15754e-19
7.15371 	0.918988 	0.00631602 	3.0914 	3.15754e-19
7.22384 	0.918988 	0.00631602 	3.0914 	3.15754e-19
7.29398 	0.918988 	0.00631602 	3.0914 	3.15754e-19
7.36411 	0.918988 	0.00631602 	3.0914 	3.15754e-19
7.43425 	0.918988 	0.00631602 	3.0914 	3.15754e-19
7.50438 	0.887465 	0.00871369 	3.09886 	-2.35436e-18
7.57451 	0.887465 	0.00871369 	3.09886 	-2.35436e-18
7.64465 	0.887465 	0.00871369 	3.09886 	-2.35436e-18
7.71478 	0.887465 	0.00871369 	3.09886 	-2.35436e-18
7.78492 	0.887465 	0.00871369 	3.09886 	-2.35436e-18
7.85505 	0.887465 	0.00871369 	3.09886 	-2.35436e-18
7.92519 	0.887465 	0.00871369 	3.09886 	-2.35436e-18
7.99532 	0.887465 	0.00871369 	3.09886 	-2.35436e-18
8.06545 	0.868007 	0.00201305 	3.10681 	2.29666e-18
8.13559 	0.868007 	0.00201305 	3.10681 	2.29666e-18
8.20572 	0.868007 	0.00201305 	3.10681 	2.29666e-18
8.27586 	0.868007 	0.00201305 	3.10681 	2.29666e-18
8.34599 	0.868007 	0.00201305 	3.10681 	2.29666e-18
8.41613 	0.868007 	0.00201305 	3.10681 	2.29666e-18
8.48626 	0.868007 	0.00201305 	3.10681 	2.29666e-18
8.5564 	0.868007 	0.00201305 	3.10681 	2.29666e-18
8.62653 	0.868007 	0.00201305 	3.10681 	2.29666e-18
8.69666 	0.837674 	0.0172242 	3.11796 	2.13149e-18
8.7668 	0.837674 	0.0172242 	3.11796 	2.13149e-18
8.83693 	0.837674 	0.0172242 	3.11796 	2.13149e-18
8.90707 	0.837674 	0.0172242 	3.11796 	2.13149e-18
8.9772 	0.837674 	0.0172242 	3.11796 	2.13149e-18
9.04734 	0.837674 	0.0172242 	3.11796 	2.13149e-18
9.11747 	0.837674 	0.0172242 	3.11796 	2.13149e-18
9.18761 	0.837674 	0.0172242 	3.11796 	2.13149e-18
9.25774 	0.807814 	0.00328238 	3.11804 	-1.99047e-18
9.32787 	0.807814 	0.00328238 	3.11804 	-1.99047e-18
9.39801 	0.807814 	0.00328238 	3.11804 	-1.99047e-18
9.46814 	0.807814 	0.00328238 	3.11804 	-1.99047e-18
9.53828 	0.807814 	0.00328238 	3.11804 	-1.99047e-18
9.60841 	0.807814 	0.00328238 	3.11804 	-1.99047e-18
9.67855 	0.807814 	0.00328238 	3.11804 	-1.99047e-18
9.74868 	0.807814 	0.00328238 	3.11804 	-1.99047e-18
9.81881 	0.78978 	0.0163574 	3.12975 	-6.11338e-19
9.88895 	0.78978 	0.0163574 	3.12975 	-6.11338e-19
9.95908 	0.78978 	0.0163574 	3.12975 	-6.11338e-19
10.0292 	0.78978 	0.0163574 	3.12975 	-6.11338e-19
10.0994 	0.78978 	0.0163574 	3.12975 	-6.11338e-19
10.1695 	0.78978 	0.0163574 	3.12975 	-6.11338e-19
10.2396 	0.78978 	0.0163574 	3.12975 	-6.11338e-19
10.3098 	0.78978 	0.0163574 	3.12975 	-6.11338e-19
10.3799 	0.78978 	0.0163574 	3.12975 	-6.11338e-19
10.45 	0.78978 	0.0163574 	3.12975 	-6.11338e-19
10.5202 	0.78978 	0.0163574 	3.12975 	-6.11338e-19
10.5903 	0.78978 	0.0163574 	3.12975 	-6.11338e-19
10.6604 	0.812371 	0.0143295 	3.12576 	8.99771e-19
10.7306 	0.759318 	0.035593 	3.1401 	0
10.8007 	0.759318 	0.035593 	3.1401 	0
10.8708 	0.759318 	0.035593 	3.1401 	0
10.941 	0.759318 	0.035593 	3.1401 	0
11.0111 	0.759318 	0.035593 	3.1401 	0
11.0812 	0.759318 	0.035593 	3.1401 	0
11.1514 	0.759318 	0.035593 	3.1401 	0
11.2215 	0.759318 	0.035593 	3.1401 	0
11.2916 	0.759318 	0.035593 	3.1401 	0
11.3618 	0.759318 	0.035593 	3.1401 	0
11.4319 	0.759318 	0.035593 	3.1401 	0
11.502 	0.759318 	0.035593 	3.1401 	0
11.5722 	0.759318 	0.035593 	3.1401 	0
11.6423 	0.759318 	0.035593 	3.1401 	0
11.7124 	0.767674 	0.0229052 	3.12966 	0
11.7826 	0.706663 	0.0771445 	3.16095 	1.03095e-18
11.8527 	0.706663 	0.0771445 	3.16095 	1.03095e-18
11.9228 	0.706663 	0.0771445 	3.16095 	1.03095e-18
11.993 	0.706663 	0.0771445 	3.16095 	1.03095e-18
12.0631 	0.706663 	0.0771445 	3.16095 	1.03095e-18
12.1332 	0.706663 	0.0771445 	3.16095 	1.03095e-18
12.2034 	0.608884 	0.0700216 	3.18687 	-5.14015e-19
12.2735 	0.608884 	0.0700216 	3.18687 	-5.14015e-19
12.3437 	0.608884 	0.0700216 	3.18687 	-5.14015e-19
12.4138 	0.608884 	0.0700216 	3.18687 	-5.14015e-19
12.4839 	0.608884 	0.0700216 	3.18687 	-5.14015e-19
12.5541 	0.608884 	0.0700216 	3.18687 	-5.14015e-19
12.6242 	0.608884 	0.0700216 	3.18687 	-5.14015e-19
12.6943 	0.608884 	0.0700216 	3.18687 	-5.14015e-19
12.7645 	0.608884 	0.0700216 	3.18687 	-5.14015e-19
12.8346 	0.494114 	0.0365477 	3.17927 	4.90902e-19
12.9047 	0.480088 	0.137797 	3.22271 	-2.52644e-19
12.9749 	0.480088 	0.137797 	3.22271 	-2.52644e-19
13.045 	0.480088 	0.137797 	3.22271 	-2.52644e-19
13.1151 	0.480088 	0.137797 	3.22271 	-2.52644e-19
13.1853 	0.480088 	0.137797 	3.22271 	-2.52644e-19
13.2554 	0.480088 	0.137797 	3.22271 	-2.52644e-19
13.3255 	0.480088 	0.137797 	3.22271 	-2.52644e-19
13.3957 	0.707138 	0.142833 	3.19387 	1.5777e-18
13.4658 	0.707138 	0.142833 	3.19387 	1.5777e-18
13.5359 	0.707138 	0.142833 	3.19387 	1.5777e-18
13.6061 	0.707138 	0.142833 	3.19387 	1.5777e-18
13.6762 	0.707138 	0.142833 	3.19387 	1.5777e-18
13.7463 	0.707138 	0.142833 	3.19387 	1.5777e-18
13.8165 	0.787467 	0.115144 	2.86784 	-1.31552e-18
13.8866 	0.991913 	0.138178 	2.96197 	6.25948e-19
13.9567 	0.991913 	0.138178 	2.96197 	6.25948e-19
14.0269 	0.408852 	0.246542 	3.03526 	-2.01557e-18
14.097 	0.408852 	0.246542 	3.03526 	-2.01557e-18
14.1671 	0.408852 	0.246542 	3.03526 	-2.01557e-18
14.2373 	0.408852 	0.246542 	3.03526 	-2.01557e-18
14.3074 	0.408852 	0.246542 	3.03526 	-2.01557e-18
14.3776 	0.408852 	0.246542 	3.03526 	-2.01557e-18
14.4477 	0.408852 	0.246542 	3.03526 	-2.01557e-18
14.5178 	0.408852 	0.246542 	3.03526 	-2.01557e-18
14.588 	0.408852 	0.246542 	3.03526 	-2.01557e-18
14.6581 	0.408852 	0.246542 	3.03526 	-2.01557e-18
14.7282 	0.408852 	0.246542 	3.03526 	-2.01557e-18
14.7984 	0.408852 	0.246542 	3.03526 	-2.01557e-18
14.8685 	0.408852 	0.246542 	3.03526 	-2.01557e-18
14.9386 	0.231036 	0.341093 	3.1943 	0
15.0088 	0.231036 	0.341093 	3.1943 	0
15.0789 	0.231036 	0.341093 	3.1943 	0
15.149 	0.231036 	0.341093 	3.1943 	0
15.2192 	0.231036 	0.341093 	3.1943 	0
15.2893 	-0.276899 	0.34024 	3.42155 	-1.67502e-19
15.3594 	-0.276899 	0.34024 	3.42155 	-1.67502e-19
15.4296 	-0.276899 	0.34024 	3.42155 	-1.67502e-19
15.4997 	-0.276899 	0.34024 	3.42155 	-1.67502e-19
15.5698 	-0.276899 	0.34024 	3.42155 	-1.67502e-19
15.64 	-0.276899 	0.34024 	3.42155 	-1.67502e-19
15.7101 	-0.772552 	0.39548 	3.49257 	0
15.7802 	-0.772552 	0.39548 	3.49257 	0
15.8504 	-0.668977 	0.647644 	3.55048 	1.20662e-18
15.9205 	-0.668977 	0.647644 	3.55048 	1.20662e-18
15.9906 	-0.668977 	0.647644 	3.55048 	1.20662e-18
16.0608 	-0.668977 	0.647644 	3.55048 	1.20662e-18
16.1309 	-0.668977 	0.647644 	3.55048 	1.20662e-18
16.201 	-0.668977 	0.647644 	3.55048 	1.20662e-18
16.2712 	-0.668977 	0.647644 	3.55048 	1.20662e-18
16.3413 	-0.668977 	0.647644 	3.55048 	1.20662e-18
16.4114 	-0.668977 	0.647644 	3.55048 	1.20662e-18
16.4816 	-0.668977 	0.647644 	3.55048 	1.20662e-18
16.5517 	-0.668977 	0.647644 	3.55048 	1.20662e-18
16.6219 	-0.668977 	0.647644 	3.55048 	1.20662e-18
16.692 	-0.668977 	0.647644 	3.55048 	1.20662e-18
16.7621 	-0.668977 	0.647644 	3.55048 	1.20662e-18
16.8323 	-0.219823 	0.872489 	3.11799 	2.95264e-20
16.9024 	-0.219823 	0.872489 	3.11799 	2.95264e-20
16.9725 	-0.219823 	0.872489 	3.11799 	2.95264e-20
17.0427 	-0.219823 	0.872489 	3.11799 	2.95264e-20
17.1128 	-0.219823 	0.872489 	3.11799 	2.95264e-20
17.1829 	-0.219823 	0.872489 	3.11799 	2.95264e-20
17.2531 	-0.219823 	0.872489 	3.11799 	2.95264e-20
17.3232 	-0.219823 	0.872489 	3.11799 	2.95264e-20
17.3933 	-0.219823 	0.872489 	3.11799 	2.95264e-20
17.4635 	-0.219823 	0.872489 	3.11799 	2.95264e-20
17.5336 	-0.128902 	0.913007 	3.03499 	8.05301e-21
17.6037 	-0.128902 	0.913007 	3.03499 	8.05301e-21
17.6739 	-0.128902 	0.913007 	3.03499 	8.05301e-21
17.744 	-0.219873 	1.04176 	3.16465 	9.04135e-20
17.8141 	-0.219873 	1.04176 	3.16465 	9.04135e-20
17.8843 	-0.219873 	1.04176 	3.16465 	9.04135e-20
17.9544 	-0.219873 	1.04176 	3.16465 	9.04135e-20
18.0245 	-0.219873 	1.04176 	3.16465 	9.04135e-20
18.0947 	-0.219873 	1.04176 	3.16465 	9.04135e-20
18.1648 	-0.219873 	1.04176 	3.16465 	9.04135e-20
18.2349 	-0.219873 	1.04176 	3.16465 	9.04135e-20
18.3051 	-0.219873 	1.04176 	3.16465 	9.04135e-20
18.3752 	0.0696318 	1.00358 	2.76836 	-6.87464e-20
18.4453 	0.0696318 	1.00358 	2.76836 	-6.87464e-20
18.5155 	0.0696318 	1.00358 	2.76836 	-6.87464e-20
18.5856 	0.0696318 	1.00358 	2.76836 	-6.87464e-20
18.6557 	0.0696318 	1.00358 	2.76836 	-6.87464e-20
18.7259 	0.0696318 	1.00358 	2.76836 	-6.87464e-20
18.796 	0.0696318 	1.00358 	2.76836 	-6.87464e-20
18.8662 	0.137173 	1.04043 	2.82477 	-2.31668e-19
18.9363 	0.137173 	1.04043 	2.82477 	-2.31668e-19
19.0064 	0.137173 	1.04043 	2.82477 	-2.31668e-19
19.0766 	0.137173 	1.04043 	2.82477 	-2.31668e-19
19.1467 	0.137173 	1.04043 	2.82477 	-2.31668e-19
19.2168 	0.137173 	1.04043 	2.82477 	-2.31668e-19
19.287 	0.137173 	1.04043 	2.82477 	-2.31668e-19
19.3571 	0.137173 	1.04043 	2.82477 	-2.31668e-19
19.4272 	0.137173 	1.04043 	2.82477 	-2.31668e-19
19.4974 	0.137173 	1.04043 	2.82477 	-2.31668e-19
19.5675 	0.137173 	1.04043 	2.82477 	-2.31668e-19
19.6376 	0.137173 	1.04043 	2.82477 	-2.31668e-19
19.7078 	0.137173 	1.04043 	2.82477 	-2.31668e-19
19.7779 	0.285043 	0.989019 	2.45124 	-1.21805e-19
19.848 	0.285043 	0.989019 	2.45124 	-1.21805e-19
19.9182 	0.285043 	0.989019 	2.45124 	-1.21805e-19
19.9883 	0.285043 	0.989019 	2.45124 	-1.21805e-19
20.0584 	0.285043 	0.989019 	2.45124 	-1.21805e-19
20.1286 	0.285043 	0.989019 	2.45124 	-1.21805e-19
20.1987 	0.285043 	0.989019 	2.45124 	-1.21805e-19
20.2688 	0.280081 	0.993909 	2.44535 	3.68371e-19
20.339 	0.280081 	0.993909 	2.44535 	3.68371e-19
20.4091 	0.280081 	0.993909 	2.44535 	3.68371e-19
20.4792 	0.280081 	0.993909 	2.44535 	3.68371e-19
20.5494 	0.280081 	0.993909 	2.44535 	3.68371e-19
20.6195 	0.280081 	0.993909 	2.44535 	3.68371e-19
20.6896 	0.280081 	0.993909 	2.44535 	3.68371e-19
20.7598 	0.280081 	0.993909 	2.44535 	3.68371e-19
20.8299 	0.280081 	0.993909 	2.44535 	3.68371e-19
20.9 	0.280081 	0.993909 	2.44535 	3.68371e-19
20.9702 	0.280081 	0.993909 	2.44535 	3.68371e-19
21.0403 	0.280081 	0.993909 	2.44535 	3.68371e-19
21.1105 	0.280081 	0.993909 	2.44535 	3.68371e-19
21.1806 	0.280081 	0.993909 	2.44535 	3.68371e-19
21.2507 	0.280081 	0.993909 	2.44535 	3.68371e-19
21.3209 	0.280081 	0.993909 	2.44535 	3.68371e-19
21.391 	0.280081 	0.993909 	2.44535 	3.68371e-19
21.4611 	0.293571 	0.699228 	1.91034 	-4.83711e-19
21.5313 	0.293571 	0.699228 	1.91034 	-4.83711e-19
21.6014 	0.293571 	0.699228 	1.91034 	-4.83711e-19
21.6715 	0.188886 	0.611404 	1.41373 	-8.03822e-20
21.7417 	0.188886 	0.611404 	1.41373 	-8.03822e-20
21.8118 	0.188886 	0.611404 	1.41373 	-8.03822e-20
21.8819 	0.188886 	0.611404 	1.41373 	-8.03822e-20
21.9521 	0.188886 	0.611404 	1.41373 	-8.03822e-20
22.0222 	0.0586375 	0.931071 	2.34661 	1.64292e-19
22.0923 	0.0586375 	0.931071 	2.34661 	1.64292e-19
22.1625 	0.0586375 	0.931071 	2.34661 	1.64292e-19
22.2326 	0.0586375 	0.931071 	2.34661 	1.64292e-19
22.3027 	0.0586375 	0.931071 	2.34661 	1.64292e-19
22.3729 	0.0586375 	0.931071 	2.34661 	1.64292e-19
22.443 	0.0586375 	0.931071 	2.34661 	1.64292e-19
22.5131 	0.0586375 	0.931071 	2.34661 	1.64292e-19
22.5833 	0.0586375 	0.931071 	2.34661 	1.64292e-19
22.6534 	0.0586375 	0.931071 	2.34661 	1.64292e-19
22.7235 	0.0586375 	0.931071 	2.34661 	1.64292e-19
22.7937 	0.0586375 	0.931071 	2.34661 	1.64292e-19
22.8638 	0.0586375 	0.931071 	2.34661 	1.64292e-19
22.9339 	0.0586375 	0.931071 	2.34661 	1.64292e-19
23.0041 	0.0586375 	0.931071 	2.34661 	1.64292e-19
23.0742 	0.0586375 	0.931071 	2.34661 	1.64292e-19
23.1443 	0.0586375 	0.931071 	2.34661 	1.64292e-19
23.2145 	0.0586375 	0.931071 	2.34661 	1.64292e-19
23.2846 	0.0586375 	0.931071 	2.34661 	1.64292e-19
23.3548 	0.0586375 	0.931071 	2.34661 	1.64292e-19
23.4249 	0.0586375 	0.931071 	2.34661 	1.64292e-19
23.495 	0.247189 	0.898973 	2.32519 	-1.0365e-19
23.5652 	0.247189 	0.898973 	2.32519 	-1.0365e-19
23.6353 	0.247189 	0.898973 	2.32519 	-1.0365e-19
23.7054 	0.247189 	0.898973 	2.32519 	-1.0365e-19
23.7756 	0.247189 	0.898973 	2.32519 	-1.0365e-19
23.8457 	0.247189 	0.898973 	2.32519 	-1.0365e-19
23.9158 	0.247189 	0.898973 	2.32519 	-1.0365e-19
23.986 	0.376818 	0.83752 	2.18715 	4.74513e-21
24.0561 	0.376818 	0.83752 	2.18715 	4.74513e-21
24.1262 	0.376818 	0.83752 	2.18715 	4.74513e-21
24.1964 	0.376818 	0.83752 	2.18715 	4.74513e-21
24.2665 	0.376818 	0.83752 	2.18715 	4.74513e-21
24.3366 	0.376818 	0.83752 	2.18715 	4.74513e-21
24.4068 	0.376818 	0.83752 	2.18715 	4.74513e-21
24.4769 	0.376818 	0.83752 	2.18715 	4.74513e-21
24.547 	0.376818 	0.83752 	2.18715 	4.74513e-21
24.6172 	0.376818 	0.83752 	2.18715 	4.74513e-21
24.6873 	0.376818 	0.83752 	2.18715 	4.74513e-21
24.7574 	0.376818 	0.83752 	2.18715 	4.74513e-21
24.8276 	0.376818 	0.83752 	2.18715 	4.74513e-21
24.8977 	0.376818 	0.83752 	2.18715 	4.74513e-21
24.9678 	0.376818 	0.83752 	2.18715 	4.74513e-21
25.038 	0.376818 	0.83752 	2.18715 	4.74513e-21
25.1081 	0.376818 	0.83752 	2.18715 	4.74513e-21
25.1782 	0.323041 	0.498359 	1.35827 	0
25.2484 	0.323041 	0.498359 	1.35827 	0
25.3185 	0.323041 	0.498359 	1.35827 	0
25.3886 	0.323041 	0.498359 	1.35827 	0
25.4588 	0.323041 	0.498359 	1.35827 	0
25.5289 	0.323041 	0.498359 	1.35827 	0
25.5991 	0.323041 	0.498359 	1.35827 	0
25.6692 	0.323041 	0.498359 	1.35827 	0
25.7393 	0.323041 	0.498359 	1.35827 	0
25.8095 	0.323041 	0.498359 	1.35827 	0
25.8796 	0.323041 	0.498359 	1.35827 	0
25.9497 	0.323041 	0.498359 	1.35827 	0
26.0199 	0.323041 	0.498359 	1.35827 	0
26.09 	0.323041 	0.498359 	1.35827 	0
26.1601 	0.323041 	0.498359 	1.35827 	0
26.2303 	0.22852 	0.497601 	1.37416 	-3.93288e-19
26.3004 	0.22852 	0.497601 	1.37416 	-3.93288e-19
26.3705 	0.22852 	0.497601 	1.37416 	-3.93288e-19
26.4407 	0.22852 	0.497601 	1.37416 	-3.93288e-19
26.5108 	0.22852 	0.497601 	1.37416 	-3.93288e-19
26.5809 	0.22852 	0.497601 	1.37416 	-3.93288e-19
26.6511 	0.22852 	0.497601 	1.37416 	-3.93288e-19
26.7212 	0.22852 	0.497601 	1.37416 	-3.93288e-19
26.7913 	0.22852 	0.497601 	1.37416 	-3.93288e-19
26.8615 	0.22852 	0.497601 	1.37416 	-3.93288e-19
26.9316 	0.22852 	0.497601 	1.37416 	-3.93288e-19
27.0017 	0.22852 	0.497601 	1.37416 	-3.93288e-19
27.0719 	0.22852 	0.497601 	1.37416 	-3.93288e-19
27.142 	0.22852 	0.497601 	1.37416 	-3.93288e-19
27.2121 	0.22852 	0.497601 	1.37416 	-3.93288e-19
27.2823 	0.22852 	0.497601 	1.37416 	-3.93288e-19
27.3524 	0.170147 	0.493131 	1.37873 	4.2986e-19
27.4225 	0.170147 	0.493131 	1.37873 	4.2986e-19
27.4927 	0.170147 	0.493131 	1.37873 	4.2986e-19
27.5628 	0.170147 	0.493131 	1.37873 	4.2986e-19
27.6329 	0.170147 	0.493131 	1.37873 	4.2986e-19
27.7031 	0.170147 	0.493131 	1.37873 	4.2986e-19
27.7732 	0.170147 	0.493131 	1.37873 	4.2986e-19
27.8434 	0.170147 	0.493131 	1.37873 	4.2986e-19
27.9135 	0.170147 	0.493131 	1.37873 	4.2986e-19
27.9836 	0.170147 	0.493131 	1.37873 	4.2986e-19
28.0538 	0.170147 	0.493131 	1.37873 	4.2986e-19
28.1239 	0.170147 	0.493131 	1.37873 	4.2986e-19
28.194 	0.170147 	0.493131 	1.37873 	4.2986e-19
28.2642 	0.170147 	0.493131 	1.37873 	4.2986e-19
28.3343 	0.170147 	0.493131 	1.37873 	4.2986e-19
28.4044 	0.170147 	0.493131 	1.37873 	4.2986e-19
28.4746 	0.170147 	0.493131 	1.37873 	4.2986e-19
28.5447 	0.170147 	0.493131 	1.37873 	4.2986e-19
28.6148 	0.170147 	0.493131 	1.37873 	4.2986e-19
28.685 	0.170147 	0.493131 	1.37873 	4.2986e-19
28.7551 	0.170147 	0.493131 	1.37873 	4.2986e-19
28.8252 	0.170147 	0.493131 	1.37873 	4.2986e-19
28.8954 	0.170147 	0.493131 	1.37873 	4.2986e-19
28.9655 	0.123549 	0.438282 	1.29438 	1.40601e-20
29.0356 	0.123549 	0.438282 	1.29438 	1.40601e-20
29.1058 	0.123549 	0.438282 	1.29438 	1.40601e-20
29.1759 	0.123549 	0.438282 	1.29438 	1.40601e-20
29.246 	0.123549 	0.438282 	1.29438 	1.40601e-20
29.3162 	0.123549 	0.438282 	1.29438 	1.40601e-20
29.3863 	0.123549 	0.438282 	1.29438 	1.40601e-20
29.4564 	0.123549 	0.438282 	1.29438 	1.40601e-20
29.5266 	0.123549 	0.438282 	1.29438 	1.40601e-20
29.5967 	0.123549 	0.438282 	1.29438 	1.40601e-20
29.6668 	0.123549 	0.438282 	1.29438 	1.40601e-20
29.737 	0.123549 	0.438282 	1.29438 	1.40601e-20
29.8071 	0.123549 	0.438282 	1.29438 	1.40601e-20
29.8773 	0.123549 	0.438282 	1.29438 	1.40601e-20
29.9474 	0.123549 	0.438282 	1.29438 	1.40601e-20
30.0175 	0.123549 	0.438282 	1.29438 	1.40601e-20
30.0877 	0.123549 	0.438282 	1.29438 	1.40601e-20
30.1578 	0.123549 	0.438282 	1.29438 	1.40601e-20
30.2279 	0.123549 	0.438282 	1.29438 	1.40601e-20
30.2981 	0.123549 	0.438282 	1.29438 	1.40601e-20
30.3682 	0.123549 	0.438282 	1.29438 	1.40601e-20
30.4383 	0.123549 	0.438282 	1.29438 	1.40601e-20
30.5085 	0.123549 	0.438282 	1.29438 	1.40601e-20
30.5786 	0.123549 	0.438282 	1.29438 	1.40601e-20
30.6487 	0.123549 	0.438282 	1.29438 	1.40601e-20
30.7189 	0.123549 	0.438282 	1.29438 	1.40601e-20
30.789 	0.112613 	0.366813 	1.29288 	-2.01868e-19
30.8591 	0.112613 	0.366813 	1.29288 	-2.01868e-19
30.9293 	0.112613 	0.366813 	1.29288 	-2.01868e-19
30.9994 	0.112613 	0.366813 	1.29288 	-2.01868e-19
31.0695 	0.112613 	0.366813 	1.29288 	-2.01868e-19
31.1397 	0.112613 	0.366813 	1.29288 	-2.01868e-19
31.2098 	0.112613 	0.366813 	1.29288 	-2.01868e-19
31.2799 	0.112613 	0.366813 	1.29288 	-2.01868e-19
31.3501 	0.112613 	0.366813 	1.29288 	-2.01868e-19
31.4202 	0.112613 	0.366813 	1.29288 	-2.01868e-19
31.4903 	0.112613 	0.366813 	1.29288 	-2.01868e-19
31.5605 	0.112613 	0.366813 	1.29288 	-2.01868e-19
31.6306 	0.112613 	0.366813 	1.29288 	-2.01868e-19
31.7007 	0.112613 	0.366813 	1.29288 	-2.01868e-19
31.7709 	0.112613 	0.366813 	1.29288 	-2.01868e-19
31.841 	0.112613 	0.366813 	1.29288 	-2.01868e-19
31.9111 	0.112613 	0.366813 	1.29288 	-2.01868e-19
31.9813 	0.112613 	0.366813 	1.29288 	-2.01868e-19
32.0514 	0.112613 	0.366813 	1.29288 	-2.01868e-19
32.1216 	0.112613 	0.366813 	1.29288 	-2.01868e-19
32.1917 	0.112613 	0.366813 	1.29288 	-2.01868e-19
32.2618 	0.112613 	0.366813 	1.29288 	-2.01868e-19
32.332 	0.112613 	0.366813 	1.29288 	-2.01868e-19
32.4021 	0.112613 	0.366813 	1.29288 	-2.01868e-19
32.4722 	0.112613 	0.366813 	1.29288 	-2.01868e-19
32.5424 	0.112613 	0.366813 	1.29288 	-2.01868e-19
32.6125 	0.112613 	0.366813 	1.29288 	-2.01868e-19
32.6826 	0.112613 	0.366813 	1.29288 	-2.01868e-19
32.7528 	0.112613 	0.366813 	1.29288 	-2.01868e-19
32.8229 	0.112613 	0.366813 	1.29288 	-2.01868e-19
32.893 	0.112613 	0.366813 	1.29288 	-2.01868e-19
32.9632 	0.112613 	0.366813 	1.29288 	-2.01868e-19
33.0333 	0.112613 	0.366813 	1.29288 	-2.01868e-19
33.1034 	0.112613 	0.366813 	1.29288 	-2.01868e-19
33.1736 	0.112613 	0.366813 	1.29288 	-2.01868e-19
33.2437 	0.112613 	0.366813 	1.29288 	-2.01868e-19
33.3138 	0.112613 	0.366813 	1.29288 	-2.01868e-19
33.384 	0.112613 	0.366813 	1.29288 	-2.01868e-19
33.4541 	0.112613 	0.366813 	1.29288 	-2.01868e-19
33.5242 	0.112613 	0.366813 	1.29288 	-2.01868e-19
33.5944 	0.112613 	0.366813 	1.29288 	-2.01868e-19
33.6645 	0.112613 	0.366813 	1.29288 	-2.01868e-19
33.7346 	0.0734382 	0.365032 	1.36369 	1.12685e-19
33.8048 	0.0734382 	0.365032 	1.36369 	1.12685e-19
33.8749 	0.0734382 	0.365032 	1.36369 	1.12685e-19
33.945 	0.0734382 	0.365032 	1.36369 	1.12685e-19
34.0152 	0.0734382 	0.365032 	1.36369 	1.12685e-19
34.0853 	0.0734382 	0.365032 	1.36369 	1.12685e-19
34.1554 	0.06814 	0.27229 	1.31547 	-1.78614e-19
34.2256 	0.06814 	0.27229 	1.31547 	-1.78614e-19
34.2957 	0.06814 	0.27229 	1.31547 	-1.78614e-19
34.3659 	0.06814 	0.27229 	1.31547 	-1.78614e-19
34.436 	0.06814 	0.27229 	1.31547 	-1.78614e-19
34.5061 	0.06814 	0.27229 	1.31547 	-1.78614e-19
34.5763 	0.06814 	0.27229 	1.31547 	-1.78614e-19
34.6464 	0.06814 	0.27229 	1.31547 	-1.78614e-19
34.7165 	0.271936 	0.261294 	1.6154 	1.70895e-19
34.7867 	0.271936 	0.261294 	1.6154 	1.70895e-19
34.8568 	0.271936 	0.261294 	1.6154 	1.70895e-19
34.9269 	0.271936 	0.261294 	1.6154 	1.70895e-19
34.9971 	0.271936 	0.261294 	1.6154 	1.70895e-19
35.0672 	0.271936 	0.261294 	1.6154 	1.70895e-19
35.1373 	0.271936 	0.261294 	1.6154 	1.70895e-19
35.2075 	0.271936 	0.261294 	1.6154 	1.70895e-19
35.2776 	0.271936 	0.261294 	1.6154 	1.70895e-19
35.3477 	0.271936 	0.261294 	1.6154 	1.70895e-19
35.4179 	0.271936 	0.261294 	1.6154 	1.70895e-19
35.488 	0.271936 	0.261294 	1.6154 	1.70895e-19
35.5581 	0.271936 	0.261294 	1.6154 	1.70895e-19
35.6283 	0.271936 	0.261294 	1.6154 	1.70895e-19
35.6984 	0.271936 	0.261294 	1.6154 	1.70895e-19
35.7685 	0.271936 	0.261294 	1.6154 	1.70895e-19
35.8387 	0.271936 	0.261294 	1.6154 	1.70895e-19
35.9088 	0.271936 	0.261294 	1.6154 	1.70895e-19
35.9789 	0.271936 	0.261294 	1.6154 	1.70895e-19
36.0491 	0.247286 	0.242004 	1.5736 	0
36.1192 	0.247286 	0.242004 	1.5736 	0
36.1893 	0.247286 	0.242004 	1.5736 	0
36.2595 	0.247286 	0.242004 	1.5736 	0
36.3296 	0.247286 	0.242004 	1.5736 	0
36.3997 	0.247286 	0.242004 	1.5736 	0
36.4699 	0.247286 	0.242004 	1.5736 	0
36.54 	0.247286 	0.242004 	1.5736 	0
36.6102 	0.247286 	0.242004 	1.5736 	0
36.6803 	0.247286 	0.242004 	1.5736 	0
36.7504 	0.247286 	0.242004 	1.5736 	0
36.8206 	0.247286 	0.242004 	1.5736 	0
36.8907 	0.121932 	0.184227 	1.44163 	1.28738e-19
36.9608 	0.121932 	0.184227 	1.44163 	1.28738e-19
37.031 	0.121932 	0.184227 	1.44163 	1.28738e-19
37.1011 	0.121932 	0.184227 	1.44163 	1.28738e-19
37.1712 	0.121932 	0.184227 	1.44163 	1.28738e-19
37.2414 	0.121932 	0.184227 	1.44163 	1.28738e-19
37.3115 	0.121932 	0.184227 	1.44163 	1.28738e-19
37.3816 	0.121932 	0.184227 	1.44163 	1.28738e-19
37.4518 	0.121932 	0.184227 	1.44163 	1.28738e-19
37.5219 	0.121932 	0.184227 	1.44163 	1.28738e-19
37.592 	0.121932 	0.184227 	1.44163 	1.28738e-19
37.6622 	0.121932 	0.184227 	1.44163 	1.28738e-19
37.7323 	0.121932 	0.184227 	1.44163 	1.28738e-19
37.8024 	0.121932 	0.184227 	1.44163 	1.28738e-19
37.8726 	0.121932 	0.184227 	1.44163 	1.28738e-19
37.9427 	0.121932 	0.184227 	1.44163 	1.28738e-19
38.0128 	0.121932 	0.184227 	1.44163 	1.28738e-19
38.083 	0.121932 	0.184227 	1.44163 	1.28738e-19
38.1531 	0.121932 	0.184227 	1.44163 	1.28738e-19
38.2232 	0.145102 	0.131181 	1.58852 	-1.47655e-19
38.2934 	0.145102 	0.131181 	1.58852 	-1.47655e-19
38.3635 	0.145102 	0.131181 	1.58852 	-1.47655e-19
38.4336 	0.145102 	0.131181 	1.58852 	-1.47655e-19
38.5038 	0.145102 	0.131181 	1.58852 	-1.47655e-19
38.5739 	0.145102 	0.131181 	1.58852 	-1.47655e-19
38.644 	0.145102 	0.131181 	1.58852 	-1.47655e-19
38.7142 	0.145102 	0.131181 	1.58852 	-1.47655e-19
38.7843 	0.145102 	0.131181 	1.58852 	-1.47655e-19
38.8545 	0.145102 	0.131181 	1.58852 	-1.47655e-19
38.9246 	0.145102 	0.131181 	1.58852 	-1.47655e-19
38.9947 	0.145102 	0.131181 	1.58852 	-1.47655e-19
39.0649 	0.145102 	0.131181 	1.58852 	-1.47655e-19
39.135 	0.145102 	0.131181 	1.58852 	-1.47655e-19
39.2051 	0.108458 	0.116092 	1.55855 	0
39.2753 	0.108458 	0.116092 	1.55855 	0
39.3454 	0.108458 	0.116092 	1.55855 	0
39.4155 	0.108458 	0.116092 	1.55855 	0
39.4857 	0.108458 	0.116092 	1.55855 	0
39.5558 	0.108458 	0.116092 	1.55855 	0
39.6259 	0.108458 	0.116092 	1.55855 	0
39.6961 	0.108458 	0.116092 	1.55855 	0
39.7662 	0.108458 	0.116092 	1.55855 	0
39.8363 	0.108458 	0.116092 	1.55855 	0
39.9065 	0.108458 	0.116092 	1.55855 	0
39.9766 	0.108458 	0.116092 	1.55855 	0
40.0467 	0.108458 	0.116092 	1.55855 	0
40.1169 	0.108458 	0.116092 	1.55855 	0
40.187 	0.108458 	0.116092 	1.55855 	0
40.2571 	0.108458 	0.116092 	1.55855 	0
40.3273 	0.108458 	0.116092 	1.55855 	0
40.3974 	0.108458 	0.116092 	1.55855 	0
40.4675 	0.108458 	0.116092 	1.55855 	0
40.5377 	0.108458 	0.116092 	1.55855 	0
40.6078 	0.108458 	0.116092 	1.55855 	0
40.6779 	0.094021 	0.11188 	1.49761 	-5.53356e-20
40.7481 	0.094021 	0.11188 	1.49761 	-5.53356e-20
40.8182 	0.094021 	0.11188 	1.49761 	-5.53356e-20
40.8883 	0.094021 	0.11188 	1.49761 	-5.53356e-20
40.9585 	0.094021 	0.11188 	1.49761 	-5.53356e-20
41.0286 	0.094021 	0.11188 	1.49761 	-5.53356e-20
41.0988 	0.094021 	0.11188 	1.49761 	-5.53356e-20
41.1689 	0.094021 	0.11188 	1.49761 	-5.53356e-20
41.239 	0.0959329 	0.089627 	1.51498 	1.03854e-19
41.3092 	0.0959329 	0.089627 	1.51498 	1.03854e-19
41.3793 	0.0959329 	0.089627 	1.51498 	1.03854e-19
41.4494 	0.0959329 	0.089627 	1.51498 	1.03854e-19
41.5196 	0.0959329 	0.089627 	1.51498 	1.03854e-19
41.5897 	0.0959329 	0.089627 	1.51498 	1.03854e-19
41.6598 	0.0959329 	0.089627 	1.51498 	1.03854e-19
41.73 	0.0959329 	0.089627 	1.51498 	1.03854e-19
41.8001 	0.0959329 	0.089627 	1.51498 	1.03854e-19
41.8702 	0.0959329 	0.089627 	1.51498 	1.03854e-19
41.9404 	0.0959329 	0.089627 	1.51498 	1.03854e-19
42.0105 	0.0959329 	0.089627 	1.51498 	1.03854e-19
42.0806 	0.0959329 	0.089627 	1.51498 	1.03854e-19
42.1508 	0.0959329 	0.089627 	1.51498 	1.03854e-19
42.2209 	0.0959329 	0.089627 	1.51498 	1.03854e-19
42.291 	0.0959329 	0.089627 	1.51498 	1.03854e-19
42.3612 	0.0959329 	0.089627 	1.51498 	1.03854e-19
42.4313 	0.0959329 	0.089627 	1.51498 	1.03854e-19
42.5014 	0.0959329 	0.089627 	1.51498 	1.03854e-19
42.5716 	0.0959329 	0.089627 	1.51498 	1.03854e-19
42.6417 	0.0959329 	0.089627 	1.51498 	1.03854e-19
42.7118 	0.0836674 	0.0826774 	1.49512 	0
42.782 	0.0836674 	0.0826774 	1.49512 	0
42.8521 	0.0836674 	0.0826774 	1.49512 	0
42.9222 	0.0836674 	0.0826774 	1.49512 	0
42.9924 	0.102048 	0.0414298 	1.56742 	0
43.0625 	0.102048 	0.0414298 	1.56742 	0
43.1327 	0.102048 	0.0414298 	1.56742 	0
43.2028 	0.102048 	0.0414298 	1.56742 	0
43.2729 	0.102048 	0.0414298 	1.56742 	0
43.3431 	0.102048 	0.0414298 	1.56742 	0
43.4132 	0.102048 	0.0414298 	1.56742 	0
43.4833 	0.102048 	0.0414298 	1.56742 	0
43.5535 	0.102048 	0.0414298 	1.56742 	0
43.6236 	0.102048 	0.0414298 	1.56742 	0
43.6937 	0.102048 	0.0414298 	1.56742 	0
43.7639 	0.102048 	0.0414298 	1.56742 	0
43.834 	0.102048 	0.0414298 	1.56742 	0
43.9041 	0.102048 	0.0414298 	1.56742 	0
43.9743 	0.102048 	0.0414298 	1.56742 	0
44.0444 	0.102048 	0.0414298 	1.56742 	0
44.1145 	0.102048 	0.0414298 	1.56742 	0
44.1847 	0.102048 	0.0414298 	1.56742 	0
44.2548 	0.102048 	0.0414298 	1.56742 	0
44.3249 	0.102048 	0.0414298 	1.56742 	0
44.3951 	0.102048 	0.0414298 	1.56742 	0
44.4652 	0.102048 	0.0414298 	1.56742 	0
44.5353 	0.102048 	0.0414298 	1.56742 	0
44.6055 	0.102048 	0.0414298 	1.56742 	0
44.6756 	0.102048 	0.0414298 	1.56742 	0
44.7457 	0.102048 	0.0414298 	1.56742 	0
44.8159 	0.0934334 	0.036772 	1.58947 	0
44.886 	0.0934334 	0.036772 	1.58947 	0
44.9561 	0.0934334 	0.036772 	1.58947 	0
45.0263 	0.0934334 	0.036772 	1.58947 	0
45.0964 	0.0934334 	0.036772 	1.58947 	0
45.1665 	0.0934334 	0.036772 	1.58947 	0
45.2367 	0.0934334 	0.036772 	1.58947 	0
45.3068 	0.0934334 	0.036772 	1.58947 	0
45.377 	0.0934334 	0.036772 	1.58947 	0
45.4471 	0.0934334 	0.036772 	1.58947 	0
45.5172 	0.0934334 	0.036772 	1.58947 	0
45.5874 	0.0934334 	0.036772 	1.58947 	0
45.6575 	0.0934334 	0.036772 	1.58947 	0
45.7276 	0.0934334 	0.036772 	1.58947 	0
45.7978 	0.0934334 	0.036772 	1.58947 	0
45.8679 	0.0934334 	0.036772 	1.58947 	0
45.938 	0.0934334 	0.036772 	1.58947 	0
46.0082 	0.0934334 	0.036772 	1.58947 	0
46.0783 	0.0934334 	0.036772 	1.58947 	0
46.1484 	0.0934334 	0.036772 	1.58947 	0
46.2186 	0.0934334 	0.036772 	1.58947 	0
46.2887 	0.0934334 	0.036772 	1.58947 	0
46.3588 	0.0934334 	0.036772 	1.58947 	0
46.429 	0.0934334 	0.036772 	1.58947 	0
46.4991 	0.0934334 	0.036772 	1.58947 	0
46.5692 	0.0934334 	0.036772 	1.58947 	0
46.6394 	0.0561924 	0.0446101 	1.5654 	8.13634e-20
46.7095 	0.0561924 	0.0446101 	1.5654 	8.13634e-20
46.7796 	0.0561924 	0.0446101 	1.5654 	8.13634e-20
46.8498 	0.0561924 	0.0446101 	1.5654 	8.13634e-20
46.9199 	0.0561924 	0.0446101 	1.5654 	8.13634e-20
46.99 	0.0561924 	0.0446101 	1.5654 	8.13634e-20
47.0602 	0.0561924 	0.0446101 	1.5654 	8.13634e-20
47.1303 	0.0561924 	0.0446101 	1.5654 	8.13634e-20
47.2004 	0.0561924 	0.0446101 	1.5654 	8.13634e-20
47.2706 	0.0561924 	0.0446101 	1.5654 	8.13634e-20
47.3407 	0.0561924 	0.0446101 	1.5654 	8.13634e-20
47.4108 	0.0561924 	0.0446101 	1.5654 	8.13634e-20
47.481 	0.0551588 	0.0333824 	1.50755 	-9.51789e-20
47.5511 	0.0551588 	0.0333824 	1.50755 	-9.51789e-20
47.6213 	0.0551588 	0.0333824 	1.50755 	-9.51789e-20
47.6914 	0.0551588 	0.0333824 	1.50755 	-9.51789e-20
47.7615 	0.0551588 	0.0333824 	1.50755 	-9.51789e-20
47.8317 	0.0551588 	0.0333824 	1.50755 	-9.51789e-20
47.9018 	0.0551588 	0.0333824 	1.50755 	-9.51789e-20
47.9719 	0.0551588 	0.0333824 	1.50755 	-9.51789e-20
48.0421 	0.0551588 	0.0333824 	1.50755 	-9.51789e-20
48.1122 	0.0551588 	0.0333824 	1.50755 	-9.51789e-20
48.1823 	0.0551588 	0.0333824 	1.50755 	-9.51789e-20
48.2525 	0.0551588 	0.0333824 	1.50755 	-9.51789e-20
48.3226 	0.0551588 	0.0333824 	1.50755 	-9.51789e-20
48.3927 	0.0551588 	0.0333824 	1.50755 	-9.51789e-20
48.4629 	0.0551588 	0.0333824 	1.50755 	-9.51789e-20
48.533 	0.0551588 	0.0333824 	1.50755 	-9.51789e-20
48.6031 	0.0551588 	0.0333824 	1.50755 	-9.51789e-20
48.6733 	0.0551588 	0.0333824 	1.50755 	-9.51789e-20
48.7434 	0.0507547 	0.0302122 	1.45988 	0
48.8135 	0.0507547 	0.0302122 	1.45988 	0
48.8837 	0.0507547 	0.0302122 	1.45988 	0
48.9538 	0.0507547 	0.0302122 	1.45988 	0
49.0239 	0.0507547 	0.0302122 	1.45988 	0
49.0941 	0.0507547 	0.0302122 	1.45988 	0
49.1642 	0.0507547 	0.0302122 	1.45988 	0
49.2343 	0.0507547 	0.0302122 	1.45988 	0
49.3045 	0.0507547 	0.0302122 	1.45988 	0
49.3746 	0.0507547 	0.0302122 	1.45988 	0
49.4447 	0.0507547 	0.0302122 	1.45988 	0
49.5149 	0.0507547 	0.0302122 	1.45988 	0
49.585 	0.0507547 	0.0302122 	1.45988 	0
49.6551 	0.0507547 	0.0302122 	1.45988 	0
49.7253 	0.0507547 	0.0302122 	1.45988 	0
49.7954 	0.0507547 	0.0302122 	1.45988 	0
49.8656 	0.0507547 	0.0302122 	1.45988 	0
49.9357 	0.0507547 	0.0302122 	1.45988 	0
50.0058 	0.0507547 	0.0302122 	1.45988 	0
50.076 	0.0507547 	0.0302122 	1.45988 	0
50.1461 	0.0507547 	0.0302122 	1.45988 	0
50.2162 	0.0507547 	0.0302122 	1.45988 	0
50.2864 	0.0507547 	0.0302122 	1.45988 	0
50.3565 	0.0507547 	0.0302122 	1.45988 	0
50.4266 	0.0507547 	0.0302122 	1.45988 	0
50.4968 	0.0838099 	-0.00647072 	1.98973 	-6.46447e-20
50.5669 	0.0838099 	-0.00647072 	1.98973 	-6.46447e-20
50.637 	0.0838099 	-0.00647072 	1.98973 	-6.46447e-20
50.7072 	0.0838099 	-0.00647072 	1.98973 	-6.46447e-20
50.7773 	0.0838099 	-0.00647072 	1.98973 	-6.46447e-20
50.8474 	0.0838099 	-0.00647072 	1.98973 	-6.46447e-20
50.9176 	0.0838099 	-0.00647072 	1.98973 	-6.46447e-20
50.9877 	0.0787904 	0.00316422 	1.9902 	4.94842e-20
51.0578 	0.0787904 	0.00316422 	1.9902 	4.94842e-20
51.128 	0.0776546 	-0.0178658 	1.67678 	2.91941e-20
51.1981 	0.0776546 	-0.0178658 	1.67678 	2.91941e-20
51.2682 	0.0776546 	-0.0178658 	1.67678 	2.91941e-20
51.3384 	0.0776546 	-0.0178658 	1.67678 	2.91941e-20
51.4085 	0.0776546 	-0.0178658 	1.67678 	2.91941e-20
51.4786 	0.0776546 	-0.0178658 	1.67678 	2.91941e-20
51.5488 	0.0776546 	-0.0178658 	1.67678 	2.91941e-20
51.6189 	0.0776546 	-0.0178658 	1.67678 	2.91941e-20
51.689 	0.0776546 	-0.0178658 	1.67678 	2.91941e-20
51.7592 	0.0776546 	-0.0178658 	1.67678 	2.91941e-20
51.8293 	0.0776546 	-0.0178658 	1.67678 	2.91941e-20
51.8994 	0.0776546 	-0.0178658 	1.67678 	2.91941e-20
51.9696 	0.0776546 	-0.0178658 	1.67678 	2.91941e-20
52.0397 	0.0776546 	-0.0178658 	1.67678 	2.91941e-20
52.1099 	0.0776546 	-0.0178658 	1.67678 	2.91941e-20
52.18 	0.0776546 	-0.0178658 	1.67678 	2.91941e-20
52.2501 	0.0776546 	-0.0178658 	1.67678 	2.91941e-20
52.3203 	0.0776546 	-0.0178658 	1.67678 	2.91941e-20
52.3904 	0.0776546 	-0.0178658 	1.67678 	2.91941e-20
52.4605 	0.0776546 	-0.0178658 	1.67678 	2.91941e-20
52.5307 	0.0776546 	-0.0178658 	1.67678 	2.91941e-20
52.6008 	0.0776546 	-0.0178658 	1.67678 	2.91941e-20
52.6709 	0.0776546 	-0.0178658 	1.67678 	2.91941e-20
52.7411 	0.0776546 	-0.0178658 	1.67678 	2.91941e-20
52.8112 	0.0776546 	-0.0178658 	1.67678 	2.91941e-20
52.8813 	0.0776546 	-0.0178658 	1.67678 	2.91941e-20
52.9515 	0.0776546 	-0.0178658 	1.67678 	2.91941e-20
53.0216 	0.0776546 	-0.0178658 	1.67678 	2.91941e-20
53.0917 	0.0776546 	-0.0178658 	1.67678 	2.91941e-20
53.1619 	0.0776546 	-0.0178658 	1.67678 	2.91941e-20
53.232 	0.0776546 	-0.0178658 	1.67678 	2.91941e-20
53.3021 	0.0776546 	-0.0178658 	1.67678 	2.91941e-20
53.3723 	0.0776546 	-0.0178658 	1.67678 	2.91941e-20
53.4424 	0.0857297 	-0.00744675 	1.83865 	6.50766e-20
53.5125 	0.0857297 	-0.00744675 	1.83865 	6.50766e-20
53.5827 	0.0857297 	-0.00744675 	1.83865 	6.50766e-20
53.6528 	0.0857297 	-0.00744675 	1.83865 	6.50766e-20
53.7229 	0.0857297 	-0.00744675 	1.83865 	6.50766e-20
53.7931 	0.0857297 	-0.00744675 	1.83865 	6.50766e-20
53.8632 	0.0857297 	-0.00744675 	1.83865 	6.50766e-20
53.9333 	0.0857297 	-0.00744675 	1.83865 	6.50766e-20
54.0035 	0.0857297 	-0.00744675 	1.83865 	6.50766e-20
54.0736 	0.0857297 	-0.00744675 	1.83865 	6.50766e-20
54.1437 	0.0857297 	-0.00744675 	1.83865 	6.50766e-20
54.2139 	0.0857297 	-0.00744675 	1.83865 	6.50766e-20
54.284 	0.0857297 	-0.00744675 	1.83865 	6.50766e-20
54.3542 	0.0882846 	-0.0212645 	1.85237 	-7.88598e-20
54.4243 	0.0882846 	-0.0212645 	1.85237 	-7.88598e-20
54.4944 	0.0882846 	-0.0212645 	1.85237 	-7.88598e-20
54.5646 	0.0882846 	-0.0212645 	1.85237 	-7.88598e-20
54.6347 	0.0882846 	-0.0212645 	1.85237 	-7.88598e-20
54.7048 	0.0882846 	-0.0212645 	1.85237 	-7.88598e-20
54.775 	0.0882846 	-0.0212645 	1.85237 	-7.88598e-20
54.8451 	0.0882846 	-0.0212645 	1.85237 	-7.88598e-20
54.9152 	0.0882846 	-0.0212645 	1.85237 	-7.88598e-20
54.9854 	0.0882846 	-0.0212645 	1.85237 	-7.88598e-20
55.0555 	0.0882846 	-0.0212645 	1.85237 	-7.88598e-20
55.1256 	0.0805287 	0.00015695 	1.6958 	0
55.1958 	0.0805287 	0.00015695 	1.6958 	0
55.2659 	0.0805287 	0.00015695 	1.6958 	0
55.336 	0.0805287 	0.00015695 	1.6958 	0
55.4062 	0.0805287 	0.00015695 	1.6958 	0
55.4763 	0.0805287 	0.00015695 	1.6958 	0
55.5464 	0.0805287 	0.00015695 	1.6958 	0
55.6166 	0.0805287 	0.00015695 	1.6958 	0
55.6867 	0.0805287 	0.00015695 	1.6958 	0
55.7568 	0.0805287 	0.00015695 	1.6958 	0
55.827 	0.0805287 	0.00015695 	1.6958 	0
55.8971 	0.0805287 	0.00015695 	1.6958 	0
55.9672 	0.0805287 	0.00015695 	1.6958 	0
56.0374 	0.0805287 	0.00015695 	1.6958 	0
56.1075 	0.0805287 	0.00015695 	1.6958 	0
56.1776 	0.0805287 	0.00015695 	1.6958 	0
56.2478 	0.0805287 	0.00015695 	1.6958 	0
56.3179 	0.0805287 	0.00015695 	1.6958 	0
56.3881 	0.0825067 	-0.0355614 	1.93862 	2.40621e-20
56.4582 	0.0825067 	-0.0355614 	1.93862 	2.40621e-20
56.5283 	0.0825067 	-0.0355614 	1.93862 	2.40621e-20
56.5985 	0.0825067 	-0.0355614 	1.93862 	2.40621e-20
56.6686 	0.0825067 	-0.0355614 	1.93862 	2.40621e-20
56.7387 	0.0825067 	-0.0355614 	1.93862 	2.40621e-20
56.8089 	0.0825067 	-0.0355614 	1.93862 	2.40621e-20
56.879 	0.0825067 	-0.0355614 	1.93862 	2.40621e-20
56.9491 	0.084954 	-0.00677944 	1.89114 	-4.45307e-20
57.0193 	0.084954 	-0.00677944 	1.89114 	-4.45307e-20
57.0894 	0.084954 	-0.00677944 	1.89114 	-4.45307e-20
57.1595 	0.084954 	-0.00677944 	1.89114 	-4.45307e-20
57.2297 	0.084954 	-0.00677944 	1.89114 	-4.45307e-20
57.2998 	0.084954 	-0.00677944 	1.89114 	-4.45307e-20
57.3699 	0.084954 	-0.00677944 	1.89114 	-4.45307e-20
57.4401 	0.084954 	-0.00677944 	1.89114 	-4.45307e-20
57.5102 	0.084954 	-0.00677944 	1.89114 	-4.45307e-20
57.5803 	0.084954 	-0.00677944 	1.89114 	-4.45307e-20
57.6505 	0.084954 	-0.00677944 	1.89114 	-4.45307e-20
57.7206 	0.084954 	-0.00677944 	1.89114 	-4.45307e-20
57.7907 	0.084954 	-0.00677944 	1.89114 	-4.45307e-20
57.8609 	0.084954 	-0.00677944 	1.89114 	-4.45307e-20
57.931 	0.084954 	-0.00677944 	1.89114 	-4.45307e-20
58.0011 	0.084954 	-0.00677944 	1.89114 	-4.45307e-20
58.0713 	0.084954 	-0.00677944 	1.89114 	-4.45307e-20
58.1414 	0.084954 	-0.00677944 	1.89114 	-4.45307e-20
58.2115 	0.084954 	-0.00677944 	1.89114 	-4.45307e-20
58.2817 	0.084954 	-0.00677944 	1.89114 	-4.45307e-20
58.3518 	0.084954 	-0.00677944 	1.89114 	-4.45307e-20
58.4219 	0.084954 	-0.00677944 	1.89114 	-4.45307e-20
58.4921 	0.084954 	-0.00677944 	1.89114 	-4.45307e-20
58.5622 	0.084243 	-0.047028 	2.01864 	0
58.6324 	0.084243 	-0.047028 	2.01864 	0
58.7025 	0.084243 	-0.047028 	2.01864 	0
58.7726 	0.084243 	-0.047028 	2.01864 	0
58.8428 	0.084243 	-0.047028 	2.01864 	0
58.9129 	0.0579873 	-0.0120513 	1.81088 	3.94686e-21
58.983 	0.0579873 	-0.0120513 	1.81088 	3.94686e-21
59.0532 	0.0579873 	-0.0120513 	1.81088 	3.94686e-21
59.1233 	0.0579873 	-0.0120513 	1.81088 	3.94686e-21
59.1934 	0.0579873 	-0.0120513 	1.81088 	3.94686e-21
59.2636 	0.0579873 	-0.0120513 	1.81088 	3.94686e-21
59.3337 	0.0579873 	-0.0120513 	1.81088 	3.94686e-21
59.4038 	0.0579873 	-0.0120513 	1.81088 	3.94686e-21
59.474 	0.0579873 	-0.0120513 	1.81088 	3.94686e-21
59.5441 	0.0579873 	-0.0120513 	1.81088 	3.94686e-21
59.6142 	0.0579873 	-0.0120513 	1.81088 	3.94686e-21
59.6844 	0.0579873 	-0.0120513 	1.81088 	3.94686e-21
59.7545 	0.0579873 	-0.0120513 	1.81088 	3.94686e-21
59.8246 	0.0579873 	-0.0120513 	1.81088 	3.94686e-21
59.8948 	0.0579873 	-0.0120513 	1.81088 	3.94686e-21
59.9649 	0.0579873 	-0.0120513 	1.81088 	3.94686e-21
60.035 	0.0579873 	-0.0120513 	1.81088 	3.94686e-21
60.1052 	0.0579873 	-0.0120513 	1.81088 	3.94686e-21
60.1753 	0.0579873 	-0.0120513 	1.81088 	3.94686e-21
60.2454 	0.0579873 	-0.0120513 	1.81088 	3.94686e-21
60.3156 	0.0579873 	-0.0120513 	1.81088 	3.94686e-21
60.3857 	0.0579873 	-0.0120513 	1.81088 	3.94686e-21
60.4558 	0.0579873 	-0.0120513 	1.81088 	3.94686e-21
60.526 	0.0579873 	-0.0120513 	1.81088 	3.94686e-21
60.5961 	0.0579873 	-0.0120513 	1.81088 	3.94686e-21
60.6662 	0.058395 	0.0241051 	1.73317 	3.2007e-21
60.7364 	0.058395 	0.0241051 	1.73317 	3.2007e-21
60.8065 	0.058395 	0.0241051 	1.73317 	3.2007e-21
60.8767 	0.058395 	0.0241051 	1.73317 	3.2007e-21
60.9468 	0.058395 	0.0241051 	1.73317 	3.2007e-21
61.0169 	0.058395 	0.0241051 	1.73317 	3.2007e-21
61.0871 	0.058395 	0.0241051 	1.73317 	3.2007e-21
61.1572 	0.058395 	0.0241051 	1.73317 	3.2007e-21
61.2273 	0.058395 	0.0241051 	1.73317 	3.2007e-21
61.2975 	0.058395 	0.0241051 	1.73317 	3.2007e-21
61.3676 	0.058395 	0.0241051 	1.73317 	3.2007e-21
61.4377 	0.058395 	0.0241051 	1.73317 	3.2007e-21
61.5079 	0.058395 	0.0241051 	1.73317 	3.2007e-21
61.578 	0.058395 	0.0241051 	1.73317 	3.2007e-21
61.6481 	0.0491823 	0.0407755 	1.74721 	6.08816e-20
61.7183 	0.0491823 	0.0407755 	1.74721 	6.08816e-20
61.7884 	0.0298135 	0.0601919 	1.7378 	2.76977e-20
61.8585 	0.0298135 	0.0601919 	1.7378 	2.76977e-20
61.9287 	0.0298135 	0.0601919 	1.7378 	2.76977e-20
61.9988 	0.0298135 	0.0601919 	1.7378 	2.76977e-20
62.0689 	0.0298135 	0.0601919 	1.7378 	2.76977e-20
62.1391 	0.0298135 	0.0601919 	1.7378 	2.76977e-20
62.2092 	0.0324071 	-0.00386911 	2.12925 	0
62.2793 	0.0324071 	-0.00386911 	2.12925 	0
62.3495 	0.0324071 	-0.00386911 	2.12925 	0
62.4196 	0.0324071 	-0.00386911 	2.12925 	0
62.4897 	0.0324071 	-0.00386911 	2.12925 	0
62.5599 	0.0324071 	-0.00386911 	2.12925 	0
62.63 	0.0324071 	-0.00386911 	2.12925 	0
62.7001 	0.0324071 	-0.00386911 	2.12925 	0
62.7703 	0.0324071 	-0.00386911 	2.12925 	0
62.8404 	0.0324071 	-0.00386911 	2.12925 	0
62.9105 	0.0324071 	-0.00386911 	2.12925 	0
62.9807 	0.0324071 	-0.00386911 	2.12925 	0
63.0508 	0.0324071 	-0.00386911 	2.12925 	0
63.121 	0.0324071 	-0.00386911 	2.12925 	0
63.1911 	0.0324071 	-0.00386911 	2.12925 	0
63.2612 	0.0324071 	-0.00386911 	2.12925 	0
63.3314 	0.0324071 	-0.00386911 	2.12925 	0
63.4015 	0.0324071 	-0.00386911 	2.12925 	0
63.4716 	0.0324071 	-0.00386911 	2.12925 	0
63.5418 	0.0324071 	-0.00386911 	2.12925 	0
63.6119 	0.0324071 	-0.00386911 	2.12925 	0
63.682 	0.0324071 	-0.00386911 	2.12925 	0
63.7522 	0.0324071 	-0.00386911 	2.12925 	0
63.8223 	0.0324071 	-0.00386911 	2.12925 	0
63.8924 	0.0324071 	-0.00386911 	2.12925 	0
63.9626 	0.0324071 	-0.00386911 	2.12925 	0
64.0327 	0.0324071 	-0.00386911 	2.12925 	0
64.1028 	0.0324071 	-0.00386911 	2.12925 	0
64.173 	0.0219636 	-0.0233577 	2.17886 	-5.20294e-21
64.2431 	0.0219636 	-0.0233577 	2.17886 	-5.20294e-21
64.3132 	0.0219636 	-0.0233577 	2.17886 	-5.20294e-21
64.3834 	0.0219636 	-0.0233577 	2.17886 	-5.20294e-21
64.4535 	0.0219636 	-0.0233577 	2.17886 	-5.20294e-21
64.5236 	0.0219636 	-0.0233577 	2.17886 	-5.20294e-21
64.5938 	0.0219636 	-0.0233577 	2.17886 	-5.20294e-21
64.6639 	0.0219636 	-0.0233577 	2.17886 	-5.20294e-21
64.734 	0.0219636 	-0.0233577 	2.17886 	-5.20294e-21
64.8042 	0.0219636 	-0.0233577 	2.17886 	-5.20294e-21
64.8743 	0.0340543 	-0.0250165 	2.23203 	0
64.9444 	0.0340543 	-0.0250165 	2.23203 	0
65.0146 	0.0340543 	-0.0250165 	2.23203 	0
65.0847 	0.0340543 	-0.0250165 	2.23203 	0
65.1548 	0.0340543 	-0.0250165 	2.23203 	0
65.225 	0.0340543 	-0.0250165 	2.23203 	0
65.2951 	0.0340543 	-0.0250165 	2.23203 	0
65.3653 	0.0340543 	-0.0250165 	2.23203 	0
65.4354 	0.0340543 	-0.0250165 	2.23203 	0
65.5055 	0.0340543 	-0.0250165 	2.23203 	0
65.5757 	0.0340543 	-0.0250165 	2.23203 	0
65.6458 	0.0340543 	-0.0250165 	2.23203 	0
65.7159 	0.0340543 	-0.0250165 	2.23203 	0
65.7861 	0.0340543 	-0.0250165 	2.23203 	0
65.8562 	0.0340543 	-0.0250165 	2.23203 	0
65.9263 	0.0340543 	-0.0250165 	2.23203 	0
65.9965 	0.0340543 	-0.0250165 	2.23203 	0
66.0666 	0.0340543 	-0.0250165 	2.23203 	0
66.1367 	0.0340543 	-0.0250165 	2.23203 	0
66.2069 	0.0340543 	-0.0250165 	2.23203 	0
66.277 	0.0340543 	-0.0250165 	2.23203 	0
66.3471 	0.0340543 	-0.0250165 	2.23203 	0
66.4173 	0.0340543 	-0.0250165 	2.23203 	0
66.4874 	0.0340543 	-0.0250165 	2.23203 	0
66.5575 	0.0340543 	-0.0250165 	2.23203 	0
66.6277 	0.0340543 	-0.0250165 	2.23203 	0
66.6978 	0.0340543 	-0.0250165 	2.23203 	0
66.7679 	0.0340543 	-0.0250165 	2.23203 	0
66.8381 	0.0340543 	-0.0250165 	2.23203 	0
66.9082 	0.0340543 	-0.0250165 	2.23203 	0
66.9783 	-0.000933119 	-0.0497914 	1.95445 	0
67.0485 	-0.000933119 	-0.0497914 	1.95445 	0
67.1186 	-0.000933119 	-0.0497914 	1.95445 	0
67.1887 	-0.000933119 	-0.0497914 	1.95445 	0
67.2589 	-0.000933119 	-0.0497914 	1.95445 	0
67.329 	-0.000933119 	-0.0497914 	1.95445 	0
67.3991 	-0.0414957 	-0.0603177 	2.10536 	0
67.4693 	-0.0414957 	-0.0603177 	2.10536 	0
67.5394 	-0.0154725 	-0.182872 	2.34095 	0
67.6096 	-0.0154725 	-0.182872 	2.34095 	0
67.6797 	-0.0154725 	-0.182872 	2.34095 	0
67.7498 	-0.0154725 	-0.182872 	2.34095 	0
67.82 	-0.0154725 	-0.182872 	2.34095 	0
67.8901 	-0.0154725 	-0.182872 	2.34095 	0
67.9602 	-0.0154725 	-0.182872 	2.34095 	0
68.0304 	-0.0154725 	-0.182872 	2.34095 	0
68.1005 	-0.0154725 	-0.182872 	2.34095 	0
68.1706 	-0.0154725 	-0.182872 	2.34095 	0
68.2408 	-0.0154725 	-0.182872 	2.34095 	0
68.3109 	-0.0154725 	-0.182872 	2.34095 	0
68.381 	-0.0154725 	-0.182872 	2.34095 	0
68.4512 	-0.0154725 	-0.182872 	2.34095 	0
68.5213 	-0.0154725 	-0.182872 	2.34095 	0
68.5914 	-0.0154725 	-0.182872 	2.34095 	0
68.6616 	-0.0154725 	-0.182872 	2.34095 	0
68.7317 	-0.0154725 	-0.182872 	2.34095 	0
68.8018 	-0.0154725 	-0.182872 	2.34095 	0
68.872 	-0.0154725 	-0.182872 	2.34095 	0
68.9421 	-0.0154725 	-0.182872 	2.34095 	0
69.0122 	-0.0154725 	-0.182872 	2.34095 	0
