0.490941 	2.13251 	0.00437406 	3.00031 	-3.02308e-20
0.561075 	2.13251 	0.00437406 	3.00031 	-3.02308e-20
0.63121 	2.13251 	0.00437406 	3.00031 	-3.02308e-20
0.701344 	2.13251 	0.00437406 	3.00031 	-3.02308e-20
0.771478 	2.13251 	0.00437406 	3.00031 	-3.02308e-20
0.841613 	2.13251 	0.00437406 	3.00031 	-3.02308e-20
0.911747 	2.10749 	0.0144586 	3.00803 	-6.96822e-20
0.981881 	2.10749 	0.0144586 	3.00803 	-6.96822e-20
1.05202 	2.10749 	0.0144586 	3.00803 	-6.96822e-20
1.12215 	2.10749 	0.0144586 	3.00803 	-6.96822e-20
1.19228 	2.10749 	0.0144586 	3.00803 	-6.96822e-20
1.26242 	2.10749 	0.0144586 	3.00803 	-6.96822e-20
1.33255 	2.06353 	0.019332 	3.02328 	6.96344e-20
1.40269 	2.06353 	0.019332 	3.02328 	6.96344e-20
1.47282 	2.06353 	0.019332 	3.02328 	6.96344e-20
1.54296 	2.06353 	0.019332 	3.02328 	6.96344e-20
1.61309 	2.06353 	0.019332 	3.02328 	6.96344e-20
1.68323 	2.06353 	0.019332 	3.02328 	6.96344e-20
1.75336 	2.0032 	0.0246811 	3.04253 	3.33676e-20
1.82349 	2.0032 	0.0246811 	3.04253 	3.33676e-20
1.89363 	2.0032 	0.0246811 	3.04253 	3.33676e-20
1.96376 	2.0032 	0.0246811 	3.04253 	3.33676e-20
2.0339 	2.0032 	0.0246811 	3.04253 	3.33676e-20
2.10403 	2.0032 	0.0246811 	3.04253 	3.33676e-20
2.17417 	1.93191 	0.0242393 	3.06665 	0
2.2443 	1.93191 	0.0242393 	3.06665 	0
2.31443 	1.93191 	0.0242393 	3.06665 	0
2.38457 	1.93191 	0.0242393 	3.06665 	0
2.4547 	1.93191 	0.0242393 	3.06665 	0
2.52484 	1.93191 	0.0242393 	3.06665 	0
2.59497 	1.85557 	0.025581 	3.09076 	-1.52052e-19
2.66511 	1.85557 	0.025581 	3.09076 	-1.52052e-19
2.73524 	1.85557 	0.025581 	3.09076 	-1.52052e-19
2.80538 	1.85557 	0.025581 	3.09076 	-1.52052e-19
2.87551 	1.85557 	0.025581 	3.09076 	-1.52052e-19
2.94564 	1.85557 	0.025581 	3.09076 	-1.52052e-19
3.01578 	1.77921 	0.023321 	3.11623 	1.2104e-19
3.08591 	1.77921 	0.023321 	3.11623 	1.2104e-19
3.15605 	1.77921 	0.023321 	3.11623 	1.2104e-19
3.22618 	1.77921 	0.023321 	3.11623 	1.2104e-19
3.29632 	1.77921 	0.023321 	3.11623 	1.2104e-19
3.36645 	1.77921 	0.023321 	3.11623 	1.2104e-19
3.43659 	1.70472 	0.0248773 	3.13929 	-2.22066e-19
3.50672 	1.70472 	0.0248773 	3.13929 	-2.22066e-19
3.57685 	1.70472 	0.0248773 	3.13929 	-2.22066e-19
3.64699 	1.70472 	0.0248773 	3.13929 	-2.22066e-19
3.71712 	1.70472 	0.0248773 	3.13929 	-2.22066e-19
3.78726 	1.69684 	0.0140499 	3.13813 	-2.46574e-19
3.85739 	1.62363 	0.0119161 	3.16275 	4.54328e-19
3.92753 	1.62363 	0.0119161 	3.16275 	4.54328e-19
3.99766 	1.62363 	0.0119161 	3.16275 	4.54328e-19
4.06779 	1.62363 	0.0119161 	3.16275 	4.54328e-19
4.13793 	1.62363 	0.0119161 	3.16275 	4.54328e-19
4.20806 	1.62363 	0.0119161 	3.16275 	4.54328e-19
4.2782 	1.55241 	0.0142102 	3.18387 	-2.6016e-19
4.34833 	1.55241 	0.0142102 	3.18387 	-2.6016e-19
4.41847 	1.55241 	0.0142102 	3.18387 	-2.6016e-19
4.4886 	1.55241 	0.0142102 	3.18387 	-2.6016e-19
4.55874 	1.55241 	0.0142102 	3.18387 	-2.6016e-19
4.62887 	1.55241 	0.0142102 	3.18387 	-2.6016e-19
4.699 	1.55241 	0.0142102 	3.18387 	-2.6016e-19
4.76914 	1.48299 	0.0118391 	3.20709 	-1.90768e-19
4.83927 	1.48299 	0.0118391 	3.20709 	-1.90768e-19
4.90941 	1.48299 	0.0118391 	3.20709 	-1.90768e-19
4.97954 	1.48299 	0.0118391 	3.20709 	-1.90768e-19
5.04968 	1.48299 	0.0118391 	3.20709 	-1.90768e-19
5.11981 	1.48299 	0.0118391 	3.20709 	-1.90768e-19
5.18994 	1.41527 	0.0138848 	3.22671 	1.675e-19
5.26008 	1.41527 	0.0138848 	3.22671 	1.675e-19
5.33021 	1.41527 	0.0138848 	3.22671 	1.675e-19
5.40035 	1.41527 	0.0138848 	3.22671 	1.675e-19
5.47048 	1.41527 	0.0138848 	3.22671 	1.675e-19
5.54062 	1.41527 	0.0138848 	3.22671 	1.675e-19
5.61075 	1.35014 	0.0111994 	3.24844 	-3.24926e-19
5.68089 	1.35014 	0.0111994 	3.24844 	-3.24926e-19
5.75102 	1.35014 	0.0111994 	3.24844 	-3.24926e-19
5.82115 	1.35014 	0.0111994 	3.24844 	-3.24926e-19
5.89129 	1.35014 	0.0111994 	3.24844 	-3.24926e-19
5.96142 	1.35014 	0.0111994 	3.24844 	-3.24926e-19
6.03156 	1.28819 	0.0134135 	3.26589 	3.46821e-19
6.10169 	1.28819 	0.0134135 	3.26589 	3.46821e-19
6.17183 	1.28819 	0.0134135 	3.26589 	3.46821e-19
6.24196 	1.28819 	0.0134135 	3.26589 	3.46821e-19
6.3121 	1.28819 	0.0134135 	3.26589 	3.46821e-19
6.38223 	1.28819 	0.0134135 	3.26589 	3.46821e-19
6.45236 	1.23025 	0.0109103 	3.28533 	2.01248e-20
6.5225 	1.23025 	0.0109103 	3.28533 	2.01248e-20
6.59263 	1.23025 	0.0109103 	3.28533 	2.01248e-20
6.66277 	1.23025 	0.0109103 	3.28533 	2.01248e-20
6.7329 	1.23025 	0.0109103 	3.28533 	2.01248e-20
6.80304 	1.23025 	0.0109103 	3.28533 	2.01248e-20
6.87317 	1.1764 	0.0136858 	3.29997 	-1.92313e-20
6.9433 	1.1764 	0.0136858 	3.29997 	-1.92313e-20
7.01344 	1.1764 	0.0136858 	3.29997 	-1.92313e-20
7.08357 	1.1764 	0.0136858 	3.29997 	-1.92313e-20
7.15371 	1.1764 	0.0136858 	3.29997 	-1.92313e-20
7.22384 	1.1764 	0.0136858 	3.29997 	-1.92313e-20
7.29398 	1.1268 	0.0115211 	3.31687 	0
7.36411 	1.1268 	0.0115211 	3.31687 	0
7.43425 	1.1268 	0.0115211 	3.31687 	0
7.50438 	1.1268 	0.0115211 	3.31687 	0
7.57451 	1.1268 	0.0115211 	3.31687 	0
7.64465 	1.1268 	0.0115211 	3.31687 	0
7.71478 	1.1268 	0.0115211 	3.31687 	0
7.78492 	1.08096 	0.0148991 	3.32879 	0
7.85505 	1.08096 	0.0148991 	3.32879 	0
7.92519 	1.08096 	0.0148991 	3.32879 	0
7.99532 	1.08096 	0.0148991 	3.32879 	0
8.06545 	1.08096 	0.0148991 	3.32879 	0
8.13559 	1.08096 	0.0148991 	3.32879 	0
8.20572 	1.03869 	0.0130564 	3.34355 	0
8.27586 	1.03869 	0.0130564 	3.34355 	0
8.34599 	1.03869 	0.0130564 	3.34355 	0
8.41613 	1.03869 	0.0130564 	3.34355 	0
8.48626 	1.03869 	0.0130564 	3.34355 	0
8.5564 	1.03869 	0.0130564 	3.34355 	0
8.62653 	0.999302 	0.0171645 	3.35324 	2.13714e-22
8.69666 	0.999302 	0.0171645 	3.35324 	2.13714e-22
8.7668 	0.999302 	0.0171645 	3.35324 	2.13714e-22
8.83693 	0.999302 	0.0171645 	3.35324 	2.13714e-22
8.90707 	0.999302 	0.0171645 	3.35324 	2.13714e-22
8.9772 	0.999302 	0.0171645 	3.35324 	2.13714e-22
9.04734 	0.96259 	0.0158094 	3.36646 	-2.32544e-19
9.11747 	0.96259 	0.0158094 	3.36646 	-2.32544e-19
9.18761 	0.96259 	0.0158094 	3.36646 	-2.32544e-19
9.25774 	0.948544 	0.0117583 	3.36905 	-2.48707e-20
9.32787 	0.948544 	0.0117583 	3.36905 	-2.48707e-20
9.39801 	0.948544 	0.0117583 	3.36905 	-2.48707e-20
9.46814 	0.948544 	0.0117583 	3.36905 	-2.48707e-20
9.53828 	0.913068 	0.0179007 	3.37778 	-2.40812e-19
9.60841 	0.913068 	0.0179007 	3.37778 	-2.40812e-19
9.67855 	0.913068 	0.0179007 	3.37778 	-2.40812e-19
9.74868 	0.913068 	0.0179007 	3.37778 	-2.40812e-19
9.81881 	0.913068 	0.0179007 	3.37778 	-2.40812e-19
9.88895 	0.913068 	0.0179007 	3.37778 	-2.40812e-19
9.95908 	0.879216 	0.0175095 	3.3898 	-1.4343e-20
10.0292 	0.879216 	0.0175095 	3.3898 	-1.4343e-20
10.0994 	0.879216 	0.0175095 	3.3898 	-1.4343e-20
10.1695 	0.879216 	0.0175095 	3.3898 	-1.4343e-20
10.2396 	0.879216 	0.0175095 	3.3898 	-1.4343e-20
10.3098 	0.879216 	0.0175095 	3.3898 	-1.4343e-20
10.3799 	0.846464 	0.0254628 	3.39742 	2.14756e-19
10.45 	0.846464 	0.0254628 	3.39742 	2.14756e-19
10.5202 	0.846464 	0.0254628 	3.39742 	2.14756e-19
10.5903 	0.846464 	0.0254628 	3.39742 	2.14756e-19
10.6604 	0.846464 	0.0254628 	3.39742 	2.14756e-19
10.7306 	0.846464 	0.0254628 	3.39742 	2.14756e-19
10.8007 	0.814685 	0.0267372 	3.409 	-2.2803e-19
10.8708 	0.814685 	0.0267372 	3.409 	-2.2803e-19
10.941 	0.814685 	0.0267372 	3.409 	-2.2803e-19
11.0111 	0.814685 	0.0267372 	3.409 	-2.2803e-19
11.0812 	0.814685 	0.0267372 	3.409 	-2.2803e-19
11.1514 	0.814685 	0.0267372 	3.409 	-2.2803e-19
11.2215 	0.814685 	0.0267372 	3.409 	-2.2803e-19
11.2916 	0.783318 	0.0376379 	3.41585 	-3.96621e-19
11.3618 	0.783318 	0.0376379 	3.41585 	-3.96621e-19
11.4319 	0.783318 	0.0376379 	3.41585 	-3.96621e-19
11.502 	0.783318 	0.0376379 	3.41585 	-3.96621e-19
11.5722 	0.783318 	0.0376379 	3.41585 	-3.96621e-19
11.6423 	0.783318 	0.0376379 	3.41585 	-3.96621e-19
11.7124 	0.752028 	0.0418017 	3.42748 	3.83924e-19
11.7826 	0.752028 	0.0418017 	3.42748 	3.83924e-19
11.8527 	0.752028 	0.0418017 	3.42748 	3.83924e-19
11.9228 	0.752028 	0.0418017 	3.42748 	3.83924e-19
11.993 	0.752028 	0.0418017 	3.42748 	3.83924e-19
12.0631 	0.752028 	0.0418017 	3.42748 	3.83924e-19
12.1332 	0.719947 	0.0574144 	3.43415 	0
12.2034 	0.719947 	0.0574144 	3.43415 	0
12.2735 	0.719947 	0.0574144 	3.43415 	0
12.3437 	0.719947 	0.0574144 	3.43415 	0
12.4138 	0.719947 	0.0574144 	3.43415 	0
12.4839 	0.719947 	0.0574144 	3.43415 	0
12.5541 	0.719947 	0.0574144 	3.43415 	0
12.6242 	0.686513 	0.0656336 	3.44643 	-1.07203e-20
12.6943 	0.686513 	0.0656336 	3.44643 	-1.07203e-20
12.7645 	0.686513 	0.0656336 	3.44643 	-1.07203e-20
12.8346 	0.686513 	0.0656336 	3.44643 	-1.07203e-20
12.9047 	0.686513 	0.0656336 	3.44643 	-1.07203e-20
12.9749 	0.686513 	0.0656336 	3.44643 	-1.07203e-20
13.045 	0.650936 	0.0880474 	3.4537 	1.08008e-20
13.1151 	0.650936 	0.0880474 	3.4537 	1.08008e-20
13.1853 	0.650936 	0.0880474 	3.4537 	1.08008e-20
13.2554 	0.650936 	0.0880474 	3.4537 	1.08008e-20
13.3255 	0.650936 	0.0880474 	3.4537 	1.08008e-20
13.3957 	0.650936 	0.0880474 	3.4537 	1.08008e-20
13.4658 	0.650936 	0.0880474 	3.4537 	1.08008e-20
13.5359 	0.613192 	0.101218 	3.46702 	0
13.6061 	0.613192 	0.101218 	3.46702 	0
13.6762 	0.613192 	0.101218 	3.46702 	0
13.7463 	0.613192 	0.101218 	3.46702 	0
13.8165 	0.613192 	0.101218 	3.46702 	0
13.8866 	0.613192 	0.101218 	3.46702 	0
13.9567 	0.573663 	0.145192 	3.47801 	7.80379e-22
14.0269 	0.573663 	0.145192 	3.47801 	7.80379e-22
14.097 	0.573663 	0.145192 	3.47801 	7.80379e-22
14.1671 	0.573663 	0.145192 	3.47801 	7.80379e-22
14.2373 	0.573663 	0.145192 	3.47801 	7.80379e-22
14.3074 	0.573663 	0.145192 	3.47801 	7.80379e-22
14.3776 	0.558219 	0.143541 	3.48157 	1.12862e-19
14.4477 	0.462522 	0.146692 	3.5078 	-1.6053e-20
14.5178 	0.462522 	0.146692 	3.5078 	-1.6053e-20
14.588 	0.462522 	0.146692 	3.5078 	-1.6053e-20
14.6581 	0.482919 	0.159638 	3.50064 	0
14.7282 	0.482919 	0.159638 	3.50064 	0
14.7984 	0.402376 	0.17447 	3.52366 	-1.64068e-19
14.8685 	0.433217 	0.197152 	3.51346 	-1.67049e-19
14.9386 	0.433217 	0.197152 	3.51346 	-1.67049e-19
15.0088 	0.433217 	0.197152 	3.51346 	-1.67049e-19
15.0789 	0.433217 	0.197152 	3.51346 	-1.67049e-19
15.149 	0.471768 	0.213654 	3.50252 	1.63685e-19
15.2192 	0.378608 	0.231255 	3.53628 	1.38937e-19
15.2893 	0.378608 	0.231255 	3.53628 	1.38937e-19
15.3594 	0.378608 	0.231255 	3.53628 	1.38937e-19
15.4296 	0.417379 	0.251662 	3.5154 	-4.79816e-19
15.4997 	0.417379 	0.251662 	3.5154 	-4.79816e-19
15.5698 	0.324612 	0.267479 	3.54349 	2.48946e-19
15.64 	0.324612 	0.267479 	3.54349 	2.48946e-19
15.7101 	0.324612 	0.267479 	3.54349 	2.48946e-19
15.7802 	0.3683 	0.284911 	3.53501 	-4.184e-19
15.8504 	0.3683 	0.284911 	3.53501 	-4.184e-19
15.9205 	0.275529 	0.304809 	3.55071 	-1.16738e-19
15.9906 	0.275529 	0.304809 	3.55071 	-1.16738e-19
16.0608 	0.275529 	0.304809 	3.55071 	-1.16738e-19
16.1309 	0.330023 	0.329756 	3.53023 	0
16.201 	0.330023 	0.329756 	3.53023 	0
16.2712 	0.237185 	0.343354 	3.56251 	0
16.3413 	0.237185 	0.343354 	3.56251 	0
16.4114 	0.237185 	0.343354 	3.56251 	0
16.4816 	0.237185 	0.343354 	3.56251 	0
16.5517 	0.308479 	0.359521 	3.53892 	-1.64489e-19
16.6219 	0.219954 	0.394865 	3.55833 	5.47216e-20
16.692 	0.219954 	0.394865 	3.55833 	5.47216e-20
16.7621 	0.219954 	0.394865 	3.55833 	5.47216e-20
16.8323 	0.219954 	0.394865 	3.55833 	5.47216e-20
16.9024 	0.219954 	0.394865 	3.55833 	5.47216e-20
16.9725 	0.228819 	0.435072 	3.55034 	0
17.0427 	0.228819 	0.435072 	3.55034 	0
17.1128 	0.228819 	0.435072 	3.55034 	0
17.1829 	0.228819 	0.435072 	3.55034 	0
17.2531 	0.152434 	0.463477 	3.5697 	0
17.3232 	0.152434 	0.463477 	3.5697 	0
17.3933 	0.152434 	0.463477 	3.5697 	0
17.4635 	0.256677 	0.487465 	3.55079 	1.55009e-19
17.5336 	0.256677 	0.487465 	3.55079 	1.55009e-19
17.6037 	0.189253 	0.507902 	3.55877 	0
17.6739 	0.189253 	0.507902 	3.55877 	0
17.744 	0.189253 	0.507902 	3.55877 	0
17.8141 	0.189253 	0.507902 	3.55877 	0
17.8843 	0.189253 	0.507902 	3.55877 	0
17.9544 	0.232962 	0.565727 	3.54808 	1.25559e-19
18.0245 	0.232962 	0.565727 	3.54808 	1.25559e-19
18.0947 	0.232962 	0.565727 	3.54808 	1.25559e-19
18.1648 	0.232962 	0.565727 	3.54808 	1.25559e-19
18.2349 	0.177364 	0.58036 	3.55827 	-1.8857e-19
18.3051 	0.177364 	0.58036 	3.55827 	-1.8857e-19
18.3752 	0.177364 	0.58036 	3.55827 	-1.8857e-19
18.4453 	0.177364 	0.58036 	3.55827 	-1.8857e-19
18.5155 	0.177364 	0.58036 	3.55827 	-1.8857e-19
18.5856 	0.217917 	0.62385 	3.54017 	-2.74849e-19
18.6557 	0.217917 	0.62385 	3.54017 	-2.74849e-19
18.7259 	0.217917 	0.62385 	3.54017 	-2.74849e-19
18.796 	0.217917 	0.62385 	3.54017 	-2.74849e-19
18.8662 	0.165576 	0.641281 	3.55172 	2.18455e-19
18.9363 	0.165576 	0.641281 	3.55172 	2.18455e-19
19.0064 	0.165576 	0.641281 	3.55172 	2.18455e-19
19.0766 	0.165576 	0.641281 	3.55172 	2.18455e-19
19.1467 	0.165576 	0.641281 	3.55172 	2.18455e-19
19.2168 	0.115918 	0.666885 	3.56871 	2.82462e-20
19.287 	0.208692 	0.667256 	3.52525 	1.58771e-19
19.3571 	0.208692 	0.667256 	3.52525 	1.58771e-19
19.4272 	0.208692 	0.667256 	3.52525 	1.58771e-19
19.4974 	0.208692 	0.667256 	3.52525 	1.58771e-19
19.5675 	0.158016 	0.688508 	3.53945 	2.08561e-20
19.6376 	0.158016 	0.688508 	3.53945 	2.08561e-20
19.7078 	0.158016 	0.688508 	3.53945 	2.08561e-20
19.7779 	0.158016 	0.688508 	3.53945 	2.08561e-20
19.848 	0.158016 	0.688508 	3.53945 	2.08561e-20
19.9182 	0.109335 	0.717292 	3.55757 	-6.48346e-20
19.9883 	0.109335 	0.717292 	3.55757 	-6.48346e-20
20.0584 	0.203252 	0.692689 	3.49017 	0
20.1286 	0.203252 	0.692689 	3.49017 	0
20.1987 	0.203252 	0.692689 	3.49017 	0
20.2688 	0.152301 	0.718328 	3.51606 	4.60186e-20
20.339 	0.152301 	0.718328 	3.51606 	4.60186e-20
20.4091 	0.152301 	0.718328 	3.51606 	4.60186e-20
20.4792 	0.152301 	0.718328 	3.51606 	4.60186e-20
20.5494 	0.152301 	0.718328 	3.51606 	4.60186e-20
20.6195 	0.102561 	0.751368 	3.54063 	-2.86485e-20
20.6896 	0.102561 	0.751368 	3.54063 	-2.86485e-20
20.7598 	0.102561 	0.751368 	3.54063 	-2.86485e-20
20.8299 	0.102561 	0.751368 	3.54063 	-2.86485e-20
20.9 	0.196708 	0.700039 	3.38535 	2.76061e-19
20.9702 	0.145835 	0.729225 	3.44371 	9.74131e-20
21.0403 	0.145835 	0.729225 	3.44371 	9.74131e-20
21.1105 	0.145835 	0.729225 	3.44371 	9.74131e-20
21.1806 	0.145835 	0.729225 	3.44371 	9.74131e-20
21.2507 	0.145835 	0.729225 	3.44371 	9.74131e-20
21.3209 	0.0979788 	0.765445 	3.49066 	-7.05651e-20
21.391 	0.0979788 	0.765445 	3.49066 	-7.05651e-20
21.4611 	0.0979788 	0.765445 	3.49066 	-7.05651e-20
21.5313 	0.0979788 	0.765445 	3.49066 	-7.05651e-20
21.6014 	0.0979788 	0.765445 	3.49066 	-7.05651e-20
21.6715 	0.0979788 	0.765445 	3.49066 	-7.05651e-20
21.7417 	0.0539323 	0.788753 	3.5166 	1.9112e-21
21.8118 	0.0539323 	0.788753 	3.5166 	1.9112e-21
21.8819 	0.0539323 	0.788753 	3.5166 	1.9112e-21
21.9521 	0.133227 	0.71954 	3.24623 	3.50142e-20
22.0222 	0.133227 	0.71954 	3.24623 	3.50142e-20
22.0923 	0.0950988 	0.757433 	3.33864 	7.80987e-20
22.1625 	0.0950988 	0.757433 	3.33864 	7.80987e-20
22.2326 	0.0950988 	0.757433 	3.33864 	7.80987e-20
22.3027 	0.0950988 	0.757433 	3.33864 	7.80987e-20
22.3729 	0.0950988 	0.757433 	3.33864 	7.80987e-20
22.443 	0.0950988 	0.757433 	3.33864 	7.80987e-20
22.5131 	0.0530273 	0.786162 	3.40676 	-3.72133e-20
22.5833 	0.0530273 	0.786162 	3.40676 	-3.72133e-20
22.6534 	0.0530273 	0.786162 	3.40676 	-3.72133e-20
22.7235 	0.0530273 	0.786162 	3.40676 	-3.72133e-20
22.7937 	0.0530273 	0.786162 	3.40676 	-3.72133e-20
22.8638 	0.00953487 	0.819489 	3.45907 	-3.23857e-20
22.9339 	0.00953487 	0.819489 	3.45907 	-3.23857e-20
23.0041 	0.00953487 	0.819489 	3.45907 	-3.23857e-20
23.0742 	0.0502039 	0.709752 	2.90766 	6.19279e-20
23.1443 	0.0502039 	0.709752 	2.90766 	6.19279e-20
23.2145 	0.0502039 	0.709752 	2.90766 	6.19279e-20
23.2846 	0.0150872 	0.749635 	3.06985 	-1.95875e-21
23.3548 	0.0150872 	0.749635 	3.06985 	-1.95875e-21
23.4249 	0.0150872 	0.749635 	3.06985 	-1.95875e-21
23.495 	0.0150872 	0.749635 	3.06985 	-1.95875e-21
23.5652 	0.0150872 	0.749635 	3.06985 	-1.95875e-21
23.6353 	0.0150872 	0.749635 	3.06985 	-1.95875e-21
23.7054 	-0.0175161 	0.783261 	3.17954 	-3.26819e-21
23.7756 	-0.0175161 	0.783261 	3.17954 	-3.26819e-21
23.8457 	-0.0175161 	0.783261 	3.17954 	-3.26819e-21
23.9158 	-0.0175161 	0.783261 	3.17954 	-3.26819e-21
23.986 	-0.0175161 	0.783261 	3.17954 	-3.26819e-21
24.0561 	-0.0175161 	0.783261 	3.17954 	-3.26819e-21
24.1262 	-0.0507442 	0.814356 	3.2765 	0
24.1964 	-0.0507442 	0.814356 	3.2765 	0
24.2665 	-0.0507442 	0.814356 	3.2765 	0
24.3366 	-0.0507442 	0.814356 	3.2765 	0
24.4068 	-0.0507442 	0.814356 	3.2765 	0
24.4769 	-0.03802 	0.663204 	2.46366 	-1.41345e-20
24.547 	-0.03802 	0.663204 	2.46366 	-1.41345e-20
24.6172 	-0.0728294 	0.68488 	2.55733 	-8.59405e-20
24.6873 	-0.0728294 	0.68488 	2.55733 	-8.59405e-20
24.7574 	-0.0728294 	0.68488 	2.55733 	-8.59405e-20
24.8276 	-0.0728294 	0.68488 	2.55733 	-8.59405e-20
24.8977 	-0.0728294 	0.68488 	2.55733 	-8.59405e-20
24.9678 	-0.0728294 	0.68488 	2.55733 	-8.59405e-20
25.038 	-0.105342 	0.729764 	2.744 	2.60022e-20
25.1081 	-0.105342 	0.729764 	2.744 	2.60022e-20
25.1782 	-0.105342 	0.729764 	2.744 	2.60022e-20
25.2484 	-0.105342 	0.729764 	2.744 	2.60022e-20
25.3185 	-0.105342 	0.729764 	2.744 	2.60022e-20
25.3886 	-0.105342 	0.729764 	2.744 	2.60022e-20
25.4588 	-0.135563 	0.750876 	2.8232 	0
25.5289 	-0.135563 	0.750876 	2.8232 	0
25.5991 	-0.135563 	0.750876 	2.8232 	0
25.6692 	-0.135563 	0.750876 	2.8232 	0
25.7393 	-0.135563 	0.750876 	2.8232 	0
25.8095 	-0.135563 	0.750876 	2.8232 	0
25.8796 	-0.135563 	0.750876 	2.8232 	0
25.9497 	-0.164308 	0.790642 	2.97272 	-1.10408e-19
26.0199 	-0.164308 	0.790642 	2.97272 	-1.10408e-19
26.09 	-0.15042 	0.61525 	2.10618 	-8.83596e-20
26.1601 	-0.15042 	0.61525 	2.10618 	-8.83596e-20
26.2303 	-0.15042 	0.61525 	2.10618 	-8.83596e-20
26.3004 	-0.15042 	0.61525 	2.10618 	-8.83596e-20
26.3705 	-0.15042 	0.61525 	2.10618 	-8.83596e-20
26.4407 	-0.179422 	0.62852 	2.15493 	2.26241e-19
26.5108 	-0.179422 	0.62852 	2.15493 	2.26241e-19
26.5809 	-0.179422 	0.62852 	2.15493 	2.26241e-19
26.6511 	-0.179422 	0.62852 	2.15493 	2.26241e-19
26.7212 	-0.179422 	0.62852 	2.15493 	2.26241e-19
26.7913 	-0.179422 	0.62852 	2.15493 	2.26241e-19
26.8615 	-0.179422 	0.62852 	2.15493 	2.26241e-19
26.9316 	-0.208003 	0.654562 	2.26656 	-1.50723e-19
27.0017 	-0.208003 	0.654562 	2.26656 	-1.50723e-19
27.0719 	-0.208003 	0.654562 	2.26656 	-1.50723e-19
27.142 	-0.208003 	0.654562 	2.26656 	-1.50723e-19
27.2121 	-0.208003 	0.654562 	2.26656 	-1.50723e-19
27.2823 	-0.208003 	0.654562 	2.26656 	-1.50723e-19
27.3524 	-0.236892 	0.666138 	2.3103 	-5.62382e-20
27.4225 	-0.236892 	0.666138 	2.3103 	-5.62382e-20
27.4927 	-0.236892 	0.666138 	2.3103 	-5.62382e-20
27.5628 	-0.236892 	0.666138 	2.3103 	-5.62382e-20
27.6329 	-0.236892 	0.666138 	2.3103 	-5.62382e-20
27.7031 	-0.236892 	0.666138 	2.3103 	-5.62382e-20
27.7732 	-0.236892 	0.666138 	2.3103 	-5.62382e-20
27.8434 	-0.236892 	0.666138 	2.3103 	-5.62382e-20
27.9135 	-0.263162 	0.689243 	2.4116 	-6.55453e-20
27.9836 	-0.263162 	0.689243 	2.4116 	-6.55453e-20
28.0538 	-0.263162 	0.689243 	2.4116 	-6.55453e-20
28.1239 	-0.263162 	0.689243 	2.4116 	-6.55453e-20
28.194 	-0.263162 	0.689243 	2.4116 	-6.55453e-20
28.2642 	-0.263162 	0.689243 	2.4116 	-6.55453e-20
28.3343 	-0.275759 	0.553254 	1.83917 	7.45645e-20
28.4044 	-0.301386 	0.552049 	1.85923 	-1.30668e-19
28.4746 	-0.301386 	0.552049 	1.85923 	-1.30668e-19
28.5447 	-0.301386 	0.552049 	1.85923 	-1.30668e-19
28.6148 	-0.301386 	0.552049 	1.85923 	-1.30668e-19
28.685 	-0.301386 	0.552049 	1.85923 	-1.30668e-19
28.7551 	-0.301386 	0.552049 	1.85923 	-1.30668e-19
28.8252 	-0.301386 	0.552049 	1.85923 	-1.30668e-19
28.8954 	-0.301386 	0.552049 	1.85923 	-1.30668e-19
28.9655 	-0.325113 	0.560758 	1.90333 	-1.52542e-19
29.0356 	-0.325113 	0.560758 	1.90333 	-1.52542e-19
29.1058 	-0.325113 	0.560758 	1.90333 	-1.52542e-19
29.1759 	-0.325113 	0.560758 	1.90333 	-1.52542e-19
29.246 	-0.325113 	0.560758 	1.90333 	-1.52542e-19
29.3162 	-0.325113 	0.560758 	1.90333 	-1.52542e-19
29.3863 	-0.325113 	0.560758 	1.90333 	-1.52542e-19
29.4564 	-0.348259 	0.556082 	1.91596 	1.41681e-19
29.5266 	-0.348259 	0.556082 	1.91596 	1.41681e-19
29.5967 	-0.348259 	0.556082 	1.91596 	1.41681e-19
29.6668 	-0.348259 	0.556082 	1.91596 	1.41681e-19
29.737 	-0.348259 	0.556082 	1.91596 	1.41681e-19
29.8071 	-0.348259 	0.556082 	1.91596 	1.41681e-19
29.8773 	-0.348259 	0.556082 	1.91596 	1.41681e-19
29.9474 	-0.348259 	0.556082 	1.91596 	1.41681e-19
30.0175 	-0.369716 	0.559014 	1.94657 	-1.59845e-19
30.0877 	-0.369716 	0.559014 	1.94657 	-1.59845e-19
30.1578 	-0.369716 	0.559014 	1.94657 	-1.59845e-19
30.2279 	-0.369716 	0.559014 	1.94657 	-1.59845e-19
30.2981 	-0.369716 	0.559014 	1.94657 	-1.59845e-19
30.3682 	-0.369716 	0.559014 	1.94657 	-1.59845e-19
30.4383 	-0.369716 	0.559014 	1.94657 	-1.59845e-19
30.5085 	-0.369716 	0.559014 	1.94657 	-1.59845e-19
30.5786 	-0.390824 	0.550874 	1.9483 	2.99579e-19
30.6487 	-0.390824 	0.550874 	1.9483 	2.99579e-19
30.7189 	-0.390824 	0.550874 	1.9483 	2.99579e-19
30.789 	-0.390824 	0.550874 	1.9483 	2.99579e-19
30.8591 	-0.390824 	0.550874 	1.9483 	2.99579e-19
30.9293 	-0.390824 	0.550874 	1.9483 	2.99579e-19
30.9994 	-0.390824 	0.550874 	1.9483 	2.99579e-19
31.0695 	-0.390824 	0.550874 	1.9483 	2.99579e-19
31.1397 	-0.408834 	0.546862 	1.96266 	-1.50361e-19
31.2098 	-0.408834 	0.546862 	1.96266 	-1.50361e-19
31.2799 	-0.408834 	0.546862 	1.96266 	-1.50361e-19
31.3501 	-0.408834 	0.546862 	1.96266 	-1.50361e-19
31.4202 	-0.408834 	0.546862 	1.96266 	-1.50361e-19
31.4903 	-0.408834 	0.546862 	1.96266 	-1.50361e-19
31.5605 	-0.425706 	0.504942 	1.75242 	2.60799e-19
31.6306 	-0.425706 	0.504942 	1.75242 	2.60799e-19
31.7007 	-0.442179 	0.500374 	1.75579 	-8.35777e-20
31.7709 	-0.442179 	0.500374 	1.75579 	-8.35777e-20
31.841 	-0.442179 	0.500374 	1.75579 	-8.35777e-20
31.9111 	-0.442179 	0.500374 	1.75579 	-8.35777e-20
31.9813 	-0.442179 	0.500374 	1.75579 	-8.35777e-20
32.0514 	-0.442179 	0.500374 	1.75579 	-8.35777e-20
32.1216 	-0.442179 	0.500374 	1.75579 	-8.35777e-20
32.1917 	-0.442179 	0.500374 	1.75579 	-8.35777e-20
32.2618 	-0.442179 	0.500374 	1.75579 	-8.35777e-20
32.332 	-0.456041 	0.49615 	1.76549 	0
32.4021 	-0.456041 	0.49615 	1.76549 	0
32.4722 	-0.456041 	0.49615 	1.76549 	0
32.5424 	-0.456041 	0.49615 	1.76549 	0
32.6125 	-0.456041 	0.49615 	1.76549 	0
32.6826 	-0.456041 	0.49615 	1.76549 	0
32.7528 	-0.456041 	0.49615 	1.76549 	0
32.8229 	-0.456041 	0.49615 	1.76549 	0
32.893 	-0.456041 	0.49615 	1.76549 	0
32.9632 	-0.467686 	0.489961 	1.76552 	0
33.0333 	-0.467686 	0.489961 	1.76552 	0
33.1034 	-0.467686 	0.489961 	1.76552 	0
33.1736 	-0.467686 	0.489961 	1.76552 	0
33.2437 	-0.467686 	0.489961 	1.76552 	0
33.3138 	-0.467686 	0.489961 	1.76552 	0
33.384 	-0.467686 	0.489961 	1.76552 	0
33.4541 	-0.467686 	0.489961 	1.76552 	0
33.5242 	-0.467686 	0.489961 	1.76552 	0
33.5944 	-0.476386 	0.484714 	1.77002 	4.33549e-20
33.6645 	-0.476386 	0.484714 	1.77002 	4.33549e-20
33.7346 	-0.476386 	0.484714 	1.77002 	4.33549e-20
33.8048 	-0.476386 	0.484714 	1.77002 	4.33549e-20
33.8749 	-0.476386 	0.484714 	1.77002 	4.33549e-20
33.945 	-0.476386 	0.484714 	1.77002 	4.33549e-20
34.0152 	-0.476386 	0.484714 	1.77002 	4.33549e-20
34.0853 	-0.476386 	0.484714 	1.77002 	4.33549e-20
34.1554 	-0.476386 	0.484714 	1.77002 	4.33549e-20
34.2256 	-0.482969 	0.4782 	1.76831 	-3.96447e-20
34.2957 	-0.482969 	0.4782 	1.76831 	-3.96447e-20
34.3659 	-0.482969 	0.4782 	1.76831 	-3.96447e-20
34.436 	-0.482969 	0.4782 	1.76831 	-3.96447e-20
34.5061 	-0.482969 	0.4782 	1.76831 	-3.96447e-20
34.5763 	-0.482969 	0.4782 	1.76831 	-3.96447e-20
34.6464 	-0.482969 	0.4782 	1.76831 	-3.96447e-20
34.7165 	-0.482969 	0.4782 	1.76831 	-3.96447e-20
34.7867 	-0.482969 	0.4782 	1.76831 	-3.96447e-20
34.8568 	-0.482969 	0.4782 	1.76831 	-3.96447e-20
34.9269 	-0.48684 	0.472374 	1.76774 	8.05563e-20
34.9971 	-0.48684 	0.472374 	1.76774 	8.05563e-20
35.0672 	-0.48684 	0.472374 	1.76774 	8.05563e-20
35.1373 	-0.48684 	0.472374 	1.76774 	8.05563e-20
35.2075 	-0.48684 	0.472374 	1.76774 	8.05563e-20
35.2776 	-0.48684 	0.472374 	1.76774 	8.05563e-20
35.3477 	-0.48684 	0.472374 	1.76774 	8.05563e-20
35.4179 	-0.48684 	0.472374 	1.76774 	8.05563e-20
35.488 	-0.48684 	0.472374 	1.76774 	8.05563e-20
35.5581 	-0.48684 	0.472374 	1.76774 	8.05563e-20
35.6283 	-0.487233 	0.46707 	1.76265 	-1.90673e-20
35.6984 	-0.487233 	0.46707 	1.76265 	-1.90673e-20
35.7685 	-0.487233 	0.46707 	1.76265 	-1.90673e-20
35.8387 	-0.487233 	0.46707 	1.76265 	-1.90673e-20
35.9088 	-0.487233 	0.46707 	1.76265 	-1.90673e-20
35.9789 	-0.487233 	0.46707 	1.76265 	-1.90673e-20
36.0491 	-0.487233 	0.46707 	1.76265 	-1.90673e-20
36.1192 	-0.487233 	0.46707 	1.76265 	-1.90673e-20
36.1893 	-0.487233 	0.46707 	1.76265 	-1.90673e-20
36.2595 	-0.487233 	0.46707 	1.76265 	-1.90673e-20
36.3296 	-0.483211 	0.461092 	1.75665 	1.85644e-20
36.3997 	-0.483211 	0.461092 	1.75665 	1.85644e-20
36.4699 	-0.483211 	0.461092 	1.75665 	1.85644e-20
36.54 	-0.483211 	0.461092 	1.75665 	1.85644e-20
36.6102 	-0.483211 	0.461092 	1.75665 	1.85644e-20
36.6803 	-0.483211 	0.461092 	1.75665 	1.85644e-20
36.7504 	-0.483211 	0.461092 	1.75665 	1.85644e-20
36.8206 	-0.483211 	0.461092 	1.75665 	1.85644e-20
36.8907 	-0.483211 	0.461092 	1.75665 	1.85644e-20
36.9608 	-0.483211 	0.461092 	1.75665 	1.85644e-20
37.031 	-0.483211 	0.461092 	1.75665 	1.85644e-20
37.1011 	-0.475925 	0.453231 	1.75008 	0
37.1712 	-0.475925 	0.453231 	1.75008 	0
37.2414 	-0.475925 	0.453231 	1.75008 	0
37.3115 	-0.475925 	0.453231 	1.75008 	0
37.3816 	-0.475925 	0.453231 	1.75008 	0
37.4518 	-0.475925 	0.453231 	1.75008 	0
37.5219 	-0.475925 	0.453231 	1.75008 	0
37.592 	-0.475925 	0.453231 	1.75008 	0
37.6622 	-0.468277 	0.44373 	1.745 	0
37.7323 	-0.468277 	0.44373 	1.745 	0
37.8024 	-0.468277 	0.44373 	1.745 	0
37.8726 	-0.468277 	0.44373 	1.745 	0
37.9427 	-0.468277 	0.44373 	1.745 	0
38.0128 	-0.468277 	0.44373 	1.745 	0
38.083 	-0.468277 	0.44373 	1.745 	0
38.1531 	-0.468277 	0.44373 	1.745 	0
38.2232 	-0.468277 	0.44373 	1.745 	0
38.2934 	-0.460836 	0.432336 	1.73992 	0
38.3635 	-0.460836 	0.432336 	1.73992 	0
38.4336 	-0.460836 	0.432336 	1.73992 	0
38.5038 	-0.460836 	0.432336 	1.73992 	0
38.5739 	-0.460836 	0.432336 	1.73992 	0
38.644 	-0.460836 	0.432336 	1.73992 	0
38.7142 	-0.460836 	0.432336 	1.73992 	0
38.7843 	-0.460836 	0.432336 	1.73992 	0
38.8545 	-0.460836 	0.432336 	1.73992 	0
38.9246 	-0.453494 	0.418486 	1.73503 	0
38.9947 	-0.453494 	0.418486 	1.73503 	0
39.0649 	-0.453494 	0.418486 	1.73503 	0
39.135 	-0.453494 	0.418486 	1.73503 	0
39.2051 	-0.453494 	0.418486 	1.73503 	0
39.2753 	-0.453494 	0.418486 	1.73503 	0
39.3454 	-0.453494 	0.418486 	1.73503 	0
39.4155 	-0.453494 	0.418486 	1.73503 	0
39.4857 	-0.453494 	0.418486 	1.73503 	0
39.5558 	-0.44499 	0.404315 	1.72918 	0
39.6259 	-0.44499 	0.404315 	1.72918 	0
39.6961 	-0.44499 	0.404315 	1.72918 	0
39.7662 	-0.44499 	0.404315 	1.72918 	0
39.8363 	-0.44499 	0.404315 	1.72918 	0
39.9065 	-0.44499 	0.404315 	1.72918 	0
39.9766 	-0.44499 	0.404315 	1.72918 	0
40.0467 	-0.44499 	0.404315 	1.72918 	0
40.1169 	-0.435131 	0.389205 	1.72285 	0
40.187 	-0.435131 	0.389205 	1.72285 	0
40.2571 	-0.435131 	0.389205 	1.72285 	0
40.3273 	-0.435131 	0.389205 	1.72285 	0
40.3974 	-0.435131 	0.389205 	1.72285 	0
40.4675 	-0.435131 	0.389205 	1.72285 	0
40.5377 	-0.435131 	0.389205 	1.72285 	0
40.6078 	-0.435131 	0.389205 	1.72285 	0
40.6779 	-0.435131 	0.389205 	1.72285 	0
40.7481 	-0.425086 	0.371491 	1.71729 	0
40.8182 	-0.425086 	0.371491 	1.71729 	0
40.8883 	-0.425086 	0.371491 	1.71729 	0
40.9585 	-0.425086 	0.371491 	1.71729 	0
41.0286 	-0.425086 	0.371491 	1.71729 	0
41.0988 	-0.425086 	0.371491 	1.71729 	0
41.1689 	-0.425086 	0.371491 	1.71729 	0
41.239 	-0.425086 	0.371491 	1.71729 	0
41.3092 	-0.425086 	0.371491 	1.71729 	0
41.3793 	-0.416041 	0.351544 	1.71329 	0
41.4494 	-0.416041 	0.351544 	1.71329 	0
41.5196 	-0.416041 	0.351544 	1.71329 	0
41.5897 	-0.416041 	0.351544 	1.71329 	0
41.6598 	-0.416041 	0.351544 	1.71329 	0
41.73 	-0.416041 	0.351544 	1.71329 	0
41.8001 	-0.416041 	0.351544 	1.71329 	0
41.8702 	-0.416041 	0.351544 	1.71329 	0
41.9404 	-0.416041 	0.351544 	1.71329 	0
42.0105 	-0.408696 	0.330188 	1.71134 	0
42.0806 	-0.408696 	0.330188 	1.71134 	0
42.1508 	-0.408696 	0.330188 	1.71134 	0
42.2209 	-0.408696 	0.330188 	1.71134 	0
42.291 	-0.408696 	0.330188 	1.71134 	0
42.3612 	-0.408696 	0.330188 	1.71134 	0
42.4313 	-0.408696 	0.330188 	1.71134 	0
42.5014 	-0.408696 	0.330188 	1.71134 	0
42.5716 	-0.408696 	0.330188 	1.71134 	0
42.6417 	-0.40265 	0.308105 	1.71076 	0
42.7118 	-0.40265 	0.308105 	1.71076 	0
42.782 	-0.40265 	0.308105 	1.71076 	0
42.8521 	-0.40265 	0.308105 	1.71076 	0
42.9222 	-0.40265 	0.308105 	1.71076 	0
42.9924 	-0.40265 	0.308105 	1.71076 	0
43.0625 	-0.40265 	0.308105 	1.71076 	0
43.1327 	-0.40265 	0.308105 	1.71076 	0
43.2028 	-0.397671 	0.285764 	1.71053 	0
43.2729 	-0.397671 	0.285764 	1.71053 	0
43.3431 	-0.397671 	0.285764 	1.71053 	0
43.4132 	-0.397671 	0.285764 	1.71053 	0
43.4833 	-0.397671 	0.285764 	1.71053 	0
43.5535 	-0.397671 	0.285764 	1.71053 	0
43.6236 	-0.397671 	0.285764 	1.71053 	0
43.6937 	-0.397671 	0.285764 	1.71053 	0
43.7639 	-0.397671 	0.285764 	1.71053 	0
43.834 	-0.394836 	0.263819 	1.71162 	0
43.9041 	-0.394836 	0.263819 	1.71162 	0
43.9743 	-0.394836 	0.263819 	1.71162 	0
44.0444 	-0.394836 	0.263819 	1.71162 	0
44.1145 	-0.394836 	0.263819 	1.71162 	0
44.1847 	-0.394836 	0.263819 	1.71162 	0
44.2548 	-0.394836 	0.263819 	1.71162 	0
44.3249 	-0.394836 	0.263819 	1.71162 	0
44.3951 	-0.394836 	0.263819 	1.71162 	0
44.4652 	-0.394781 	0.242117 	1.71415 	0
44.5353 	-0.394781 	0.242117 	1.71415 	0
44.6055 	-0.394781 	0.242117 	1.71415 	0
44.6756 	-0.394781 	0.242117 	1.71415 	0
44.7457 	-0.394781 	0.242117 	1.71415 	0
44.8159 	-0.394781 	0.242117 	1.71415 	0
44.886 	-0.394781 	0.242117 	1.71415 	0
44.9561 	-0.394781 	0.242117 	1.71415 	0
45.0263 	-0.394781 	0.242117 	1.71415 	0
45.0964 	-0.397271 	0.220382 	1.71842 	0
45.1665 	-0.397271 	0.220382 	1.71842 	0
45.2367 	-0.397271 	0.220382 	1.71842 	0
45.3068 	-0.397271 	0.220382 	1.71842 	0
45.377 	-0.397271 	0.220382 	1.71842 	0
45.4471 	-0.397271 	0.220382 	1.71842 	0
45.5172 	-0.397271 	0.220382 	1.71842 	0
45.5874 	-0.397271 	0.220382 	1.71842 	0
45.6575 	-0.401812 	0.198619 	1.72391 	0
45.7276 	-0.401812 	0.198619 	1.72391 	0
45.7978 	-0.401812 	0.198619 	1.72391 	0
45.8679 	-0.401812 	0.198619 	1.72391 	0
45.938 	-0.401812 	0.198619 	1.72391 	0
46.0082 	-0.401812 	0.198619 	1.72391 	0
46.0783 	-0.401812 	0.198619 	1.72391 	0
46.1484 	-0.401812 	0.198619 	1.72391 	0
46.2186 	-0.401812 	0.198619 	1.72391 	0
46.2887 	-0.408048 	0.177021 	1.73042 	0
46.3588 	-0.408048 	0.177021 	1.73042 	0
46.429 	-0.408048 	0.177021 	1.73042 	0
46.4991 	-0.408048 	0.177021 	1.73042 	0
46.5692 	-0.408048 	0.177021 	1.73042 	0
46.6394 	-0.408048 	0.177021 	1.73042 	0
46.7095 	-0.408048 	0.177021 	1.73042 	0
46.7796 	-0.362352 	0.167067 	1.70617 	0
46.8498 	-0.362352 	0.167067 	1.70617 	0
46.9199 	-0.370555 	0.145635 	1.71255 	0
46.99 	-0.370555 	0.145635 	1.71255 	0
47.0602 	-0.370555 	0.145635 	1.71255 	0
47.1303 	-0.370555 	0.145635 	1.71255 	0
47.2004 	-0.370555 	0.145635 	1.71255 	0
47.2706 	-0.370555 	0.145635 	1.71255 	0
47.3407 	-0.370555 	0.145635 	1.71255 	0
47.4108 	-0.370555 	0.145635 	1.71255 	0
47.481 	-0.370555 	0.145635 	1.71255 	0
47.5511 	-0.379459 	0.124717 	1.71956 	0
47.6213 	-0.379459 	0.124717 	1.71956 	0
47.6914 	-0.379459 	0.124717 	1.71956 	0
47.7615 	-0.379459 	0.124717 	1.71956 	0
47.8317 	-0.379459 	0.124717 	1.71956 	0
47.9018 	-0.379459 	0.124717 	1.71956 	0
47.9719 	-0.379459 	0.124717 	1.71956 	0
48.0421 	-0.379459 	0.124717 	1.71956 	0
48.1122 	-0.379459 	0.124717 	1.71956 	0
48.1823 	-0.388306 	0.104218 	1.72623 	0
48.2525 	-0.388306 	0.104218 	1.72623 	0
48.3226 	-0.388306 	0.104218 	1.72623 	0
48.3927 	-0.388306 	0.104218 	1.72623 	0
48.4629 	-0.388306 	0.104218 	1.72623 	0
48.533 	-0.388306 	0.104218 	1.72623 	0
48.6031 	-0.388306 	0.104218 	1.72623 	0
48.6733 	-0.388306 	0.104218 	1.72623 	0
48.7434 	-0.396927 	0.0844223 	1.73191 	0
48.8135 	-0.396927 	0.0844223 	1.73191 	0
48.8837 	-0.396927 	0.0844223 	1.73191 	0
48.9538 	-0.396927 	0.0844223 	1.73191 	0
49.0239 	-0.396927 	0.0844223 	1.73191 	0
49.0941 	-0.396927 	0.0844223 	1.73191 	0
49.1642 	-0.396927 	0.0844223 	1.73191 	0
49.2343 	-0.396927 	0.0844223 	1.73191 	0
49.3045 	-0.396927 	0.0844223 	1.73191 	0
49.3746 	-0.40546 	0.0646252 	1.73768 	0
49.4447 	-0.40546 	0.0646252 	1.73768 	0
49.5149 	-0.40546 	0.0646252 	1.73768 	0
49.585 	-0.40546 	0.0646252 	1.73768 	0
49.6551 	-0.40546 	0.0646252 	1.73768 	0
49.7253 	-0.40546 	0.0646252 	1.73768 	0
49.7954 	-0.40546 	0.0646252 	1.73768 	0
49.8656 	-0.40546 	0.0646252 	1.73768 	0
49.9357 	-0.40546 	0.0646252 	1.73768 	0
50.0058 	-0.413097 	0.0455185 	1.74142 	0
50.076 	-0.413097 	0.0455185 	1.74142 	0
50.1461 	-0.413097 	0.0455185 	1.74142 	0
50.2162 	-0.413097 	0.0455185 	1.74142 	0
50.2864 	-0.413097 	0.0455185 	1.74142 	0
50.3565 	-0.413097 	0.0455185 	1.74142 	0
50.4266 	-0.413097 	0.0455185 	1.74142 	0
50.4968 	-0.413097 	0.0455185 	1.74142 	0
50.5669 	-0.413097 	0.0455185 	1.74142 	0
50.637 	-0.418741 	0.0253442 	1.74384 	0
50.7072 	-0.418741 	0.0253442 	1.74384 	0
50.7773 	-0.418741 	0.0253442 	1.74384 	0
50.8474 	-0.418741 	0.0253442 	1.74384 	0
50.9176 	-0.418741 	0.0253442 	1.74384 	0
50.9877 	-0.418741 	0.0253442 	1.74384 	0
51.0578 	-0.418741 	0.0253442 	1.74384 	0
51.128 	-0.418741 	0.0253442 	1.74384 	0
51.1981 	-0.418741 	0.0253442 	1.74384 	0
51.2682 	-0.421357 	0.00488459 	1.74292 	0
51.3384 	-0.421357 	0.00488459 	1.74292 	0
51.4085 	-0.421357 	0.00488459 	1.74292 	0
51.4786 	-0.421357 	0.00488459 	1.74292 	0
51.5488 	-0.421357 	0.00488459 	1.74292 	0
51.6189 	-0.421357 	0.00488459 	1.74292 	0
51.689 	-0.421357 	0.00488459 	1.74292 	0
51.7592 	-0.421357 	0.00488459 	1.74292 	0
51.8293 	-0.419861 	-0.0157698 	1.73894 	0
51.8994 	-0.419861 	-0.0157698 	1.73894 	0
51.9696 	-0.419861 	-0.0157698 	1.73894 	0
52.0397 	-0.419861 	-0.0157698 	1.73894 	0
52.1099 	-0.419861 	-0.0157698 	1.73894 	0
52.18 	-0.419861 	-0.0157698 	1.73894 	0
52.2501 	-0.419861 	-0.0157698 	1.73894 	0
52.3203 	-0.419861 	-0.0157698 	1.73894 	0
52.3904 	-0.419861 	-0.0157698 	1.73894 	0
52.4605 	-0.413224 	-0.0355196 	1.73086 	0
52.5307 	-0.413224 	-0.0355196 	1.73086 	0
52.6008 	-0.413224 	-0.0355196 	1.73086 	0
52.6709 	-0.413224 	-0.0355196 	1.73086 	0
52.7411 	-0.413224 	-0.0355196 	1.73086 	0
52.8112 	-0.413224 	-0.0355196 	1.73086 	0
52.8813 	-0.413224 	-0.0355196 	1.73086 	0
52.9515 	-0.413224 	-0.0355196 	1.73086 	0
53.0216 	-0.413224 	-0.0355196 	1.73086 	0
53.0917 	-0.400907 	-0.0542241 	1.71824 	0
53.1619 	-0.400907 	-0.0542241 	1.71824 	0
53.232 	-0.400907 	-0.0542241 	1.71824 	0
53.3021 	-0.400907 	-0.0542241 	1.71824 	0
53.3723 	-0.400907 	-0.0542241 	1.71824 	0
53.4424 	-0.400907 	-0.0542241 	1.71824 	0
53.5125 	-0.400907 	-0.0542241 	1.71824 	0
53.5827 	-0.400907 	-0.0542241 	1.71824 	0
53.6528 	-0.400907 	-0.0542241 	1.71824 	0
53.7229 	-0.383171 	-0.0706563 	1.70168 	0
53.7931 	-0.383171 	-0.0706563 	1.70168 	0
53.8632 	-0.383171 	-0.0706563 	1.70168 	0
53.9333 	-0.383171 	-0.0706563 	1.70168 	0
54.0035 	-0.383171 	-0.0706563 	1.70168 	0
54.0736 	-0.383171 	-0.0706563 	1.70168 	0
54.1437 	-0.383171 	-0.0706563 	1.70168 	0
54.2139 	-0.383171 	-0.0706563 	1.70168 	0
54.284 	-0.36128 	-0.0842573 	1.68068 	0
54.3542 	-0.36128 	-0.0842573 	1.68068 	0
54.4243 	-0.36128 	-0.0842573 	1.68068 	0
54.4944 	-0.36128 	-0.0842573 	1.68068 	0
54.5646 	-0.36128 	-0.0842573 	1.68068 	0
54.6347 	-0.36128 	-0.0842573 	1.68068 	0
54.7048 	-0.36128 	-0.0842573 	1.68068 	0
54.775 	-0.36128 	-0.0842573 	1.68068 	0
54.8451 	-0.36128 	-0.0842573 	1.68068 	0
54.9152 	-0.336532 	-0.0944202 	1.65817 	0
54.9854 	-0.336532 	-0.0944202 	1.65817 	0
55.0555 	-0.336532 	-0.0944202 	1.65817 	0
55.1256 	-0.336532 	-0.0944202 	1.65817 	0
55.1958 	-0.336532 	-0.0944202 	1.65817 	0
55.2659 	-0.336532 	-0.0944202 	1.65817 	0
55.336 	-0.336532 	-0.0944202 	1.65817 	0
55.4062 	-0.336532 	-0.0944202 	1.65817 	0
55.4763 	-0.336532 	-0.0944202 	1.65817 	0
55.5464 	-0.30971 	-0.101895 	1.63241 	0
55.6166 	-0.30971 	-0.101895 	1.63241 	0
55.6867 	-0.30971 	-0.101895 	1.63241 	0
55.7568 	-0.30971 	-0.101895 	1.63241 	0
55.827 	-0.30971 	-0.101895 	1.63241 	0
55.8971 	-0.30971 	-0.101895 	1.63241 	0
55.9672 	-0.30971 	-0.101895 	1.63241 	0
56.0374 	-0.30971 	-0.101895 	1.63241 	0
56.1075 	-0.30971 	-0.101895 	1.63241 	0
56.1776 	-0.281649 	-0.107017 	1.606 	0
56.2478 	-0.281649 	-0.107017 	1.606 	0
56.3179 	-0.281649 	-0.107017 	1.606 	0
56.3881 	-0.281649 	-0.107017 	1.606 	0
56.4582 	-0.281649 	-0.107017 	1.606 	0
56.5283 	-0.281649 	-0.107017 	1.606 	0
56.5985 	-0.281649 	-0.107017 	1.606 	0
56.6686 	-0.281649 	-0.107017 	1.606 	0
56.7387 	-0.281649 	-0.107017 	1.606 	0
56.8089 	-0.25361 	-0.109258 	1.57859 	0
56.879 	-0.25361 	-0.109258 	1.57859 	0
56.9491 	-0.25361 	-0.109258 	1.57859 	0
57.0193 	-0.25361 	-0.109258 	1.57859 	0
57.0894 	-0.25361 	-0.109258 	1.57859 	0
57.1595 	-0.25361 	-0.109258 	1.57859 	0
57.2297 	-0.25361 	-0.109258 	1.57859 	0
57.2998 	-0.25361 	-0.109258 	1.57859 	0
57.3699 	-0.226693 	-0.110843 	1.55241 	0
57.4401 	-0.226693 	-0.110843 	1.55241 	0
57.5102 	-0.226693 	-0.110843 	1.55241 	0
57.5803 	-0.226693 	-0.110843 	1.55241 	0
57.6505 	-0.226693 	-0.110843 	1.55241 	0
57.7206 	-0.226693 	-0.110843 	1.55241 	0
57.7907 	-0.226693 	-0.110843 	1.55241 	0
57.8609 	-0.226693 	-0.110843 	1.55241 	0
57.931 	-0.226693 	-0.110843 	1.55241 	0
58.0011 	-0.201139 	-0.110134 	1.52849 	0
58.0713 	-0.201139 	-0.110134 	1.52849 	0
58.1414 	-0.201139 	-0.110134 	1.52849 	0
58.2115 	-0.201139 	-0.110134 	1.52849 	0
58.2817 	-0.201139 	-0.110134 	1.52849 	0
58.3518 	-0.201139 	-0.110134 	1.52849 	0
58.4219 	-0.201139 	-0.110134 	1.52849 	0
58.4921 	-0.201139 	-0.110134 	1.52849 	0
58.5622 	-0.201139 	-0.110134 	1.52849 	0
58.6324 	-0.176844 	-0.110373 	1.50599 	0
58.7025 	-0.176844 	-0.110373 	1.50599 	0
58.7726 	-0.176844 	-0.110373 	1.50599 	0
58.8428 	-0.176844 	-0.110373 	1.50599 	0
58.9129 	-0.176844 	-0.110373 	1.50599 	0
58.983 	-0.176844 	-0.110373 	1.50599 	0
59.0532 	-0.176844 	-0.110373 	1.50599 	0
59.1233 	-0.176844 	-0.110373 	1.50599 	0
59.1934 	-0.176844 	-0.110373 	1.50599 	0
59.2636 	-0.153595 	-0.108676 	1.48849 	0
59.3337 	-0.153595 	-0.108676 	1.48849 	0
59.4038 	-0.153595 	-0.108676 	1.48849 	0
59.474 	-0.153595 	-0.108676 	1.48849 	0
59.5441 	-0.153595 	-0.108676 	1.48849 	0
59.6142 	-0.153595 	-0.108676 	1.48849 	0
59.6844 	-0.153595 	-0.108676 	1.48849 	0
59.7545 	-0.153595 	-0.108676 	1.48849 	0
59.8246 	-0.131432 	-0.106737 	1.47239 	0
59.8948 	-0.131432 	-0.106737 	1.47239 	0
59.9649 	-0.131432 	-0.106737 	1.47239 	0
60.035 	-0.131432 	-0.106737 	1.47239 	0
60.1052 	-0.131432 	-0.106737 	1.47239 	0
60.1753 	-0.131432 	-0.106737 	1.47239 	0
60.2454 	-0.131432 	-0.106737 	1.47239 	0
60.3156 	-0.131432 	-0.106737 	1.47239 	0
60.3857 	-0.131432 	-0.106737 	1.47239 	0
60.4558 	-0.1103 	-0.103658 	1.46188 	0
60.526 	-0.1103 	-0.103658 	1.46188 	0
60.5961 	-0.1103 	-0.103658 	1.46188 	0
60.6662 	-0.1103 	-0.103658 	1.46188 	0
60.7364 	-0.1103 	-0.103658 	1.46188 	0
60.8065 	-0.1103 	-0.103658 	1.46188 	0
60.8767 	-0.1103 	-0.103658 	1.46188 	0
60.9468 	-0.1103 	-0.103658 	1.46188 	0
61.0169 	-0.1103 	-0.103658 	1.46188 	0
61.0871 	-0.0901639 	-0.0984991 	1.45211 	0
61.1572 	-0.0901639 	-0.0984991 	1.45211 	0
61.2273 	-0.0901639 	-0.0984991 	1.45211 	0
61.2975 	-0.0901639 	-0.0984991 	1.45211 	0
61.3676 	-0.0901639 	-0.0984991 	1.45211 	0
61.4377 	-0.0901639 	-0.0984991 	1.45211 	0
61.5079 	-0.0901639 	-0.0984991 	1.45211 	0
61.578 	-0.0901639 	-0.0984991 	1.45211 	0
61.6481 	-0.0901639 	-0.0984991 	1.45211 	0
61.7183 	-0.0717795 	-0.0943092 	1.44655 	0
61.7884 	-0.0717795 	-0.0943092 	1.44655 	0
61.8585 	-0.0717795 	-0.0943092 	1.44655 	0
61.9287 	-0.0717795 	-0.0943092 	1.44655 	0
61.9988 	-0.0717795 	-0.0943092 	1.44655 	0
62.0689 	-0.0717795 	-0.0943092 	1.44655 	0
62.1391 	-0.0717795 	-0.0943092 	1.44655 	0
62.2092 	-0.0717795 	-0.0943092 	1.44655 	0
62.2793 	-0.0717795 	-0.0943092 	1.44655 	0
62.3495 	-0.0546838 	-0.0866615 	1.44277 	0
62.4196 	-0.0546838 	-0.0866615 	1.44277 	0
62.4897 	-0.0546838 	-0.0866615 	1.44277 	0
62.5599 	-0.0546838 	-0.0866615 	1.44277 	0
62.63 	-0.0546838 	-0.0866615 	1.44277 	0
62.7001 	-0.0546838 	-0.0866615 	1.44277 	0
62.7703 	-0.0546838 	-0.0866615 	1.44277 	0
62.8404 	-0.0546838 	-0.0866615 	1.44277 	0
62.9105 	-0.0398446 	-0.081078 	1.4399 	0
62.9807 	-0.0398446 	-0.081078 	1.4399 	0
63.0508 	-0.0398446 	-0.081078 	1.4399 	0
63.121 	-0.0398446 	-0.081078 	1.4399 	0
63.1911 	-0.0398446 	-0.081078 	1.4399 	0
63.2612 	-0.0398446 	-0.081078 	1.4399 	0
63.3314 	-0.0398446 	-0.081078 	1.4399 	0
63.4015 	-0.0398446 	-0.081078 	1.4399 	0
63.4716 	-0.0398446 	-0.081078 	1.4399 	0
63.5418 	-0.0270003 	-0.0719729 	1.44051 	0
63.6119 	-0.0270003 	-0.0719729 	1.44051 	0
63.682 	-0.0270003 	-0.0719729 	1.44051 	0
63.7522 	-0.0270003 	-0.0719729 	1.44051 	0
63.8223 	-0.0270003 	-0.0719729 	1.44051 	0
63.8924 	-0.0270003 	-0.0719729 	1.44051 	0
63.9626 	-0.0270003 	-0.0719729 	1.44051 	0
64.0327 	-0.0270003 	-0.0719729 	1.44051 	0
64.1028 	-0.0270003 	-0.0719729 	1.44051 	0
64.173 	-0.0165379 	-0.0648901 	1.43796 	0
64.2431 	-0.0165379 	-0.0648901 	1.43796 	0
64.3132 	-0.0165379 	-0.0648901 	1.43796 	0
64.3834 	-0.0165379 	-0.0648901 	1.43796 	0
64.4535 	-0.0165379 	-0.0648901 	1.43796 	0
64.5236 	-0.0165379 	-0.0648901 	1.43796 	0
64.5938 	-0.0165379 	-0.0648901 	1.43796 	0
64.6639 	-0.0165379 	-0.0648901 	1.43796 	0
64.734 	-0.0165379 	-0.0648901 	1.43796 	0
64.8042 	-0.0083022 	-0.0567245 	1.44037 	0
64.8743 	-0.0083022 	-0.0567245 	1.44037 	0
64.9444 	-0.0083022 	-0.0567245 	1.44037 	0
65.0146 	-0.0083022 	-0.0567245 	1.44037 	0
65.0847 	-0.0083022 	-0.0567245 	1.44037 	0
65.1548 	-0.0083022 	-0.0567245 	1.44037 	0
65.225 	-0.0083022 	-0.0567245 	1.44037 	0
65.2951 	-0.00707321 	-0.0560352 	1.49389 	0
65.3653 	-0.00707321 	-0.0560352 	1.49389 	0
65.4354 	0.000376369 	-0.0455383 	1.49054 	0
65.5055 	0.000376369 	-0.0455383 	1.49054 	0
65.5757 	0.000376369 	-0.0455383 	1.49054 	0
65.6458 	0.000376369 	-0.0455383 	1.49054 	0
65.7159 	0.000376369 	-0.0455383 	1.49054 	0
65.7861 	0.000376369 	-0.0455383 	1.49054 	0
65.8562 	0.000376369 	-0.0455383 	1.49054 	0
65.9263 	0.000376369 	-0.0455383 	1.49054 	0
65.9965 	0.00477294 	-0.0387203 	1.49188 	0
66.0666 	0.00477294 	-0.0387203 	1.49188 	0
66.1367 	0.00477294 	-0.0387203 	1.49188 	0
66.2069 	0.00477294 	-0.0387203 	1.49188 	0
66.277 	0.00477294 	-0.0387203 	1.49188 	0
66.3471 	0.00477294 	-0.0387203 	1.49188 	0
66.4173 	0.00477294 	-0.0387203 	1.49188 	0
66.4874 	0.00477294 	-0.0387203 	1.49188 	0
66.5575 	0.00477294 	-0.0387203 	1.49188 	0
66.6277 	0.00753434 	-0.0252665 	1.48952 	0
66.6978 	0.00753434 	-0.0252665 	1.48952 	0
66.7679 	0.00753434 	-0.0252665 	1.48952 	0
66.8381 	0.00753434 	-0.0252665 	1.48952 	0
66.9082 	0.00753434 	-0.0252665 	1.48952 	0
66.9783 	0.00753434 	-0.0252665 	1.48952 	0
67.0485 	0.00753434 	-0.0252665 	1.48952 	0
67.1186 	0.00753434 	-0.0252665 	1.48952 	0
67.1887 	0.00753434 	-0.0252665 	1.48952 	0
67.2589 	0.00773744 	-0.0190754 	1.48495 	0
67.329 	0.00773744 	-0.0190754 	1.48495 	0
67.3991 	0.00773744 	-0.0190754 	1.48495 	0
67.4693 	0.00773744 	-0.0190754 	1.48495 	0
67.5394 	0.00773744 	-0.0190754 	1.48495 	0
67.6096 	0.00773744 	-0.0190754 	1.48495 	0
67.6797 	0.00773744 	-0.0190754 	1.48495 	0
67.7498 	0.00773744 	-0.0190754 	1.48495 	0
67.82 	0.00773744 	-0.0190754 	1.48495 	0
67.8901 	0.00598511 	-0.0063361 	1.48453 	0
67.9602 	0.00598511 	-0.0063361 	1.48453 	0
68.0304 	0.00598511 	-0.0063361 	1.48453 	0
68.1005 	0.00598511 	-0.0063361 	1.48453 	0
68.1706 	0.00598511 	-0.0063361 	1.48453 	0
68.2408 	0.00598511 	-0.0063361 	1.48453 	0
68.3109 	0.00598511 	-0.0063361 	1.48453 	0
68.381 	0.00598511 	-0.0063361 	1.48453 	0
68.4512 	0.00238933 	0.00240686 	1.47067 	0
68.5213 	0.00238933 	0.00240686 	1.47067 	0
68.5914 	0.00238933 	0.00240686 	1.47067 	0
68.6616 	0.00238933 	0.00240686 	1.47067 	0
68.7317 	0.00238933 	0.00240686 	1.47067 	0
68.8018 	0.00238933 	0.00240686 	1.47067 	0
68.872 	0.00238933 	0.00240686 	1.47067 	0
68.9421 	0.00238933 	0.00240686 	1.47067 	0
69.0122 	0.00238933 	0.00240686 	1.47067 	0
