0.490941 	2.1647 	0.00437364 	3.00031 	-3.06883e-20
0.561075 	2.1647 	0.00437364 	3.00031 	-3.06883e-20
0.63121 	2.1647 	0.00437364 	3.00031 	-3.06883e-20
0.701344 	2.1647 	0.00437364 	3.00031 	-3.06883e-20
0.771478 	2.1647 	0.00437364 	3.00031 	-3.06883e-20
0.841613 	2.1647 	0.00437364 	3.00031 	-3.06883e-20
0.911747 	2.13967 	0.0144592 	3.00803 	-7.07577e-20
0.981881 	2.13967 	0.0144592 	3.00803 	-7.07577e-20
1.05202 	2.13967 	0.0144592 	3.00803 	-7.07577e-20
1.12215 	2.13967 	0.0144592 	3.00803 	-7.07577e-20
1.19228 	2.13967 	0.0144592 	3.00803 	-7.07577e-20
1.26242 	2.13967 	0.0144592 	3.00803 	-7.07577e-20
1.33255 	2.09572 	0.0193315 	3.02328 	7.07091e-20
1.40269 	2.09572 	0.0193315 	3.02328 	7.07091e-20
1.47282 	2.09572 	0.0193315 	3.02328 	7.07091e-20
1.54296 	2.09572 	0.0193315 	3.02328 	7.07091e-20
1.61309 	2.09572 	0.0193315 	3.02328 	7.07091e-20
1.68323 	2.09572 	0.0193315 	3.02328 	7.07091e-20
1.75336 	2.03539 	0.0246819 	3.04253 	3.39046e-20
1.82349 	2.03539 	0.0246819 	3.04253 	3.39046e-20
1.89363 	2.03539 	0.0246819 	3.04253 	3.39046e-20
1.96376 	2.03539 	0.0246819 	3.04253 	3.39046e-20
2.0339 	2.03539 	0.0246819 	3.04253 	3.39046e-20
2.10403 	2.03539 	0.0246819 	3.04253 	3.39046e-20
2.17417 	1.9641 	0.0242391 	3.06665 	0
2.2443 	1.9641 	0.0242391 	3.06665 	0
2.31443 	1.9641 	0.0242391 	3.06665 	0
2.38457 	1.9641 	0.0242391 	3.06665 	0
2.4547 	1.9641 	0.0242391 	3.06665 	0
2.52484 	1.9641 	0.0242391 	3.06665 	0
2.59497 	1.88776 	0.0255821 	3.09075 	-1.54733e-19
2.66511 	1.88776 	0.0255821 	3.09075 	-1.54733e-19
2.73524 	1.88776 	0.0255821 	3.09075 	-1.54733e-19
2.80538 	1.88776 	0.0255821 	3.09075 	-1.54733e-19
2.87551 	1.88776 	0.0255821 	3.09075 	-1.54733e-19
2.94564 	1.88776 	0.0255821 	3.09075 	-1.54733e-19
3.01578 	1.8114 	0.0233212 	3.11623 	1.23184e-19
3.08591 	1.8114 	0.0233212 	3.11623 	1.23184e-19
3.15605 	1.8114 	0.0233212 	3.11623 	1.23184e-19
3.22618 	1.8114 	0.0233212 	3.11623 	1.23184e-19
3.29632 	1.8114 	0.0233212 	3.11623 	1.23184e-19
3.36645 	1.8114 	0.0233212 	3.11623 	1.23184e-19
3.43659 	1.73691 	0.0248788 	3.13929 	-2.2635e-19
3.50672 	1.73691 	0.0248788 	3.13929 	-2.2635e-19
3.57685 	1.73691 	0.0248788 	3.13929 	-2.2635e-19
3.64699 	1.73691 	0.0248788 	3.13929 	-2.2635e-19
3.71712 	1.73691 	0.0248788 	3.13929 	-2.2635e-19
3.78726 	1.72903 	0.0140516 	3.13812 	-2.51344e-19
3.85739 	1.65582 	0.0119168 	3.16275 	4.63333e-19
3.92753 	1.65582 	0.0119168 	3.16275 	4.63333e-19
3.99766 	1.65582 	0.0119168 	3.16275 	4.63333e-19
4.06779 	1.65582 	0.0119168 	3.16275 	4.63333e-19
4.13793 	1.65582 	0.0119168 	3.16275 	4.63333e-19
4.20806 	1.65582 	0.0119168 	3.16275 	4.63333e-19
4.2782 	1.5846 	0.0142126 	3.18387 	-2.65457e-19
4.34833 	1.5846 	0.0142126 	3.18387 	-2.65457e-19
4.41847 	1.5846 	0.0142126 	3.18387 	-2.65457e-19
4.4886 	1.5846 	0.0142126 	3.18387 	-2.65457e-19
4.55874 	1.5846 	0.0142126 	3.18387 	-2.65457e-19
4.62887 	1.5846 	0.0142126 	3.18387 	-2.65457e-19
4.699 	1.5846 	0.0142126 	3.18387 	-2.65457e-19
4.76914 	1.51518 	0.0118406 	3.20709 	-1.95005e-19
4.83927 	1.51518 	0.0118406 	3.20709 	-1.95005e-19
4.90941 	1.51518 	0.0118406 	3.20709 	-1.95005e-19
4.97954 	1.51518 	0.0118406 	3.20709 	-1.95005e-19
5.04968 	1.51518 	0.0118406 	3.20709 	-1.95005e-19
5.11981 	1.51518 	0.0118406 	3.20709 	-1.95005e-19
5.18994 	1.44746 	0.0138882 	3.2267 	1.71206e-19
5.26008 	1.44746 	0.0138882 	3.2267 	1.71206e-19
5.33021 	1.44746 	0.0138882 	3.2267 	1.71206e-19
5.40035 	1.44746 	0.0138882 	3.2267 	1.71206e-19
5.47048 	1.44746 	0.0138882 	3.2267 	1.71206e-19
5.54062 	1.44746 	0.0138882 	3.2267 	1.71206e-19
5.61075 	1.38233 	0.0112023 	3.24844 	-3.32865e-19
5.68089 	1.38233 	0.0112023 	3.24844 	-3.32865e-19
5.75102 	1.38233 	0.0112023 	3.24844 	-3.32865e-19
5.82115 	1.38233 	0.0112023 	3.24844 	-3.32865e-19
5.89129 	1.38233 	0.0112023 	3.24844 	-3.32865e-19
5.96142 	1.38233 	0.0112023 	3.24844 	-3.32865e-19
6.03156 	1.32038 	0.0134187 	3.26589 	3.55289e-19
6.10169 	1.32038 	0.0134187 	3.26589 	3.55289e-19
6.17183 	1.32038 	0.0134187 	3.26589 	3.55289e-19
6.24196 	1.32038 	0.0134187 	3.26589 	3.55289e-19
6.3121 	1.32038 	0.0134187 	3.26589 	3.55289e-19
6.38223 	1.32038 	0.0134187 	3.26589 	3.55289e-19
6.45236 	1.26244 	0.0109155 	3.28533 	2.0654e-20
6.5225 	1.26244 	0.0109155 	3.28533 	2.0654e-20
6.59263 	1.26244 	0.0109155 	3.28533 	2.0654e-20
6.66277 	1.26244 	0.0109155 	3.28533 	2.0654e-20
6.7329 	1.26244 	0.0109155 	3.28533 	2.0654e-20
6.80304 	1.26244 	0.0109155 	3.28533 	2.0654e-20
6.87317 	1.20859 	0.0136938 	3.29997 	-1.97604e-20
6.9433 	1.20859 	0.0136938 	3.29997 	-1.97604e-20
7.01344 	1.20859 	0.0136938 	3.29997 	-1.97604e-20
7.08357 	1.20859 	0.0136938 	3.29997 	-1.97604e-20
7.15371 	1.20859 	0.0136938 	3.29997 	-1.97604e-20
7.22384 	1.20859 	0.0136938 	3.29997 	-1.97604e-20
7.29398 	1.15899 	0.0115296 	3.31688 	0
7.36411 	1.15899 	0.0115296 	3.31688 	0
7.43425 	1.15899 	0.0115296 	3.31688 	0
7.50438 	1.15899 	0.0115296 	3.31688 	0
7.57451 	1.15899 	0.0115296 	3.31688 	0
7.64465 	1.15899 	0.0115296 	3.31688 	0
7.71478 	1.15899 	0.0115296 	3.31688 	0
7.78492 	1.11315 	0.0149115 	3.32878 	0
7.85505 	1.11315 	0.0149115 	3.32878 	0
7.92519 	1.11315 	0.0149115 	3.32878 	0
7.99532 	1.11315 	0.0149115 	3.32878 	0
8.06545 	1.11315 	0.0149115 	3.32878 	0
8.13559 	1.11315 	0.0149115 	3.32878 	0
8.20572 	1.07088 	0.0130704 	3.34355 	0
8.27586 	1.07088 	0.0130704 	3.34355 	0
8.34599 	1.07088 	0.0130704 	3.34355 	0
8.41613 	1.07088 	0.0130704 	3.34355 	0
8.48626 	1.07088 	0.0130704 	3.34355 	0
8.5564 	1.07088 	0.0130704 	3.34355 	0
8.62653 	1.03149 	0.0171839 	3.35323 	2.13819e-22
8.69666 	1.03149 	0.0171839 	3.35323 	2.13819e-22
8.7668 	1.03149 	0.0171839 	3.35323 	2.13819e-22
8.83693 	1.03149 	0.0171839 	3.35323 	2.13819e-22
8.90707 	1.03149 	0.0171839 	3.35323 	2.13819e-22
8.9772 	1.03149 	0.0171839 	3.35323 	2.13819e-22
9.04734 	0.994783 	0.0158318 	3.36646 	-2.4047e-19
9.11747 	0.994783 	0.0158318 	3.36646 	-2.4047e-19
9.18761 	0.994783 	0.0158318 	3.36646 	-2.4047e-19
9.25774 	0.980729 	0.0117817 	3.36905 	-2.53918e-20
9.32787 	0.980729 	0.0117817 	3.36905 	-2.53918e-20
9.39801 	0.980729 	0.0117817 	3.36905 	-2.53918e-20
9.46814 	0.980729 	0.0117817 	3.36905 	-2.53918e-20
9.53828 	0.945251 	0.0179335 	3.37778 	-2.49138e-19
9.60841 	0.945251 	0.0179335 	3.37778 	-2.49138e-19
9.67855 	0.945251 	0.0179335 	3.37778 	-2.49138e-19
9.74868 	0.945251 	0.0179335 	3.37778 	-2.49138e-19
9.81881 	0.945251 	0.0179335 	3.37778 	-2.49138e-19
9.88895 	0.945251 	0.0179335 	3.37778 	-2.49138e-19
9.95908 	0.911394 	0.0175469 	3.3898 	-1.48633e-20
10.0292 	0.911394 	0.0175469 	3.3898 	-1.48633e-20
10.0994 	0.911394 	0.0175469 	3.3898 	-1.48633e-20
10.1695 	0.911394 	0.0175469 	3.3898 	-1.48633e-20
10.2396 	0.911394 	0.0175469 	3.3898 	-1.48633e-20
10.3098 	0.911394 	0.0175469 	3.3898 	-1.48633e-20
10.3799 	0.878636 	0.0255135 	3.39742 	2.23073e-19
10.45 	0.878636 	0.0255135 	3.39742 	2.23073e-19
10.5202 	0.878636 	0.0255135 	3.39742 	2.23073e-19
10.5903 	0.878636 	0.0255135 	3.39742 	2.23073e-19
10.6604 	0.878636 	0.0255135 	3.39742 	2.23073e-19
10.7306 	0.878636 	0.0255135 	3.39742 	2.23073e-19
10.8007 	0.846846 	0.0267964 	3.40901 	-2.36865e-19
10.8708 	0.846846 	0.0267964 	3.40901 	-2.36865e-19
10.941 	0.846846 	0.0267964 	3.40901 	-2.36865e-19
11.0111 	0.846846 	0.0267964 	3.40901 	-2.36865e-19
11.0812 	0.846846 	0.0267964 	3.40901 	-2.36865e-19
11.1514 	0.846846 	0.0267964 	3.40901 	-2.36865e-19
11.2215 	0.846846 	0.0267964 	3.40901 	-2.36865e-19
11.2916 	0.815463 	0.0377163 	3.41586 	-4.13222e-19
11.3618 	0.815463 	0.0377163 	3.41586 	-4.13222e-19
11.4319 	0.815463 	0.0377163 	3.41586 	-4.13222e-19
11.502 	0.815463 	0.0377163 	3.41586 	-4.13222e-19
11.5722 	0.815463 	0.0377163 	3.41586 	-4.13222e-19
11.6423 	0.815463 	0.0377163 	3.41586 	-4.13222e-19
11.7124 	0.784152 	0.0418943 	3.4275 	3.99965e-19
11.7826 	0.784152 	0.0418943 	3.4275 	3.99965e-19
11.8527 	0.784152 	0.0418943 	3.4275 	3.99965e-19
11.9228 	0.784152 	0.0418943 	3.4275 	3.99965e-19
11.993 	0.784152 	0.0418943 	3.4275 	3.99965e-19
12.0631 	0.784152 	0.0418943 	3.4275 	3.99965e-19
12.1332 	0.752036 	0.0575369 	3.43418 	0
12.2034 	0.752036 	0.0575369 	3.43418 	0
12.2735 	0.752036 	0.0575369 	3.43418 	0
12.3437 	0.752036 	0.0575369 	3.43418 	0
12.4138 	0.752036 	0.0575369 	3.43418 	0
12.4839 	0.752036 	0.0575369 	3.43418 	0
12.5541 	0.752036 	0.0575369 	3.43418 	0
12.6242 	0.71855 	0.0657727 	3.44647 	-1.12348e-20
12.6943 	0.71855 	0.0657727 	3.44647 	-1.12348e-20
12.7645 	0.71855 	0.0657727 	3.44647 	-1.12348e-20
12.8346 	0.71855 	0.0657727 	3.44647 	-1.12348e-20
12.9047 	0.71855 	0.0657727 	3.44647 	-1.12348e-20
12.9749 	0.71855 	0.0657727 	3.44647 	-1.12348e-20
13.045 	0.682896 	0.0882307 	3.45376 	1.1315e-20
13.1151 	0.682896 	0.0882307 	3.45376 	1.1315e-20
13.1853 	0.682896 	0.0882307 	3.45376 	1.1315e-20
13.2554 	0.682896 	0.0882307 	3.45376 	1.1315e-20
13.3255 	0.682896 	0.0882307 	3.45376 	1.1315e-20
13.3957 	0.682896 	0.0882307 	3.45376 	1.1315e-20
13.4658 	0.682896 	0.0882307 	3.45376 	1.1315e-20
13.5359 	0.645045 	0.101417 	3.46711 	0
13.6061 	0.645045 	0.101417 	3.46711 	0
13.6762 	0.645045 	0.101417 	3.46711 	0
13.7463 	0.645045 	0.101417 	3.46711 	0
13.8165 	0.645045 	0.101417 	3.46711 	0
13.8866 	0.645045 	0.101417 	3.46711 	0
13.9567 	0.605378 	0.145445 	3.47816 	7.81912e-22
14.0269 	0.605378 	0.145445 	3.47816 	7.81912e-22
14.097 	0.605378 	0.145445 	3.47816 	7.81912e-22
14.1671 	0.605378 	0.145445 	3.47816 	7.81912e-22
14.2373 	0.605378 	0.145445 	3.47816 	7.81912e-22
14.3074 	0.605378 	0.145445 	3.47816 	7.81912e-22
14.3776 	0.589787 	0.143795 	3.48174 	1.19048e-19
14.4477 	0.493964 	0.146921 	3.508 	-1.71632e-20
14.5178 	0.493964 	0.146921 	3.508 	-1.71632e-20
14.588 	0.493964 	0.146921 	3.508 	-1.71632e-20
14.6581 	0.51432 	0.159881 	3.50085 	0
14.7282 	0.51432 	0.159881 	3.50085 	0
14.7984 	0.433676 	0.174705 	3.5239 	-1.76897e-19
14.8685 	0.464493 	0.19741 	3.51371 	-1.79299e-19
14.9386 	0.464493 	0.19741 	3.51371 	-1.79299e-19
15.0088 	0.464493 	0.19741 	3.51371 	-1.79299e-19
15.0789 	0.464493 	0.19741 	3.51371 	-1.79299e-19
15.149 	0.503004 	0.213936 	3.50278 	1.76908e-19
15.2192 	0.409733 	0.231515 	3.53656 	1.52082e-19
15.2893 	0.409733 	0.231515 	3.53656 	1.52082e-19
15.3594 	0.409733 	0.231515 	3.53656 	1.52082e-19
15.4296 	0.448451 	0.251934 	3.51569 	-5.13285e-19
15.4997 	0.448451 	0.251934 	3.51569 	-5.13285e-19
15.5698 	0.355576 	0.267735 	3.54381 	2.7117e-19
15.64 	0.355576 	0.267735 	3.54381 	2.7117e-19
15.7101 	0.355576 	0.267735 	3.54381 	2.7117e-19
15.7802 	0.399199 	0.285202 	3.53536 	-4.52077e-19
15.8504 	0.399199 	0.285202 	3.53536 	-4.52077e-19
15.9205 	0.306335 	0.305077 	3.55107 	-1.27924e-19
15.9906 	0.306335 	0.305077 	3.55107 	-1.27924e-19
16.0608 	0.306335 	0.305077 	3.55107 	-1.27924e-19
16.1309 	0.360754 	0.330022 	3.53062 	0
16.201 	0.360754 	0.330022 	3.53062 	0
16.2712 	0.267841 	0.343607 	3.56291 	0
16.3413 	0.267841 	0.343607 	3.56291 	0
16.4114 	0.267841 	0.343607 	3.56291 	0
16.4816 	0.267841 	0.343607 	3.56291 	0
16.5517 	0.339057 	0.359788 	3.53937 	-1.83505e-19
16.6219 	0.250483 	0.395102 	3.55879 	5.47483e-20
16.692 	0.250483 	0.395102 	3.55879 	5.47483e-20
16.7621 	0.250483 	0.395102 	3.55879 	5.47483e-20
16.8323 	0.250483 	0.395102 	3.55879 	5.47483e-20
16.9024 	0.250483 	0.395102 	3.55879 	5.47483e-20
16.9725 	0.259247 	0.435322 	3.55085 	0
17.0427 	0.259247 	0.435322 	3.55085 	0
17.1128 	0.259247 	0.435322 	3.55085 	0
17.1829 	0.259247 	0.435322 	3.55085 	0
17.2531 	0.182851 	0.463685 	3.5702 	0
17.3232 	0.182851 	0.463685 	3.5702 	0
17.3933 	0.182851 	0.463685 	3.5702 	0
17.4635 	0.287016 	0.487737 	3.55131 	1.71112e-19
17.5336 	0.287016 	0.487737 	3.55131 	1.71112e-19
17.6037 	0.219602 	0.508138 	3.55931 	0
17.6739 	0.219602 	0.508138 	3.55931 	0
17.744 	0.219602 	0.508138 	3.55931 	0
17.8141 	0.219602 	0.508138 	3.55931 	0
17.8843 	0.219602 	0.508138 	3.55931 	0
17.9544 	0.263235 	0.565907 	3.54862 	1.46759e-19
18.0245 	0.263235 	0.565907 	3.54862 	1.46759e-19
18.0947 	0.263235 	0.565907 	3.54862 	1.46759e-19
18.1648 	0.263235 	0.565907 	3.54862 	1.46759e-19
18.2349 	0.207661 	0.580555 	3.55882 	-2.16406e-19
18.3051 	0.207661 	0.580555 	3.55882 	-2.16406e-19
18.3752 	0.207661 	0.580555 	3.55882 	-2.16406e-19
18.4453 	0.207661 	0.580555 	3.55882 	-2.16406e-19
18.5155 	0.207661 	0.580555 	3.55882 	-2.16406e-19
18.5856 	0.248143 	0.623946 	3.54073 	-3.134e-19
18.6557 	0.248143 	0.623946 	3.54073 	-3.134e-19
18.7259 	0.248143 	0.623946 	3.54073 	-3.134e-19
18.796 	0.248143 	0.623946 	3.54073 	-3.134e-19
18.8662 	0.195835 	0.641356 	3.55228 	2.57839e-19
18.9363 	0.195835 	0.641356 	3.55228 	2.57839e-19
19.0064 	0.195835 	0.641356 	3.55228 	2.57839e-19
19.0766 	0.195835 	0.641356 	3.55228 	2.57839e-19
19.1467 	0.195835 	0.641356 	3.55228 	2.57839e-19
19.2168 	0.14622 	0.666963 	3.56926 	4.0421e-20
19.287 	0.238908 	0.667235 	3.52579 	1.79084e-19
19.3571 	0.238908 	0.667235 	3.52579 	1.79084e-19
19.4272 	0.238908 	0.667235 	3.52579 	1.79084e-19
19.4974 	0.238908 	0.667235 	3.52579 	1.79084e-19
19.5675 	0.188286 	0.688491 	3.54002 	3.10954e-20
19.6376 	0.188286 	0.688491 	3.54002 	3.10954e-20
19.7078 	0.188286 	0.688491 	3.54002 	3.10954e-20
19.7779 	0.188286 	0.688491 	3.54002 	3.10954e-20
19.848 	0.188286 	0.688491 	3.54002 	3.10954e-20
19.9182 	0.139661 	0.717235 	3.55815 	-7.42895e-20
19.9883 	0.139661 	0.717235 	3.55815 	-7.42895e-20
20.0584 	0.233481 	0.692594 	3.49068 	0
20.1286 	0.233481 	0.692594 	3.49068 	0
20.1987 	0.233481 	0.692594 	3.49068 	0
20.2688 	0.182597 	0.718222 	3.5166 	5.53845e-20
20.339 	0.182597 	0.718222 	3.5166 	5.53845e-20
20.4091 	0.182597 	0.718222 	3.5166 	5.53845e-20
20.4792 	0.182597 	0.718222 	3.5166 	5.53845e-20
20.5494 	0.182597 	0.718222 	3.5166 	5.53845e-20
20.6195 	0.132923 	0.751228 	3.5412 	-2.86003e-20
20.6896 	0.132923 	0.751228 	3.5412 	-2.86003e-20
20.7598 	0.132923 	0.751228 	3.5412 	-2.86003e-20
20.8299 	0.132923 	0.751228 	3.5412 	-2.86003e-20
20.9 	0.226961 	0.699847 	3.38578 	3.13632e-19
20.9702 	0.17618 	0.729046 	3.44415 	1.19902e-19
21.0403 	0.17618 	0.729046 	3.44415 	1.19902e-19
21.1105 	0.17618 	0.729046 	3.44415 	1.19902e-19
21.1806 	0.17618 	0.729046 	3.44415 	1.19902e-19
21.2507 	0.17618 	0.729046 	3.44415 	1.19902e-19
21.3209 	0.128397 	0.765175 	3.49124 	-8.44948e-20
21.391 	0.128397 	0.765175 	3.49124 	-8.44948e-20
21.4611 	0.128397 	0.765175 	3.49124 	-8.44948e-20
21.5313 	0.128397 	0.765175 	3.49124 	-8.44948e-20
21.6014 	0.128397 	0.765175 	3.49124 	-8.44948e-20
21.6715 	0.128397 	0.765175 	3.49124 	-8.44948e-20
21.7417 	0.084451 	0.788531 	3.51707 	8.83617e-21
21.8118 	0.084451 	0.788531 	3.51707 	8.83617e-21
21.8819 	0.084451 	0.788531 	3.51707 	8.83617e-21
21.9521 	0.163542 	0.719426 	3.24656 	4.22783e-20
22.0222 	0.163542 	0.719426 	3.24656 	4.22783e-20
22.0923 	0.125499 	0.7571 	3.33924 	1.12084e-19
22.1625 	0.125499 	0.7571 	3.33924 	1.12084e-19
22.2326 	0.125499 	0.7571 	3.33924 	1.12084e-19
22.3027 	0.125499 	0.7571 	3.33924 	1.12084e-19
22.3729 	0.125499 	0.7571 	3.33924 	1.12084e-19
22.443 	0.125499 	0.7571 	3.33924 	1.12084e-19
22.5131 	0.0834889 	0.785979 	3.40723 	-3.7174e-20
22.5833 	0.0834889 	0.785979 	3.40723 	-3.7174e-20
22.6534 	0.0834889 	0.785979 	3.40723 	-3.7174e-20
22.7235 	0.0834889 	0.785979 	3.40723 	-3.7174e-20
22.7937 	0.0834889 	0.785979 	3.40723 	-3.7174e-20
22.8638 	0.04002 	0.819058 	3.45976 	-5.11903e-20
22.9339 	0.04002 	0.819058 	3.45976 	-5.11903e-20
23.0041 	0.04002 	0.819058 	3.45976 	-5.11903e-20
23.0742 	0.080475 	0.709414 	2.90859 	8.97584e-20
23.1443 	0.080475 	0.709414 	2.90859 	8.97584e-20
23.2145 	0.080475 	0.709414 	2.90859 	8.97584e-20
23.2846 	0.0453149 	0.749471 	3.07066 	3.60694e-21
23.3548 	0.0453149 	0.749471 	3.07066 	3.60694e-21
23.4249 	0.0453149 	0.749471 	3.07066 	3.60694e-21
23.495 	0.0453149 	0.749471 	3.07066 	3.60694e-21
23.5652 	0.0453149 	0.749471 	3.07066 	3.60694e-21
23.6353 	0.0453149 	0.749471 	3.07066 	3.60694e-21
23.7054 	0.0126812 	0.782936 	3.18057 	7.05873e-21
23.7756 	0.0126812 	0.782936 	3.18057 	7.05873e-21
23.8457 	0.0126812 	0.782936 	3.18057 	7.05873e-21
23.9158 	0.0126812 	0.782936 	3.18057 	7.05873e-21
23.986 	0.0126812 	0.782936 	3.18057 	7.05873e-21
24.0561 	0.0126812 	0.782936 	3.18057 	7.05873e-21
24.1262 	-0.0206674 	0.814139 	3.27738 	0
24.1964 	-0.0206674 	0.814139 	3.27738 	0
24.2665 	-0.0206674 	0.814139 	3.27738 	0
24.3366 	-0.0206674 	0.814139 	3.27738 	0
24.4068 	-0.0206674 	0.814139 	3.27738 	0
24.4769 	-0.0077137 	0.66336 	2.46481 	7.42704e-21
24.547 	-0.0077137 	0.66336 	2.46481 	7.42704e-21
24.6172 	-0.0425579 	0.68488 	2.5585 	-5.5732e-20
24.6873 	-0.0425579 	0.68488 	2.5585 	-5.5732e-20
24.7574 	-0.0425579 	0.68488 	2.5585 	-5.5732e-20
24.8276 	-0.0425579 	0.68488 	2.5585 	-5.5732e-20
24.8977 	-0.0425579 	0.68488 	2.5585 	-5.5732e-20
24.9678 	-0.0425579 	0.68488 	2.5585 	-5.5732e-20
25.038 	-0.0751775 	0.730071 	2.74529 	1.59725e-20
25.1081 	-0.0751775 	0.730071 	2.74529 	1.59725e-20
25.1782 	-0.0751775 	0.730071 	2.74529 	1.59725e-20
25.2484 	-0.0751775 	0.730071 	2.74529 	1.59725e-20
25.3185 	-0.0751775 	0.730071 	2.74529 	1.59725e-20
25.3886 	-0.0751775 	0.730071 	2.74529 	1.59725e-20
25.4588 	-0.105387 	0.751053 	2.82435 	0
25.5289 	-0.105387 	0.751053 	2.82435 	0
25.5991 	-0.105387 	0.751053 	2.82435 	0
25.6692 	-0.105387 	0.751053 	2.82435 	0
25.7393 	-0.105387 	0.751053 	2.82435 	0
25.8095 	-0.105387 	0.751053 	2.82435 	0
25.8796 	-0.105387 	0.751053 	2.82435 	0
25.9497 	-0.134109 	0.791148 	2.97377 	-9.16155e-20
26.0199 	-0.134109 	0.791148 	2.97377 	-9.16155e-20
26.09 	-0.11991 	0.615642 	2.107 	-7.19678e-20
26.1601 	-0.11991 	0.615642 	2.107 	-7.19678e-20
26.2303 	-0.11991 	0.615642 	2.107 	-7.19678e-20
26.3004 	-0.11991 	0.615642 	2.107 	-7.19678e-20
26.3705 	-0.11991 	0.615642 	2.107 	-7.19678e-20
26.4407 	-0.148918 	0.628596 	2.15585 	1.88062e-19
26.5108 	-0.148918 	0.628596 	2.15585 	1.88062e-19
26.5809 	-0.148918 	0.628596 	2.15585 	1.88062e-19
26.6511 	-0.148918 	0.628596 	2.15585 	1.88062e-19
26.7212 	-0.148918 	0.628596 	2.15585 	1.88062e-19
26.7913 	-0.148918 	0.628596 	2.15585 	1.88062e-19
26.8615 	-0.148918 	0.628596 	2.15585 	1.88062e-19
26.9316 	-0.17755 	0.655012 	2.26738 	-1.27832e-19
27.0017 	-0.17755 	0.655012 	2.26738 	-1.27832e-19
27.0719 	-0.17755 	0.655012 	2.26738 	-1.27832e-19
27.142 	-0.17755 	0.655012 	2.26738 	-1.27832e-19
27.2121 	-0.17755 	0.655012 	2.26738 	-1.27832e-19
27.2823 	-0.17755 	0.655012 	2.26738 	-1.27832e-19
27.3524 	-0.206443 	0.666203 	2.31115 	-4.91436e-20
27.4225 	-0.206443 	0.666203 	2.31115 	-4.91436e-20
27.4927 	-0.206443 	0.666203 	2.31115 	-4.91436e-20
27.5628 	-0.206443 	0.666203 	2.31115 	-4.91436e-20
27.6329 	-0.206443 	0.666203 	2.31115 	-4.91436e-20
27.7031 	-0.206443 	0.666203 	2.31115 	-4.91436e-20
27.7732 	-0.206443 	0.666203 	2.31115 	-4.91436e-20
27.8434 	-0.206443 	0.666203 	2.31115 	-4.91436e-20
27.9135 	-0.232563 	0.689609 	2.41213 	-5.83671e-20
27.9836 	-0.232563 	0.689609 	2.41213 	-5.83671e-20
28.0538 	-0.232563 	0.689609 	2.41213 	-5.83671e-20
28.1239 	-0.232563 	0.689609 	2.41213 	-5.83671e-20
28.194 	-0.232563 	0.689609 	2.41213 	-5.83671e-20
28.2642 	-0.232563 	0.689609 	2.41213 	-5.83671e-20
28.3343 	-0.245031 	0.553124 	1.83943 	6.70336e-20
28.4044 	-0.27046 	0.552069 	1.85936 	-1.16676e-19
28.4746 	-0.27046 	0.552069 	1.85936 	-1.16676e-19
28.5447 	-0.27046 	0.552069 	1.85936 	-1.16676e-19
28.6148 	-0.27046 	0.552069 	1.85936 	-1.16676e-19
28.685 	-0.27046 	0.552069 	1.85936 	-1.16676e-19
28.7551 	-0.27046 	0.552069 	1.85936 	-1.16676e-19
28.8252 	-0.27046 	0.552069 	1.85936 	-1.16676e-19
28.8954 	-0.27046 	0.552069 	1.85936 	-1.16676e-19
28.9655 	-0.293855 	0.560424 	1.90346 	-1.3827e-19
29.0356 	-0.293855 	0.560424 	1.90346 	-1.3827e-19
29.1058 	-0.293855 	0.560424 	1.90346 	-1.3827e-19
29.1759 	-0.293855 	0.560424 	1.90346 	-1.3827e-19
29.246 	-0.293855 	0.560424 	1.90346 	-1.3827e-19
29.3162 	-0.293855 	0.560424 	1.90346 	-1.3827e-19
29.3863 	-0.293855 	0.560424 	1.90346 	-1.3827e-19
29.4564 	-0.316648 	0.555682 	1.91605 	1.28433e-19
29.5266 	-0.316648 	0.555682 	1.91605 	1.28433e-19
29.5967 	-0.316648 	0.555682 	1.91605 	1.28433e-19
29.6668 	-0.316648 	0.555682 	1.91605 	1.28433e-19
29.737 	-0.316648 	0.555682 	1.91605 	1.28433e-19
29.8071 	-0.316648 	0.555682 	1.91605 	1.28433e-19
29.8773 	-0.316648 	0.555682 	1.91605 	1.28433e-19
29.9474 	-0.316648 	0.555682 	1.91605 	1.28433e-19
30.0175 	-0.337558 	0.558131 	1.94683 	-1.46478e-19
30.0877 	-0.337558 	0.558131 	1.94683 	-1.46478e-19
30.1578 	-0.337558 	0.558131 	1.94683 	-1.46478e-19
30.2279 	-0.337558 	0.558131 	1.94683 	-1.46478e-19
30.2981 	-0.337558 	0.558131 	1.94683 	-1.46478e-19
30.3682 	-0.337558 	0.558131 	1.94683 	-1.46478e-19
30.4383 	-0.337558 	0.558131 	1.94683 	-1.46478e-19
30.5085 	-0.337558 	0.558131 	1.94683 	-1.46478e-19
30.5786 	-0.358378 	0.549828 	1.94912 	2.75787e-19
30.6487 	-0.358378 	0.549828 	1.94912 	2.75787e-19
30.7189 	-0.358378 	0.549828 	1.94912 	2.75787e-19
30.789 	-0.358378 	0.549828 	1.94912 	2.75787e-19
30.8591 	-0.358378 	0.549828 	1.94912 	2.75787e-19
30.9293 	-0.358378 	0.549828 	1.94912 	2.75787e-19
30.9994 	-0.358378 	0.549828 	1.94912 	2.75787e-19
31.0695 	-0.358378 	0.549828 	1.94912 	2.75787e-19
31.1397 	-0.376686 	0.545864 	1.96442 	-1.38585e-19
31.2098 	-0.376686 	0.545864 	1.96442 	-1.38585e-19
31.2799 	-0.376686 	0.545864 	1.96442 	-1.38585e-19
31.3501 	-0.376686 	0.545864 	1.96442 	-1.38585e-19
31.4202 	-0.376686 	0.545864 	1.96442 	-1.38585e-19
31.4903 	-0.376686 	0.545864 	1.96442 	-1.38585e-19
31.5605 	-0.394337 	0.503993 	1.75319 	2.41472e-19
31.6306 	-0.394337 	0.503993 	1.75319 	2.41472e-19
31.7007 	-0.410988 	0.499784 	1.75692 	-7.74148e-20
31.7709 	-0.410988 	0.499784 	1.75692 	-7.74148e-20
31.841 	-0.410988 	0.499784 	1.75692 	-7.74148e-20
31.9111 	-0.410988 	0.499784 	1.75692 	-7.74148e-20
31.9813 	-0.410988 	0.499784 	1.75692 	-7.74148e-20
32.0514 	-0.410988 	0.499784 	1.75692 	-7.74148e-20
32.1216 	-0.410988 	0.499784 	1.75692 	-7.74148e-20
32.1917 	-0.410988 	0.499784 	1.75692 	-7.74148e-20
32.2618 	-0.410988 	0.499784 	1.75692 	-7.74148e-20
32.332 	-0.425312 	0.495605 	1.76722 	0
32.4021 	-0.425312 	0.495605 	1.76722 	0
32.4722 	-0.425312 	0.495605 	1.76722 	0
32.5424 	-0.425312 	0.495605 	1.76722 	0
32.6125 	-0.425312 	0.495605 	1.76722 	0
32.6826 	-0.425312 	0.495605 	1.76722 	0
32.7528 	-0.425312 	0.495605 	1.76722 	0
32.8229 	-0.425312 	0.495605 	1.76722 	0
32.893 	-0.425312 	0.495605 	1.76722 	0
32.9632 	-0.437913 	0.490557 	1.76762 	0
33.0333 	-0.437913 	0.490557 	1.76762 	0
33.1034 	-0.437913 	0.490557 	1.76762 	0
33.1736 	-0.437913 	0.490557 	1.76762 	0
33.2437 	-0.437913 	0.490557 	1.76762 	0
33.3138 	-0.437913 	0.490557 	1.76762 	0
33.384 	-0.437913 	0.490557 	1.76762 	0
33.4541 	-0.437913 	0.490557 	1.76762 	0
33.5242 	-0.437913 	0.490557 	1.76762 	0
33.5944 	-0.447857 	0.486502 	1.77198 	4.07743e-20
33.6645 	-0.447857 	0.486502 	1.77198 	4.07743e-20
33.7346 	-0.447857 	0.486502 	1.77198 	4.07743e-20
33.8048 	-0.447857 	0.486502 	1.77198 	4.07743e-20
33.8749 	-0.447857 	0.486502 	1.77198 	4.07743e-20
33.945 	-0.447857 	0.486502 	1.77198 	4.07743e-20
34.0152 	-0.447857 	0.486502 	1.77198 	4.07743e-20
34.0853 	-0.447857 	0.486502 	1.77198 	4.07743e-20
34.1554 	-0.447857 	0.486502 	1.77198 	4.07743e-20
34.2256 	-0.455142 	0.480624 	1.76911 	-3.73633e-20
34.2957 	-0.455142 	0.480624 	1.76911 	-3.73633e-20
34.3659 	-0.455142 	0.480624 	1.76911 	-3.73633e-20
34.436 	-0.455142 	0.480624 	1.76911 	-3.73633e-20
34.5061 	-0.455142 	0.480624 	1.76911 	-3.73633e-20
34.5763 	-0.455142 	0.480624 	1.76911 	-3.73633e-20
34.6464 	-0.455142 	0.480624 	1.76911 	-3.73633e-20
34.7165 	-0.455142 	0.480624 	1.76911 	-3.73633e-20
34.7867 	-0.455142 	0.480624 	1.76911 	-3.73633e-20
34.8568 	-0.455142 	0.480624 	1.76911 	-3.73633e-20
34.9269 	-0.458421 	0.476736 	1.76621 	7.58231e-20
34.9971 	-0.458421 	0.476736 	1.76621 	7.58231e-20
35.0672 	-0.458421 	0.476736 	1.76621 	7.58231e-20
35.1373 	-0.458421 	0.476736 	1.76621 	7.58231e-20
35.2075 	-0.458421 	0.476736 	1.76621 	7.58231e-20
35.2776 	-0.458421 	0.476736 	1.76621 	7.58231e-20
35.3477 	-0.458421 	0.476736 	1.76621 	7.58231e-20
35.4179 	-0.458421 	0.476736 	1.76621 	7.58231e-20
35.488 	-0.458421 	0.476736 	1.76621 	7.58231e-20
35.5581 	-0.458421 	0.476736 	1.76621 	7.58231e-20
35.6283 	-0.457619 	0.471456 	1.7593 	-1.79274e-20
35.6984 	-0.457619 	0.471456 	1.7593 	-1.79274e-20
35.7685 	-0.457619 	0.471456 	1.7593 	-1.79274e-20
35.8387 	-0.457619 	0.471456 	1.7593 	-1.79274e-20
35.9088 	-0.457619 	0.471456 	1.7593 	-1.79274e-20
35.9789 	-0.457619 	0.471456 	1.7593 	-1.79274e-20
36.0491 	-0.457619 	0.471456 	1.7593 	-1.79274e-20
36.1192 	-0.457619 	0.471456 	1.7593 	-1.79274e-20
36.1893 	-0.457619 	0.471456 	1.7593 	-1.79274e-20
36.2595 	-0.457619 	0.471456 	1.7593 	-1.79274e-20
36.3296 	-0.452697 	0.464119 	1.75209 	1.73736e-20
36.3997 	-0.452697 	0.464119 	1.75209 	1.73736e-20
36.4699 	-0.452697 	0.464119 	1.75209 	1.73736e-20
36.54 	-0.452697 	0.464119 	1.75209 	1.73736e-20
36.6102 	-0.452697 	0.464119 	1.75209 	1.73736e-20
36.6803 	-0.452697 	0.464119 	1.75209 	1.73736e-20
36.7504 	-0.452697 	0.464119 	1.75209 	1.73736e-20
36.8206 	-0.452697 	0.464119 	1.75209 	1.73736e-20
36.8907 	-0.452697 	0.464119 	1.75209 	1.73736e-20
36.9608 	-0.452697 	0.464119 	1.75209 	1.73736e-20
37.031 	-0.452697 	0.464119 	1.75209 	1.73736e-20
37.1011 	-0.446065 	0.453743 	1.74627 	0
37.1712 	-0.446065 	0.453743 	1.74627 	0
37.2414 	-0.446065 	0.453743 	1.74627 	0
37.3115 	-0.446065 	0.453743 	1.74627 	0
37.3816 	-0.446065 	0.453743 	1.74627 	0
37.4518 	-0.446065 	0.453743 	1.74627 	0
37.5219 	-0.446065 	0.453743 	1.74627 	0
37.592 	-0.446065 	0.453743 	1.74627 	0
37.6622 	-0.439989 	0.441914 	1.74159 	0
37.7323 	-0.439989 	0.441914 	1.74159 	0
37.8024 	-0.439989 	0.441914 	1.74159 	0
37.8726 	-0.439989 	0.441914 	1.74159 	0
37.9427 	-0.439989 	0.441914 	1.74159 	0
38.0128 	-0.439989 	0.441914 	1.74159 	0
38.083 	-0.439989 	0.441914 	1.74159 	0
38.1531 	-0.439989 	0.441914 	1.74159 	0
38.2232 	-0.439989 	0.441914 	1.74159 	0
38.2934 	-0.433532 	0.429779 	1.7369 	0
38.3635 	-0.433532 	0.429779 	1.7369 	0
38.4336 	-0.433532 	0.429779 	1.7369 	0
38.5038 	-0.433532 	0.429779 	1.7369 	0
38.5739 	-0.433532 	0.429779 	1.7369 	0
38.644 	-0.433532 	0.429779 	1.7369 	0
38.7142 	-0.433532 	0.429779 	1.7369 	0
38.7843 	-0.433532 	0.429779 	1.7369 	0
38.8545 	-0.433532 	0.429779 	1.7369 	0
38.9246 	-0.425477 	0.41607 	1.73149 	0
38.9947 	-0.425477 	0.41607 	1.73149 	0
39.0649 	-0.425477 	0.41607 	1.73149 	0
39.135 	-0.425477 	0.41607 	1.73149 	0
39.2051 	-0.425477 	0.41607 	1.73149 	0
39.2753 	-0.425477 	0.41607 	1.73149 	0
39.3454 	-0.425477 	0.41607 	1.73149 	0
39.4155 	-0.425477 	0.41607 	1.73149 	0
39.4857 	-0.425477 	0.41607 	1.73149 	0
39.5558 	-0.415695 	0.402795 	1.72563 	0
39.6259 	-0.415695 	0.402795 	1.72563 	0
39.6961 	-0.415695 	0.402795 	1.72563 	0
39.7662 	-0.415695 	0.402795 	1.72563 	0
39.8363 	-0.415695 	0.402795 	1.72563 	0
39.9065 	-0.415695 	0.402795 	1.72563 	0
39.9766 	-0.415695 	0.402795 	1.72563 	0
40.0467 	-0.415695 	0.402795 	1.72563 	0
40.1169 	-0.405176 	0.38649 	1.71986 	0
40.187 	-0.405176 	0.38649 	1.71986 	0
40.2571 	-0.405176 	0.38649 	1.71986 	0
40.3273 	-0.405176 	0.38649 	1.71986 	0
40.3974 	-0.405176 	0.38649 	1.71986 	0
40.4675 	-0.405176 	0.38649 	1.71986 	0
40.5377 	-0.405176 	0.38649 	1.71986 	0
40.6078 	-0.405176 	0.38649 	1.71986 	0
40.6779 	-0.405176 	0.38649 	1.71986 	0
40.7481 	-0.395156 	0.367659 	1.71533 	0
40.8182 	-0.395156 	0.367659 	1.71533 	0
40.8883 	-0.395156 	0.367659 	1.71533 	0
40.9585 	-0.395156 	0.367659 	1.71533 	0
41.0286 	-0.395156 	0.367659 	1.71533 	0
41.0988 	-0.395156 	0.367659 	1.71533 	0
41.1689 	-0.395156 	0.367659 	1.71533 	0
41.239 	-0.395156 	0.367659 	1.71533 	0
41.3092 	-0.395156 	0.367659 	1.71533 	0
41.3793 	-0.386426 	0.347412 	1.71306 	0
41.4494 	-0.386426 	0.347412 	1.71306 	0
41.5196 	-0.386426 	0.347412 	1.71306 	0
41.5897 	-0.386426 	0.347412 	1.71306 	0
41.6598 	-0.386426 	0.347412 	1.71306 	0
41.73 	-0.386426 	0.347412 	1.71306 	0
41.8001 	-0.386426 	0.347412 	1.71306 	0
41.8702 	-0.386426 	0.347412 	1.71306 	0
41.9404 	-0.386426 	0.347412 	1.71306 	0
42.0105 	-0.378562 	0.325745 	1.71202 	0
42.0806 	-0.378562 	0.325745 	1.71202 	0
42.1508 	-0.378562 	0.325745 	1.71202 	0
42.2209 	-0.378562 	0.325745 	1.71202 	0
42.291 	-0.378562 	0.325745 	1.71202 	0
42.3612 	-0.378562 	0.325745 	1.71202 	0
42.4313 	-0.378562 	0.325745 	1.71202 	0
42.5014 	-0.378562 	0.325745 	1.71202 	0
42.5716 	-0.378562 	0.325745 	1.71202 	0
42.6417 	-0.371027 	0.303706 	1.71092 	0
42.7118 	-0.371027 	0.303706 	1.71092 	0
42.782 	-0.371027 	0.303706 	1.71092 	0
42.8521 	-0.371027 	0.303706 	1.71092 	0
42.9222 	-0.371027 	0.303706 	1.71092 	0
42.9924 	-0.371027 	0.303706 	1.71092 	0
43.0625 	-0.371027 	0.303706 	1.71092 	0
43.1327 	-0.371027 	0.303706 	1.71092 	0
43.2028 	-0.364995 	0.281947 	1.71039 	0
43.2729 	-0.364995 	0.281947 	1.71039 	0
43.3431 	-0.364995 	0.281947 	1.71039 	0
43.4132 	-0.364995 	0.281947 	1.71039 	0
43.4833 	-0.364995 	0.281947 	1.71039 	0
43.5535 	-0.364995 	0.281947 	1.71039 	0
43.6236 	-0.364995 	0.281947 	1.71039 	0
43.6937 	-0.364995 	0.281947 	1.71039 	0
43.7639 	-0.364995 	0.281947 	1.71039 	0
43.834 	-0.361848 	0.260267 	1.71177 	0
43.9041 	-0.361848 	0.260267 	1.71177 	0
43.9743 	-0.361848 	0.260267 	1.71177 	0
44.0444 	-0.361848 	0.260267 	1.71177 	0
44.1145 	-0.361848 	0.260267 	1.71177 	0
44.1847 	-0.361848 	0.260267 	1.71177 	0
44.2548 	-0.361848 	0.260267 	1.71177 	0
44.3249 	-0.361848 	0.260267 	1.71177 	0
44.3951 	-0.361848 	0.260267 	1.71177 	0
44.4652 	-0.361737 	0.23833 	1.71494 	0
44.5353 	-0.361737 	0.23833 	1.71494 	0
44.6055 	-0.361737 	0.23833 	1.71494 	0
44.6756 	-0.361737 	0.23833 	1.71494 	0
44.7457 	-0.361737 	0.23833 	1.71494 	0
44.8159 	-0.361737 	0.23833 	1.71494 	0
44.886 	-0.361737 	0.23833 	1.71494 	0
44.9561 	-0.361737 	0.23833 	1.71494 	0
45.0263 	-0.361737 	0.23833 	1.71494 	0
45.0964 	-0.364223 	0.216453 	1.71998 	0
45.1665 	-0.364223 	0.216453 	1.71998 	0
45.2367 	-0.364223 	0.216453 	1.71998 	0
45.3068 	-0.364223 	0.216453 	1.71998 	0
45.377 	-0.364223 	0.216453 	1.71998 	0
45.4471 	-0.364223 	0.216453 	1.71998 	0
45.5172 	-0.364223 	0.216453 	1.71998 	0
45.5874 	-0.364223 	0.216453 	1.71998 	0
45.6575 	-0.36882 	0.194649 	1.72583 	0
45.7276 	-0.36882 	0.194649 	1.72583 	0
45.7978 	-0.36882 	0.194649 	1.72583 	0
45.8679 	-0.36882 	0.194649 	1.72583 	0
45.938 	-0.36882 	0.194649 	1.72583 	0
46.0082 	-0.36882 	0.194649 	1.72583 	0
46.0783 	-0.36882 	0.194649 	1.72583 	0
46.1484 	-0.36882 	0.194649 	1.72583 	0
46.2186 	-0.36882 	0.194649 	1.72583 	0
46.2887 	-0.375397 	0.173196 	1.73283 	0
46.3588 	-0.375397 	0.173196 	1.73283 	0
46.429 	-0.375397 	0.173196 	1.73283 	0
46.4991 	-0.375397 	0.173196 	1.73283 	0
46.5692 	-0.375397 	0.173196 	1.73283 	0
46.6394 	-0.375397 	0.173196 	1.73283 	0
46.7095 	-0.375397 	0.173196 	1.73283 	0
46.7796 	-0.328072 	0.164506 	1.70765 	0
46.8498 	-0.328072 	0.164506 	1.70765 	0
46.9199 	-0.336634 	0.143928 	1.71403 	0
46.99 	-0.336634 	0.143928 	1.71403 	0
47.0602 	-0.336634 	0.143928 	1.71403 	0
47.1303 	-0.336634 	0.143928 	1.71403 	0
47.2004 	-0.336634 	0.143928 	1.71403 	0
47.2706 	-0.336634 	0.143928 	1.71403 	0
47.3407 	-0.336634 	0.143928 	1.71403 	0
47.4108 	-0.336634 	0.143928 	1.71403 	0
47.481 	-0.336634 	0.143928 	1.71403 	0
47.5511 	-0.345561 	0.123682 	1.72035 	0
47.6213 	-0.345561 	0.123682 	1.72035 	0
47.6914 	-0.345561 	0.123682 	1.72035 	0
47.7615 	-0.345561 	0.123682 	1.72035 	0
47.8317 	-0.345561 	0.123682 	1.72035 	0
47.9018 	-0.345561 	0.123682 	1.72035 	0
47.9719 	-0.345561 	0.123682 	1.72035 	0
48.0421 	-0.345561 	0.123682 	1.72035 	0
48.1122 	-0.345561 	0.123682 	1.72035 	0
48.1823 	-0.354247 	0.103849 	1.72548 	0
48.2525 	-0.354247 	0.103849 	1.72548 	0
48.3226 	-0.354247 	0.103849 	1.72548 	0
48.3927 	-0.354247 	0.103849 	1.72548 	0
48.4629 	-0.354247 	0.103849 	1.72548 	0
48.533 	-0.354247 	0.103849 	1.72548 	0
48.6031 	-0.354247 	0.103849 	1.72548 	0
48.6733 	-0.354247 	0.103849 	1.72548 	0
48.7434 	-0.362974 	0.0841385 	1.73036 	0
48.8135 	-0.362974 	0.0841385 	1.73036 	0
48.8837 	-0.362974 	0.0841385 	1.73036 	0
48.9538 	-0.362974 	0.0841385 	1.73036 	0
49.0239 	-0.362974 	0.0841385 	1.73036 	0
49.0941 	-0.362974 	0.0841385 	1.73036 	0
49.1642 	-0.362974 	0.0841385 	1.73036 	0
49.2343 	-0.362974 	0.0841385 	1.73036 	0
49.3045 	-0.362974 	0.0841385 	1.73036 	0
49.3746 	-0.371211 	0.0646499 	1.73422 	0
49.4447 	-0.371211 	0.0646499 	1.73422 	0
49.5149 	-0.371211 	0.0646499 	1.73422 	0
49.585 	-0.371211 	0.0646499 	1.73422 	0
49.6551 	-0.371211 	0.0646499 	1.73422 	0
49.7253 	-0.371211 	0.0646499 	1.73422 	0
49.7954 	-0.371211 	0.0646499 	1.73422 	0
49.8656 	-0.371211 	0.0646499 	1.73422 	0
49.9357 	-0.371211 	0.0646499 	1.73422 	0
50.0058 	-0.377886 	0.0448343 	1.73603 	0
50.076 	-0.377886 	0.0448343 	1.73603 	0
50.1461 	-0.377886 	0.0448343 	1.73603 	0
50.2162 	-0.377886 	0.0448343 	1.73603 	0
50.2864 	-0.377886 	0.0448343 	1.73603 	0
50.3565 	-0.377886 	0.0448343 	1.73603 	0
50.4266 	-0.377886 	0.0448343 	1.73603 	0
50.4968 	-0.377886 	0.0448343 	1.73603 	0
50.5669 	-0.377886 	0.0448343 	1.73603 	0
50.637 	-0.382282 	0.0238172 	1.73605 	0
50.7072 	-0.382282 	0.0238172 	1.73605 	0
50.7773 	-0.382282 	0.0238172 	1.73605 	0
50.8474 	-0.382282 	0.0238172 	1.73605 	0
50.9176 	-0.382282 	0.0238172 	1.73605 	0
50.9877 	-0.382282 	0.0238172 	1.73605 	0
51.0578 	-0.382282 	0.0238172 	1.73605 	0
51.128 	-0.382282 	0.0238172 	1.73605 	0
51.1981 	-0.382282 	0.0238172 	1.73605 	0
51.2682 	-0.383588 	0.00324949 	1.73234 	0
51.3384 	-0.383588 	0.00324949 	1.73234 	0
51.4085 	-0.383588 	0.00324949 	1.73234 	0
51.4786 	-0.383588 	0.00324949 	1.73234 	0
51.5488 	-0.383588 	0.00324949 	1.73234 	0
51.6189 	-0.383588 	0.00324949 	1.73234 	0
51.689 	-0.383588 	0.00324949 	1.73234 	0
51.7592 	-0.383588 	0.00324949 	1.73234 	0
51.8293 	-0.380591 	-0.0175703 	1.72587 	0
51.8994 	-0.380591 	-0.0175703 	1.72587 	0
51.9696 	-0.380591 	-0.0175703 	1.72587 	0
52.0397 	-0.380591 	-0.0175703 	1.72587 	0
52.1099 	-0.380591 	-0.0175703 	1.72587 	0
52.18 	-0.380591 	-0.0175703 	1.72587 	0
52.2501 	-0.380591 	-0.0175703 	1.72587 	0
52.3203 	-0.380591 	-0.0175703 	1.72587 	0
52.3904 	-0.380591 	-0.0175703 	1.72587 	0
52.4605 	-0.372422 	-0.0373007 	1.7147 	0
52.5307 	-0.372422 	-0.0373007 	1.7147 	0
52.6008 	-0.372422 	-0.0373007 	1.7147 	0
52.6709 	-0.372422 	-0.0373007 	1.7147 	0
52.7411 	-0.372422 	-0.0373007 	1.7147 	0
52.8112 	-0.372422 	-0.0373007 	1.7147 	0
52.8813 	-0.372422 	-0.0373007 	1.7147 	0
52.9515 	-0.372422 	-0.0373007 	1.7147 	0
53.0216 	-0.372422 	-0.0373007 	1.7147 	0
53.0917 	-0.358747 	-0.0561443 	1.69944 	0
53.1619 	-0.358747 	-0.0561443 	1.69944 	0
53.232 	-0.358747 	-0.0561443 	1.69944 	0
53.3021 	-0.358747 	-0.0561443 	1.69944 	0
53.3723 	-0.358747 	-0.0561443 	1.69944 	0
53.4424 	-0.358747 	-0.0561443 	1.69944 	0
53.5125 	-0.358747 	-0.0561443 	1.69944 	0
53.5827 	-0.358747 	-0.0561443 	1.69944 	0
53.6528 	-0.358747 	-0.0561443 	1.69944 	0
53.7229 	-0.340319 	-0.0725222 	1.67977 	0
53.7931 	-0.340319 	-0.0725222 	1.67977 	0
53.8632 	-0.340319 	-0.0725222 	1.67977 	0
53.9333 	-0.340319 	-0.0725222 	1.67977 	0
54.0035 	-0.340319 	-0.0725222 	1.67977 	0
54.0736 	-0.340319 	-0.0725222 	1.67977 	0
54.1437 	-0.340319 	-0.0725222 	1.67977 	0
54.2139 	-0.340319 	-0.0725222 	1.67977 	0
54.284 	-0.318312 	-0.0865459 	1.65735 	0
54.3542 	-0.318312 	-0.0865459 	1.65735 	0
54.4243 	-0.318312 	-0.0865459 	1.65735 	0
54.4944 	-0.318312 	-0.0865459 	1.65735 	0
54.5646 	-0.318312 	-0.0865459 	1.65735 	0
54.6347 	-0.318312 	-0.0865459 	1.65735 	0
54.7048 	-0.318312 	-0.0865459 	1.65735 	0
54.775 	-0.318312 	-0.0865459 	1.65735 	0
54.8451 	-0.318312 	-0.0865459 	1.65735 	0
54.9152 	-0.293345 	-0.0982886 	1.63327 	0
54.9854 	-0.293345 	-0.0982886 	1.63327 	0
55.0555 	-0.293345 	-0.0982886 	1.63327 	0
55.1256 	-0.293345 	-0.0982886 	1.63327 	0
55.1958 	-0.293345 	-0.0982886 	1.63327 	0
55.2659 	-0.293345 	-0.0982886 	1.63327 	0
55.336 	-0.293345 	-0.0982886 	1.63327 	0
55.4062 	-0.293345 	-0.0982886 	1.63327 	0
55.4763 	-0.293345 	-0.0982886 	1.63327 	0
55.5464 	-0.2659 	-0.10822 	1.60707 	0
55.6166 	-0.2659 	-0.10822 	1.60707 	0
55.6867 	-0.2659 	-0.10822 	1.60707 	0
55.7568 	-0.2659 	-0.10822 	1.60707 	0
55.827 	-0.2659 	-0.10822 	1.60707 	0
55.8971 	-0.2659 	-0.10822 	1.60707 	0
55.9672 	-0.2659 	-0.10822 	1.60707 	0
56.0374 	-0.2659 	-0.10822 	1.60707 	0
56.1075 	-0.2659 	-0.10822 	1.60707 	0
56.1776 	-0.236966 	-0.115379 	1.58188 	0
56.2478 	-0.236966 	-0.115379 	1.58188 	0
56.3179 	-0.236966 	-0.115379 	1.58188 	0
56.3881 	-0.236966 	-0.115379 	1.58188 	0
56.4582 	-0.236966 	-0.115379 	1.58188 	0
56.5283 	-0.236966 	-0.115379 	1.58188 	0
56.5985 	-0.236966 	-0.115379 	1.58188 	0
56.6686 	-0.236966 	-0.115379 	1.58188 	0
56.7387 	-0.236966 	-0.115379 	1.58188 	0
56.8089 	-0.207725 	-0.120249 	1.55725 	0
56.879 	-0.207725 	-0.120249 	1.55725 	0
56.9491 	-0.207725 	-0.120249 	1.55725 	0
57.0193 	-0.207725 	-0.120249 	1.55725 	0
57.0894 	-0.207725 	-0.120249 	1.55725 	0
57.1595 	-0.207725 	-0.120249 	1.55725 	0
57.2297 	-0.207725 	-0.120249 	1.55725 	0
57.2998 	-0.207725 	-0.120249 	1.55725 	0
57.3699 	-0.178812 	-0.122809 	1.53628 	0
57.4401 	-0.178812 	-0.122809 	1.53628 	0
57.5102 	-0.178812 	-0.122809 	1.53628 	0
57.5803 	-0.178812 	-0.122809 	1.53628 	0
57.6505 	-0.178812 	-0.122809 	1.53628 	0
57.7206 	-0.178812 	-0.122809 	1.53628 	0
57.7907 	-0.178812 	-0.122809 	1.53628 	0
57.8609 	-0.178812 	-0.122809 	1.53628 	0
57.931 	-0.178812 	-0.122809 	1.53628 	0
58.0011 	-0.15055 	-0.122471 	1.51733 	0
58.0713 	-0.15055 	-0.122471 	1.51733 	0
58.1414 	-0.15055 	-0.122471 	1.51733 	0
58.2115 	-0.15055 	-0.122471 	1.51733 	0
58.2817 	-0.15055 	-0.122471 	1.51733 	0
58.3518 	-0.15055 	-0.122471 	1.51733 	0
58.4219 	-0.15055 	-0.122471 	1.51733 	0
58.4921 	-0.15055 	-0.122471 	1.51733 	0
58.5622 	-0.15055 	-0.122471 	1.51733 	0
58.6324 	-0.123416 	-0.120802 	1.50178 	0
58.7025 	-0.123416 	-0.120802 	1.50178 	0
58.7726 	-0.123416 	-0.120802 	1.50178 	0
58.8428 	-0.123416 	-0.120802 	1.50178 	0
58.9129 	-0.123416 	-0.120802 	1.50178 	0
58.983 	-0.123416 	-0.120802 	1.50178 	0
59.0532 	-0.123416 	-0.120802 	1.50178 	0
59.1233 	-0.123416 	-0.120802 	1.50178 	0
59.1934 	-0.123416 	-0.120802 	1.50178 	0
59.2636 	-0.0979628 	-0.115331 	1.48926 	0
59.3337 	-0.0979628 	-0.115331 	1.48926 	0
59.4038 	-0.0979628 	-0.115331 	1.48926 	0
59.474 	-0.0979628 	-0.115331 	1.48926 	0
59.5441 	-0.0979628 	-0.115331 	1.48926 	0
59.6142 	-0.0979628 	-0.115331 	1.48926 	0
59.6844 	-0.0979628 	-0.115331 	1.48926 	0
59.7545 	-0.0979628 	-0.115331 	1.48926 	0
59.8246 	-0.0746248 	-0.109782 	1.47814 	0
59.8948 	-0.0746248 	-0.109782 	1.47814 	0
59.9649 	-0.0746248 	-0.109782 	1.47814 	0
60.035 	-0.0746248 	-0.109782 	1.47814 	0
60.1052 	-0.0746248 	-0.109782 	1.47814 	0
60.1753 	-0.0746248 	-0.109782 	1.47814 	0
60.2454 	-0.0746248 	-0.109782 	1.47814 	0
60.3156 	-0.0746248 	-0.109782 	1.47814 	0
60.3857 	-0.0746248 	-0.109782 	1.47814 	0
60.4558 	-0.0533811 	-0.101204 	1.47071 	0
60.526 	-0.0533811 	-0.101204 	1.47071 	0
60.5961 	-0.0533811 	-0.101204 	1.47071 	0
60.6662 	-0.0533811 	-0.101204 	1.47071 	0
60.7364 	-0.0533811 	-0.101204 	1.47071 	0
60.8065 	-0.0533811 	-0.101204 	1.47071 	0
60.8767 	-0.0533811 	-0.101204 	1.47071 	0
60.9468 	-0.0533811 	-0.101204 	1.47071 	0
61.0169 	-0.0533811 	-0.101204 	1.47071 	0
61.0871 	-0.0348321 	-0.0923531 	1.46275 	0
61.1572 	-0.0348321 	-0.0923531 	1.46275 	0
61.2273 	-0.0348321 	-0.0923531 	1.46275 	0
61.2975 	-0.0348321 	-0.0923531 	1.46275 	0
61.3676 	-0.0348321 	-0.0923531 	1.46275 	0
61.4377 	-0.0348321 	-0.0923531 	1.46275 	0
61.5079 	-0.0348321 	-0.0923531 	1.46275 	0
61.578 	-0.0348321 	-0.0923531 	1.46275 	0
61.6481 	-0.0348321 	-0.0923531 	1.46275 	0
61.7183 	-0.0191659 	-0.0828389 	1.45873 	0
61.7884 	-0.0191659 	-0.0828389 	1.45873 	0
61.8585 	-0.0191659 	-0.0828389 	1.45873 	0
61.9287 	-0.0191659 	-0.0828389 	1.45873 	0
61.9988 	-0.0191659 	-0.0828389 	1.45873 	0
62.0689 	-0.0191659 	-0.0828389 	1.45873 	0
62.1391 	-0.0191659 	-0.0828389 	1.45873 	0
62.2092 	-0.0191659 	-0.0828389 	1.45873 	0
62.2793 	-0.0191659 	-0.0828389 	1.45873 	0
62.3495 	-0.006263 	-0.0721391 	1.45317 	0
62.4196 	-0.006263 	-0.0721391 	1.45317 	0
62.4897 	-0.006263 	-0.0721391 	1.45317 	0
62.5599 	-0.006263 	-0.0721391 	1.45317 	0
62.63 	-0.006263 	-0.0721391 	1.45317 	0
62.7001 	-0.006263 	-0.0721391 	1.45317 	0
62.7703 	-0.006263 	-0.0721391 	1.45317 	0
62.8404 	-0.006263 	-0.0721391 	1.45317 	0
62.9105 	0.00385563 	-0.0637318 	1.4502 	0
62.9807 	0.00385563 	-0.0637318 	1.4502 	0
63.0508 	0.00385563 	-0.0637318 	1.4502 	0
63.121 	0.00385563 	-0.0637318 	1.4502 	0
63.1911 	0.00385563 	-0.0637318 	1.4502 	0
63.2612 	0.00385563 	-0.0637318 	1.4502 	0
63.3314 	0.00385563 	-0.0637318 	1.4502 	0
63.4015 	0.00385563 	-0.0637318 	1.4502 	0
63.4716 	0.00385563 	-0.0637318 	1.4502 	0
63.5418 	0.0116832 	-0.0525909 	1.44697 	0
63.6119 	0.0116832 	-0.0525909 	1.44697 	0
63.682 	0.0116832 	-0.0525909 	1.44697 	0
63.7522 	0.0116832 	-0.0525909 	1.44697 	0
63.8223 	0.0116832 	-0.0525909 	1.44697 	0
63.8924 	0.0116832 	-0.0525909 	1.44697 	0
63.9626 	0.0116832 	-0.0525909 	1.44697 	0
64.0327 	0.0116832 	-0.0525909 	1.44697 	0
64.1028 	0.0116832 	-0.0525909 	1.44697 	0
64.173 	0.0171667 	-0.0450818 	1.44288 	0
64.2431 	0.0171667 	-0.0450818 	1.44288 	0
64.3132 	0.0171667 	-0.0450818 	1.44288 	0
64.3834 	0.0171667 	-0.0450818 	1.44288 	0
64.4535 	0.0171667 	-0.0450818 	1.44288 	0
64.5236 	0.0171667 	-0.0450818 	1.44288 	0
64.5938 	0.0171667 	-0.0450818 	1.44288 	0
64.6639 	0.0171667 	-0.0450818 	1.44288 	0
64.734 	0.0171667 	-0.0450818 	1.44288 	0
64.8042 	0.0205946 	-0.0342595 	1.44081 	0
64.8743 	0.0205946 	-0.0342595 	1.44081 	0
64.9444 	0.0205946 	-0.0342595 	1.44081 	0
65.0146 	0.0205946 	-0.0342595 	1.44081 	0
65.0847 	0.0205946 	-0.0342595 	1.44081 	0
65.1548 	0.0205946 	-0.0342595 	1.44081 	0
65.225 	0.0205946 	-0.0342595 	1.44081 	0
65.2951 	0.023878 	-0.0271565 	1.4936 	0
65.3653 	0.023878 	-0.0271565 	1.4936 	0
65.4354 	0.0258271 	-0.0181792 	1.48564 	0
65.5055 	0.0258271 	-0.0181792 	1.48564 	0
65.5757 	0.0258271 	-0.0181792 	1.48564 	0
65.6458 	0.0258271 	-0.0181792 	1.48564 	0
65.7159 	0.0258271 	-0.0181792 	1.48564 	0
65.7861 	0.0258271 	-0.0181792 	1.48564 	0
65.8562 	0.0258271 	-0.0181792 	1.48564 	0
65.9263 	0.0258271 	-0.0181792 	1.48564 	0
65.9965 	0.0253322 	-0.00817032 	1.48339 	0
66.0666 	0.0253322 	-0.00817032 	1.48339 	0
66.1367 	0.0253322 	-0.00817032 	1.48339 	0
66.2069 	0.0253322 	-0.00817032 	1.48339 	0
66.277 	0.0253322 	-0.00817032 	1.48339 	0
66.3471 	0.0253322 	-0.00817032 	1.48339 	0
66.4173 	0.0253322 	-0.00817032 	1.48339 	0
66.4874 	0.0253322 	-0.00817032 	1.48339 	0
66.5575 	0.0253322 	-0.00817032 	1.48339 	0
66.6277 	0.0234648 	0.00241592 	1.47199 	0
66.6978 	0.0234648 	0.00241592 	1.47199 	0
66.7679 	0.0234648 	0.00241592 	1.47199 	0
66.8381 	0.0234648 	0.00241592 	1.47199 	0
66.9082 	0.0234648 	0.00241592 	1.47199 	0
66.9783 	0.0234648 	0.00241592 	1.47199 	0
67.0485 	0.0234648 	0.00241592 	1.47199 	0
67.1186 	0.0234648 	0.00241592 	1.47199 	0
67.1887 	0.0234648 	0.00241592 	1.47199 	0
67.2589 	0.0185514 	0.00552274 	1.4658 	0
67.329 	0.0185514 	0.00552274 	1.4658 	0
67.3991 	0.0185514 	0.00552274 	1.4658 	0
67.4693 	0.0185514 	0.00552274 	1.4658 	0
67.5394 	0.0185514 	0.00552274 	1.4658 	0
67.6096 	0.0185514 	0.00552274 	1.4658 	0
67.6797 	0.0185514 	0.00552274 	1.4658 	0
67.7498 	0.0185514 	0.00552274 	1.4658 	0
67.82 	0.0185514 	0.00552274 	1.4658 	0
67.8901 	0.0120119 	0.0136073 	1.45401 	0
67.9602 	0.0120119 	0.0136073 	1.45401 	0
68.0304 	0.0120119 	0.0136073 	1.45401 	0
68.1005 	0.0120119 	0.0136073 	1.45401 	0
68.1706 	0.0120119 	0.0136073 	1.45401 	0
68.2408 	0.0120119 	0.0136073 	1.45401 	0
68.3109 	0.0120119 	0.0136073 	1.45401 	0
68.381 	0.0120119 	0.0136073 	1.45401 	0
68.4512 	0.00321834 	0.00543699 	1.43906 	0
68.5213 	0.00321834 	0.00543699 	1.43906 	0
68.5914 	0.00321834 	0.00543699 	1.43906 	0
68.6616 	0.00321834 	0.00543699 	1.43906 	0
68.7317 	0.00321834 	0.00543699 	1.43906 	0
68.8018 	0.00321834 	0.00543699 	1.43906 	0
68.872 	0.00321834 	0.00543699 	1.43906 	0
68.9421 	0.00321834 	0.00543699 	1.43906 	0
69.0122 	0.00321834 	0.00543699 	1.43906 	0
