0.490941 	2.21419 	0.00437179 	3.00032 	-3.13916e-20
0.561075 	2.21419 	0.00437179 	3.00032 	-3.13916e-20
0.63121 	2.21419 	0.00437179 	3.00032 	-3.13916e-20
0.701344 	2.21419 	0.00437179 	3.00032 	-3.13916e-20
0.771478 	2.21419 	0.00437179 	3.00032 	-3.13916e-20
0.841613 	2.21419 	0.00437179 	3.00032 	-3.13916e-20
0.911747 	2.18917 	0.0144621 	3.00802 	-7.24113e-20
0.981881 	2.18917 	0.0144621 	3.00802 	-7.24113e-20
1.05202 	2.18917 	0.0144621 	3.00802 	-7.24113e-20
1.12215 	2.18917 	0.0144621 	3.00802 	-7.24113e-20
1.19228 	2.18917 	0.0144621 	3.00802 	-7.24113e-20
1.26242 	2.18917 	0.0144621 	3.00802 	-7.24113e-20
1.33255 	2.14521 	0.0193294 	3.0233 	7.23616e-20
1.40269 	2.14521 	0.0193294 	3.0233 	7.23616e-20
1.47282 	2.14521 	0.0193294 	3.0233 	7.23616e-20
1.54296 	2.14521 	0.0193294 	3.0233 	7.23616e-20
1.61309 	2.14521 	0.0193294 	3.0233 	7.23616e-20
1.68323 	2.14521 	0.0193294 	3.0233 	7.23616e-20
1.75336 	2.08487 	0.0246857 	3.04252 	3.47302e-20
1.82349 	2.08487 	0.0246857 	3.04252 	3.47302e-20
1.89363 	2.08487 	0.0246857 	3.04252 	3.47302e-20
1.96376 	2.08487 	0.0246857 	3.04252 	3.47302e-20
2.0339 	2.08487 	0.0246857 	3.04252 	3.47302e-20
2.10403 	2.08487 	0.0246857 	3.04252 	3.47302e-20
2.17417 	2.01359 	0.0242397 	3.06666 	0
2.2443 	2.01359 	0.0242397 	3.06666 	0
2.31443 	2.01359 	0.0242397 	3.06666 	0
2.38457 	2.01359 	0.0242397 	3.06666 	0
2.4547 	2.01359 	0.0242397 	3.06666 	0
2.52484 	2.01359 	0.0242397 	3.06666 	0
2.59497 	1.93725 	0.0255886 	3.09074 	-1.58855e-19
2.66511 	1.93725 	0.0255886 	3.09074 	-1.58855e-19
2.73524 	1.93725 	0.0255886 	3.09074 	-1.58855e-19
2.80538 	1.93725 	0.0255886 	3.09074 	-1.58855e-19
2.87551 	1.93725 	0.0255886 	3.09074 	-1.58855e-19
2.94564 	1.93725 	0.0255886 	3.09074 	-1.58855e-19
3.01578 	1.8609 	0.0233238 	3.11625 	1.2648e-19
3.08591 	1.8609 	0.0233238 	3.11625 	1.2648e-19
3.15605 	1.8609 	0.0233238 	3.11625 	1.2648e-19
3.22618 	1.8609 	0.0233238 	3.11625 	1.2648e-19
3.29632 	1.8609 	0.0233238 	3.11625 	1.2648e-19
3.36645 	1.8609 	0.0233238 	3.11625 	1.2648e-19
3.43659 	1.7864 	0.0248879 	3.13927 	-2.32937e-19
3.50672 	1.7864 	0.0248879 	3.13927 	-2.32937e-19
3.57685 	1.7864 	0.0248879 	3.13927 	-2.32937e-19
3.64699 	1.7864 	0.0248879 	3.13927 	-2.32937e-19
3.71712 	1.7864 	0.0248879 	3.13927 	-2.32937e-19
3.78726 	1.77852 	0.0140618 	3.1381 	-2.58678e-19
3.85739 	1.70531 	0.011922 	3.16277 	4.7718e-19
3.92753 	1.70531 	0.011922 	3.16277 	4.7718e-19
3.99766 	1.70531 	0.011922 	3.16277 	4.7718e-19
4.06779 	1.70531 	0.011922 	3.16277 	4.7718e-19
4.13793 	1.70531 	0.011922 	3.16277 	4.7718e-19
4.20806 	1.70531 	0.011922 	3.16277 	4.7718e-19
4.2782 	1.63409 	0.0142276 	3.18384 	-2.73601e-19
4.34833 	1.63409 	0.0142276 	3.18384 	-2.73601e-19
4.41847 	1.63409 	0.0142276 	3.18384 	-2.73601e-19
4.4886 	1.63409 	0.0142276 	3.18384 	-2.73601e-19
4.55874 	1.63409 	0.0142276 	3.18384 	-2.73601e-19
4.62887 	1.63409 	0.0142276 	3.18384 	-2.73601e-19
4.699 	1.63409 	0.0142276 	3.18384 	-2.73601e-19
4.76914 	1.56467 	0.0118514 	3.20712 	-2.0152e-19
4.83927 	1.56467 	0.0118514 	3.20712 	-2.0152e-19
4.90941 	1.56467 	0.0118514 	3.20712 	-2.0152e-19
4.97954 	1.56467 	0.0118514 	3.20712 	-2.0152e-19
5.04968 	1.56467 	0.0118514 	3.20712 	-2.0152e-19
5.11981 	1.56467 	0.0118514 	3.20712 	-2.0152e-19
5.18994 	1.49695 	0.0139109 	3.22668 	1.76905e-19
5.26008 	1.49695 	0.0139109 	3.22668 	1.76905e-19
5.33021 	1.49695 	0.0139109 	3.22668 	1.76905e-19
5.40035 	1.49695 	0.0139109 	3.22668 	1.76905e-19
5.47048 	1.49695 	0.0139109 	3.22668 	1.76905e-19
5.54062 	1.49695 	0.0139109 	3.22668 	1.76905e-19
5.61075 	1.43183 	0.0112224 	3.24846 	-3.45072e-19
5.68089 	1.43183 	0.0112224 	3.24846 	-3.45072e-19
5.75102 	1.43183 	0.0112224 	3.24846 	-3.45072e-19
5.82115 	1.43183 	0.0112224 	3.24846 	-3.45072e-19
5.89129 	1.43183 	0.0112224 	3.24846 	-3.45072e-19
5.96142 	1.43183 	0.0112224 	3.24846 	-3.45072e-19
6.03156 	1.36988 	0.0134534 	3.26586 	3.68309e-19
6.10169 	1.36988 	0.0134534 	3.26586 	3.68309e-19
6.17183 	1.36988 	0.0134534 	3.26586 	3.68309e-19
6.24196 	1.36988 	0.0134534 	3.26586 	3.68309e-19
6.3121 	1.36988 	0.0134534 	3.26586 	3.68309e-19
6.38223 	1.36988 	0.0134534 	3.26586 	3.68309e-19
6.45236 	1.31195 	0.0109504 	3.28536 	2.14678e-20
6.5225 	1.31195 	0.0109504 	3.28536 	2.14678e-20
6.59263 	1.31195 	0.0109504 	3.28536 	2.14678e-20
6.66277 	1.31195 	0.0109504 	3.28536 	2.14678e-20
6.7329 	1.31195 	0.0109504 	3.28536 	2.14678e-20
6.80304 	1.31195 	0.0109504 	3.28536 	2.14678e-20
6.87317 	1.25809 	0.0137476 	3.29993 	-2.05739e-20
6.9433 	1.25809 	0.0137476 	3.29993 	-2.05739e-20
7.01344 	1.25809 	0.0137476 	3.29993 	-2.05739e-20
7.08357 	1.25809 	0.0137476 	3.29993 	-2.05739e-20
7.15371 	1.25809 	0.0137476 	3.29993 	-2.05739e-20
7.22384 	1.25809 	0.0137476 	3.29993 	-2.05739e-20
7.29398 	1.2085 	0.0115882 	3.3169 	0
7.36411 	1.2085 	0.0115882 	3.3169 	0
7.43425 	1.2085 	0.0115882 	3.3169 	0
7.50438 	1.2085 	0.0115882 	3.3169 	0
7.57451 	1.2085 	0.0115882 	3.3169 	0
7.64465 	1.2085 	0.0115882 	3.3169 	0
7.71478 	1.2085 	0.0115882 	3.3169 	0
7.78492 	1.16266 	0.0149954 	3.32874 	0
7.85505 	1.16266 	0.0149954 	3.32874 	0
7.92519 	1.16266 	0.0149954 	3.32874 	0
7.99532 	1.16266 	0.0149954 	3.32874 	0
8.06545 	1.16266 	0.0149954 	3.32874 	0
8.13559 	1.16266 	0.0149954 	3.32874 	0
8.20572 	1.1204 	0.0131664 	3.34358 	0
8.27586 	1.1204 	0.0131664 	3.34358 	0
8.34599 	1.1204 	0.0131664 	3.34358 	0
8.41613 	1.1204 	0.0131664 	3.34358 	0
8.48626 	1.1204 	0.0131664 	3.34358 	0
8.5564 	1.1204 	0.0131664 	3.34358 	0
8.62653 	1.08102 	0.017315 	3.35318 	2.14571e-22
8.69666 	1.08102 	0.017315 	3.35318 	2.14571e-22
8.7668 	1.08102 	0.017315 	3.35318 	2.14571e-22
8.83693 	1.08102 	0.017315 	3.35318 	2.14571e-22
8.90707 	1.08102 	0.017315 	3.35318 	2.14571e-22
8.9772 	1.08102 	0.017315 	3.35318 	2.14571e-22
9.04734 	1.04431 	0.0159864 	3.3665 	-2.52663e-19
9.11747 	1.04431 	0.0159864 	3.3665 	-2.52663e-19
9.18761 	1.04431 	0.0159864 	3.3665 	-2.52663e-19
9.25774 	1.03019 	0.0119429 	3.36907 	-2.61959e-20
9.32787 	1.03019 	0.0119429 	3.36907 	-2.61959e-20
9.39801 	1.03019 	0.0119429 	3.36907 	-2.61959e-20
9.46814 	1.03019 	0.0119429 	3.36907 	-2.61959e-20
9.53828 	0.994697 	0.0181583 	3.37779 	-2.61932e-19
9.60841 	0.994697 	0.0181583 	3.37779 	-2.61932e-19
9.67855 	0.994697 	0.0181583 	3.37779 	-2.61932e-19
9.74868 	0.994697 	0.0181583 	3.37779 	-2.61932e-19
9.81881 	0.994697 	0.0181583 	3.37779 	-2.61932e-19
9.88895 	0.994697 	0.0181583 	3.37779 	-2.61932e-19
9.95908 	0.960812 	0.0178038 	3.38982 	-1.5663e-20
10.0292 	0.960812 	0.0178038 	3.38982 	-1.5663e-20
10.0994 	0.960812 	0.0178038 	3.38982 	-1.5663e-20
10.1695 	0.960812 	0.0178038 	3.38982 	-1.5663e-20
10.2396 	0.960812 	0.0178038 	3.38982 	-1.5663e-20
10.3098 	0.960812 	0.0178038 	3.38982 	-1.5663e-20
10.3799 	0.92801 	0.0258627 	3.39745 	2.35825e-19
10.45 	0.92801 	0.0258627 	3.39745 	2.35825e-19
10.5202 	0.92801 	0.0258627 	3.39745 	2.35825e-19
10.5903 	0.92801 	0.0258627 	3.39745 	2.35825e-19
10.6604 	0.92801 	0.0258627 	3.39745 	2.35825e-19
10.7306 	0.92801 	0.0258627 	3.39745 	2.35825e-19
10.8007 	0.896151 	0.0272049 	3.40906 	-2.50417e-19
10.8708 	0.896151 	0.0272049 	3.40906 	-2.50417e-19
10.941 	0.896151 	0.0272049 	3.40906 	-2.50417e-19
11.0111 	0.896151 	0.0272049 	3.40906 	-2.50417e-19
11.0812 	0.896151 	0.0272049 	3.40906 	-2.50417e-19
11.1514 	0.896151 	0.0272049 	3.40906 	-2.50417e-19
11.2215 	0.896151 	0.0272049 	3.40906 	-2.50417e-19
11.2916 	0.86466 	0.0382595 	3.41593 	-4.38578e-19
11.3618 	0.86466 	0.0382595 	3.41593 	-4.38578e-19
11.4319 	0.86466 	0.0382595 	3.41593 	-4.38578e-19
11.502 	0.86466 	0.0382595 	3.41593 	-4.38578e-19
11.5722 	0.86466 	0.0382595 	3.41593 	-4.38578e-19
11.6423 	0.86466 	0.0382595 	3.41593 	-4.38578e-19
11.7124 	0.833182 	0.0425352 	3.42762 	4.24435e-19
11.7826 	0.833182 	0.0425352 	3.42762 	4.24435e-19
11.8527 	0.833182 	0.0425352 	3.42762 	4.24435e-19
11.9228 	0.833182 	0.0425352 	3.42762 	4.24435e-19
11.993 	0.833182 	0.0425352 	3.42762 	4.24435e-19
12.0631 	0.833182 	0.0425352 	3.42762 	4.24435e-19
12.1332 	0.800809 	0.0583872 	3.43438 	0
12.2034 	0.800809 	0.0583872 	3.43438 	0
12.2735 	0.800809 	0.0583872 	3.43438 	0
12.3437 	0.800809 	0.0583872 	3.43438 	0
12.4138 	0.800809 	0.0583872 	3.43438 	0
12.4839 	0.800809 	0.0583872 	3.43438 	0
12.5541 	0.800809 	0.0583872 	3.43438 	0
12.6242 	0.766932 	0.0667361 	3.44676 	-1.20074e-20
12.6943 	0.766932 	0.0667361 	3.44676 	-1.20074e-20
12.7645 	0.766932 	0.0667361 	3.44676 	-1.20074e-20
12.8346 	0.766932 	0.0667361 	3.44676 	-1.20074e-20
12.9047 	0.766932 	0.0667361 	3.44676 	-1.20074e-20
12.9749 	0.766932 	0.0667361 	3.44676 	-1.20074e-20
13.045 	0.730702 	0.0895058 	3.45424 	1.20874e-20
13.1151 	0.730702 	0.0895058 	3.45424 	1.20874e-20
13.1853 	0.730702 	0.0895058 	3.45424 	1.20874e-20
13.2554 	0.730702 	0.0895058 	3.45424 	1.20874e-20
13.3255 	0.730702 	0.0895058 	3.45424 	1.20874e-20
13.3957 	0.730702 	0.0895058 	3.45424 	1.20874e-20
13.4658 	0.730702 	0.0895058 	3.45424 	1.20874e-20
13.5359 	0.692039 	0.102796 	3.46776 	0
13.6061 	0.692039 	0.102796 	3.46776 	0
13.6762 	0.692039 	0.102796 	3.46776 	0
13.7463 	0.692039 	0.102796 	3.46776 	0
13.8165 	0.692039 	0.102796 	3.46776 	0
13.8866 	0.692039 	0.102796 	3.46776 	0
13.9567 	0.651317 	0.147192 	3.4793 	7.93747e-22
14.0269 	0.651317 	0.147192 	3.4793 	7.93747e-22
14.097 	0.651317 	0.147192 	3.4793 	7.93747e-22
14.1671 	0.651317 	0.147192 	3.4793 	7.93747e-22
14.2373 	0.651317 	0.147192 	3.4793 	7.93747e-22
14.3074 	0.651317 	0.147192 	3.4793 	7.93747e-22
14.3776 	0.634513 	0.145557 	3.48303 	1.27887e-19
14.4477 	0.537752 	0.148459 	3.50952 	-1.87065e-20
14.5178 	0.537752 	0.148459 	3.50952 	-1.87065e-20
14.588 	0.537752 	0.148459 	3.50952 	-1.87065e-20
14.6581 	0.557766 	0.161518 	3.50246 	0
14.7282 	0.557766 	0.161518 	3.50246 	0
14.7984 	0.476392 	0.176248 	3.52575 	-1.94475e-19
14.8685 	0.506954 	0.19911 	3.51563 	-1.95682e-19
14.9386 	0.506954 	0.19911 	3.51563 	-1.95682e-19
15.0088 	0.506954 	0.19911 	3.51563 	-1.95682e-19
15.0789 	0.506954 	0.19911 	3.51563 	-1.95682e-19
15.149 	0.545101 	0.21582 	3.50479 	1.94725e-19
15.2192 	0.451046 	0.233183 	3.53871 	1.69399e-19
15.2893 	0.451046 	0.233183 	3.53871 	1.69399e-19
15.3594 	0.451046 	0.233183 	3.53871 	1.69399e-19
15.4296 	0.489268 	0.253656 	3.51793 	-5.57153e-19
15.4997 	0.489268 	0.253656 	3.51793 	-5.57153e-19
15.5698 	0.395659 	0.269328 	3.54629 	2.99734e-19
15.64 	0.395659 	0.269328 	3.54629 	2.99734e-19
15.7101 	0.395659 	0.269328 	3.54629 	2.99734e-19
15.7802 	0.438634 	0.287031 	3.53804 	-4.95123e-19
15.8504 	0.438634 	0.287031 	3.53804 	-4.95123e-19
15.9205 	0.345136 	0.306659 	3.55388 	-1.42106e-19
15.9906 	0.345136 	0.306659 	3.55388 	-1.42106e-19
16.0608 	0.345136 	0.306659 	3.55388 	-1.42106e-19
16.1309 	0.398782 	0.331519 	3.53372 	0
16.201 	0.398782 	0.331519 	3.53372 	0
16.2712 	0.305369 	0.344983 	3.56608 	0
16.3413 	0.305369 	0.344983 	3.56608 	0
16.4114 	0.305369 	0.344983 	3.56608 	0
16.4816 	0.305369 	0.344983 	3.56608 	0
16.5517 	0.375771 	0.361255 	3.543 	-2.06265e-19
16.6219 	0.286913 	0.39623 	3.56242 	5.48893e-20
16.692 	0.286913 	0.39623 	3.56242 	5.48893e-20
16.7621 	0.286913 	0.39623 	3.56242 	5.48893e-20
16.8323 	0.286913 	0.39623 	3.56242 	5.48893e-20
16.9024 	0.286913 	0.39623 	3.56242 	5.48893e-20
16.9725 	0.294779 	0.436419 	3.55486 	0
17.0427 	0.294779 	0.436419 	3.55486 	0
17.1128 	0.294779 	0.436419 	3.55486 	0
17.1829 	0.294779 	0.436419 	3.55486 	0
17.2531 	0.218423 	0.464379 	3.57413 	0
17.3232 	0.218423 	0.464379 	3.57413 	0
17.3933 	0.218423 	0.464379 	3.57413 	0
17.4635 	0.321742 	0.488822 	3.55536 	1.89505e-19
17.5336 	0.321742 	0.488822 	3.55536 	1.89505e-19
17.6037 	0.254514 	0.508914 	3.56353 	0
17.6739 	0.254514 	0.508914 	3.56353 	0
17.744 	0.254514 	0.508914 	3.56353 	0
17.8141 	0.254514 	0.508914 	3.56353 	0
17.8843 	0.254514 	0.508914 	3.56353 	0
17.9544 	0.29743 	0.566063 	3.55283 	1.70922e-19
18.0245 	0.29743 	0.566063 	3.55283 	1.70922e-19
18.0947 	0.29743 	0.566063 	3.55283 	1.70922e-19
18.1648 	0.29743 	0.566063 	3.55283 	1.70922e-19
18.2349 	0.242147 	0.580786 	3.56305 	-2.47962e-19
18.3051 	0.242147 	0.580786 	3.56305 	-2.47962e-19
18.3752 	0.242147 	0.580786 	3.56305 	-2.47962e-19
18.4453 	0.242147 	0.580786 	3.56305 	-2.47962e-19
18.5155 	0.242147 	0.580786 	3.56305 	-2.47962e-19
18.5856 	0.282039 	0.623309 	3.54502 	-3.56408e-19
18.6557 	0.282039 	0.623309 	3.54502 	-3.56408e-19
18.7259 	0.282039 	0.623309 	3.54502 	-3.56408e-19
18.796 	0.282039 	0.623309 	3.54502 	-3.56408e-19
18.8662 	0.230083 	0.640618 	3.55655 	3.0214e-19
18.9363 	0.230083 	0.640618 	3.55655 	3.0214e-19
19.0064 	0.230083 	0.640618 	3.55655 	3.0214e-19
19.0766 	0.230083 	0.640618 	3.55655 	3.0214e-19
19.1467 	0.230083 	0.640618 	3.55655 	3.0214e-19
19.2168 	0.180862 	0.66609 	3.57338 	5.44839e-20
19.287 	0.27278 	0.665784 	3.52999 	2.01676e-19
19.3571 	0.27278 	0.665784 	3.52999 	2.01676e-19
19.4272 	0.27278 	0.665784 	3.52999 	2.01676e-19
19.4974 	0.27278 	0.665784 	3.52999 	2.01676e-19
19.5675 	0.222607 	0.687008 	3.54429 	4.29336e-20
19.6376 	0.222607 	0.687008 	3.54429 	4.29336e-20
19.7078 	0.222607 	0.687008 	3.54429 	4.29336e-20
19.7779 	0.222607 	0.687008 	3.54429 	4.29336e-20
19.848 	0.222607 	0.687008 	3.54429 	4.29336e-20
19.9182 	0.17442 	0.715446 	3.56245 	-8.48077e-20
19.9883 	0.17442 	0.715446 	3.56245 	-8.48077e-20
20.0584 	0.267499 	0.690728 	3.49467 	0
20.1286 	0.267499 	0.690728 	3.49467 	0
20.1987 	0.267499 	0.690728 	3.49467 	0
20.2688 	0.21708 	0.716213 	3.52078 	6.60038e-20
20.339 	0.21708 	0.716213 	3.52078 	6.60038e-20
20.4091 	0.21708 	0.716213 	3.52078 	6.60038e-20
20.4792 	0.21708 	0.716213 	3.52078 	6.60038e-20
20.5494 	0.21708 	0.716213 	3.52078 	6.60038e-20
20.6195 	0.167848 	0.74899 	3.54537 	-2.83134e-20
20.6896 	0.167848 	0.74899 	3.54537 	-2.83134e-20
20.7598 	0.167848 	0.74899 	3.54537 	-2.83134e-20
20.8299 	0.167848 	0.74899 	3.54537 	-2.83134e-20
20.9 	0.261165 	0.69753 	3.38963 	3.55732e-19
20.9702 	0.210835 	0.726723 	3.44833 	1.45567e-19
21.0403 	0.210835 	0.726723 	3.44833 	1.45567e-19
21.1105 	0.210835 	0.726723 	3.44833 	1.45567e-19
21.1806 	0.210835 	0.726723 	3.44833 	1.45567e-19
21.2507 	0.210835 	0.726723 	3.44833 	1.45567e-19
21.3209 	0.163393 	0.762393 	3.49558 	-1.00358e-19
21.391 	0.163393 	0.762393 	3.49558 	-1.00358e-19
21.4611 	0.163393 	0.762393 	3.49558 	-1.00358e-19
21.5313 	0.163393 	0.762393 	3.49558 	-1.00358e-19
21.6014 	0.163393 	0.762393 	3.49558 	-1.00358e-19
21.6715 	0.163393 	0.762393 	3.49558 	-1.00358e-19
21.7417 	0.119737 	0.785797 	3.52138 	1.69168e-20
21.8118 	0.119737 	0.785797 	3.52138 	1.69168e-20
21.8819 	0.119737 	0.785797 	3.52138 	1.69168e-20
21.9521 	0.197886 	0.717548 	3.25146 	5.04942e-20
22.0222 	0.197886 	0.717548 	3.25146 	5.04942e-20
22.0923 	0.16014 	0.754551 	3.34442 	1.50825e-19
22.1625 	0.16014 	0.754551 	3.34442 	1.50825e-19
22.2326 	0.16014 	0.754551 	3.34442 	1.50825e-19
22.3027 	0.16014 	0.754551 	3.34442 	1.50825e-19
22.3729 	0.16014 	0.754551 	3.34442 	1.50825e-19
22.443 	0.16014 	0.754551 	3.34442 	1.50825e-19
22.5131 	0.118196 	0.783469 	3.41233 	-3.71391e-20
22.5833 	0.118196 	0.783469 	3.41233 	-3.71391e-20
22.6534 	0.118196 	0.783469 	3.41233 	-3.71391e-20
22.7235 	0.118196 	0.783469 	3.41233 	-3.71391e-20
22.7937 	0.118196 	0.783469 	3.41233 	-3.71391e-20
22.8638 	0.0747037 	0.816204 	3.46488 	-7.25191e-20
22.9339 	0.0747037 	0.816204 	3.46488 	-7.25191e-20
23.0041 	0.0747037 	0.816204 	3.46488 	-7.25191e-20
23.0742 	0.115079 	0.707475 	2.91654 	1.21564e-19
23.1443 	0.115079 	0.707475 	2.91654 	1.21564e-19
23.2145 	0.115079 	0.707475 	2.91654 	1.21564e-19
23.2846 	0.0800003 	0.747621 	3.07965 	9.93977e-21
23.3548 	0.0800003 	0.747621 	3.07965 	9.93977e-21
23.4249 	0.0800003 	0.747621 	3.07965 	9.93977e-21
23.495 	0.0800003 	0.747621 	3.07965 	9.93977e-21
23.5652 	0.0800003 	0.747621 	3.07965 	9.93977e-21
23.6353 	0.0800003 	0.747621 	3.07965 	9.93977e-21
23.7054 	0.047466 	0.780812 	3.18855 	1.90655e-20
23.7756 	0.047466 	0.780812 	3.18855 	1.90655e-20
23.8457 	0.047466 	0.780812 	3.18855 	1.90655e-20
23.9158 	0.047466 	0.780812 	3.18855 	1.90655e-20
23.986 	0.047466 	0.780812 	3.18855 	1.90655e-20
24.0561 	0.047466 	0.780812 	3.18855 	1.90655e-20
24.1262 	0.0140292 	0.812146 	3.28536 	0
24.1964 	0.0140292 	0.812146 	3.28536 	0
24.2665 	0.0140292 	0.812146 	3.28536 	0
24.3366 	0.0140292 	0.812146 	3.28536 	0
24.4068 	0.0140292 	0.812146 	3.28536 	0
24.4769 	0.0278327 	0.662843 	2.47523 	3.27437e-20
24.547 	0.0278327 	0.662843 	2.47523 	3.27437e-20
24.6172 	-0.0066412 	0.684543 	2.57087 	-1.98461e-20
24.6873 	-0.0066412 	0.684543 	2.57087 	-1.98461e-20
24.7574 	-0.0066412 	0.684543 	2.57087 	-1.98461e-20
24.8276 	-0.0066412 	0.684543 	2.57087 	-1.98461e-20
24.8977 	-0.0066412 	0.684543 	2.57087 	-1.98461e-20
24.9678 	-0.0066412 	0.684543 	2.57087 	-1.98461e-20
25.038 	-0.0388579 	0.729532 	2.7561 	4.10151e-21
25.1081 	-0.0388579 	0.729532 	2.7561 	4.10151e-21
25.1782 	-0.0388579 	0.729532 	2.7561 	4.10151e-21
25.2484 	-0.0388579 	0.729532 	2.7561 	4.10151e-21
25.3185 	-0.0388579 	0.729532 	2.7561 	4.10151e-21
25.3886 	-0.0388579 	0.729532 	2.7561 	4.10151e-21
25.4588 	-0.0686818 	0.750587 	2.8374 	0
25.5289 	-0.0686818 	0.750587 	2.8374 	0
25.5991 	-0.0686818 	0.750587 	2.8374 	0
25.6692 	-0.0686818 	0.750587 	2.8374 	0
25.7393 	-0.0686818 	0.750587 	2.8374 	0
25.8095 	-0.0686818 	0.750587 	2.8374 	0
25.8796 	-0.0686818 	0.750587 	2.8374 	0
25.9497 	-0.0967415 	0.790505 	2.98459 	-6.81387e-20
26.0199 	-0.0967415 	0.790505 	2.98459 	-6.81387e-20
26.09 	-0.0826304 	0.615381 	2.11698 	-5.18628e-20
26.1601 	-0.0826304 	0.615381 	2.11698 	-5.18628e-20
26.2303 	-0.0826304 	0.615381 	2.11698 	-5.18628e-20
26.3004 	-0.0826304 	0.615381 	2.11698 	-5.18628e-20
26.3705 	-0.0826304 	0.615381 	2.11698 	-5.18628e-20
26.4407 	-0.111328 	0.627479 	2.16668 	1.40756e-19
26.5108 	-0.111328 	0.627479 	2.16668 	1.40756e-19
26.5809 	-0.111328 	0.627479 	2.16668 	1.40756e-19
26.6511 	-0.111328 	0.627479 	2.16668 	1.40756e-19
26.7212 	-0.111328 	0.627479 	2.16668 	1.40756e-19
26.7913 	-0.111328 	0.627479 	2.16668 	1.40756e-19
26.8615 	-0.111328 	0.627479 	2.16668 	1.40756e-19
26.9316 	-0.13943 	0.654741 	2.2798 	-9.91869e-20
27.0017 	-0.13943 	0.654741 	2.2798 	-9.91869e-20
27.0719 	-0.13943 	0.654741 	2.2798 	-9.91869e-20
27.142 	-0.13943 	0.654741 	2.2798 	-9.91869e-20
27.2121 	-0.13943 	0.654741 	2.2798 	-9.91869e-20
27.2823 	-0.13943 	0.654741 	2.2798 	-9.91869e-20
27.3524 	-0.167535 	0.664555 	2.32502 	-3.97553e-20
27.4225 	-0.167535 	0.664555 	2.32502 	-3.97553e-20
27.4927 	-0.167535 	0.664555 	2.32502 	-3.97553e-20
27.5628 	-0.167535 	0.664555 	2.32502 	-3.97553e-20
27.6329 	-0.167535 	0.664555 	2.32502 	-3.97553e-20
27.7031 	-0.167535 	0.664555 	2.32502 	-3.97553e-20
27.7732 	-0.167535 	0.664555 	2.32502 	-3.97553e-20
27.8434 	-0.167535 	0.664555 	2.32502 	-3.97553e-20
27.9135 	-0.192407 	0.688777 	2.42805 	-4.86132e-20
27.9836 	-0.192407 	0.688777 	2.42805 	-4.86132e-20
28.0538 	-0.192407 	0.688777 	2.42805 	-4.86132e-20
28.1239 	-0.192407 	0.688777 	2.42805 	-4.86132e-20
28.194 	-0.192407 	0.688777 	2.42805 	-4.86132e-20
28.2642 	-0.192407 	0.688777 	2.42805 	-4.86132e-20
28.3343 	-0.205006 	0.551672 	1.84531 	5.71004e-20
28.4044 	-0.22953 	0.550986 	1.86567 	-9.83215e-20
28.4746 	-0.22953 	0.550986 	1.86567 	-9.83215e-20
28.5447 	-0.22953 	0.550986 	1.86567 	-9.83215e-20
28.6148 	-0.22953 	0.550986 	1.86567 	-9.83215e-20
28.685 	-0.22953 	0.550986 	1.86567 	-9.83215e-20
28.7551 	-0.22953 	0.550986 	1.86567 	-9.83215e-20
28.8252 	-0.22953 	0.550986 	1.86567 	-9.83215e-20
28.8954 	-0.22953 	0.550986 	1.86567 	-9.83215e-20
28.9655 	-0.252018 	0.558517 	1.91132 	-1.19073e-19
29.0356 	-0.252018 	0.558517 	1.91132 	-1.19073e-19
29.1058 	-0.252018 	0.558517 	1.91132 	-1.19073e-19
29.1759 	-0.252018 	0.558517 	1.91132 	-1.19073e-19
29.246 	-0.252018 	0.558517 	1.91132 	-1.19073e-19
29.3162 	-0.252018 	0.558517 	1.91132 	-1.19073e-19
29.3863 	-0.252018 	0.558517 	1.91132 	-1.19073e-19
29.4564 	-0.273841 	0.554874 	1.92472 	1.10644e-19
29.5266 	-0.273841 	0.554874 	1.92472 	1.10644e-19
29.5967 	-0.273841 	0.554874 	1.92472 	1.10644e-19
29.6668 	-0.273841 	0.554874 	1.92472 	1.10644e-19
29.737 	-0.273841 	0.554874 	1.92472 	1.10644e-19
29.8071 	-0.273841 	0.554874 	1.92472 	1.10644e-19
29.8773 	-0.273841 	0.554874 	1.92472 	1.10644e-19
29.9474 	-0.273841 	0.554874 	1.92472 	1.10644e-19
30.0175 	-0.294703 	0.556245 	1.95813 	-1.28791e-19
30.0877 	-0.294703 	0.556245 	1.95813 	-1.28791e-19
30.1578 	-0.294703 	0.556245 	1.95813 	-1.28791e-19
30.2279 	-0.294703 	0.556245 	1.95813 	-1.28791e-19
30.2981 	-0.294703 	0.556245 	1.95813 	-1.28791e-19
30.3682 	-0.294703 	0.556245 	1.95813 	-1.28791e-19
30.4383 	-0.294703 	0.556245 	1.95813 	-1.28791e-19
30.5085 	-0.294703 	0.556245 	1.95813 	-1.28791e-19
30.5786 	-0.31716 	0.550509 	1.96221 	2.46708e-19
30.6487 	-0.31716 	0.550509 	1.96221 	2.46708e-19
30.7189 	-0.31716 	0.550509 	1.96221 	2.46708e-19
30.789 	-0.31716 	0.550509 	1.96221 	2.46708e-19
30.8591 	-0.31716 	0.550509 	1.96221 	2.46708e-19
30.9293 	-0.31716 	0.550509 	1.96221 	2.46708e-19
30.9994 	-0.31716 	0.550509 	1.96221 	2.46708e-19
31.0695 	-0.31716 	0.550509 	1.96221 	2.46708e-19
31.1397 	-0.33911 	0.546017 	1.97826 	-1.22452e-19
31.2098 	-0.33911 	0.546017 	1.97826 	-1.22452e-19
31.2799 	-0.33911 	0.546017 	1.97826 	-1.22452e-19
31.3501 	-0.33911 	0.546017 	1.97826 	-1.22452e-19
31.4202 	-0.33911 	0.546017 	1.97826 	-1.22452e-19
31.4903 	-0.33911 	0.546017 	1.97826 	-1.22452e-19
31.5605 	-0.356405 	0.503402 	1.75862 	2.18248e-19
31.6306 	-0.356405 	0.503402 	1.75862 	2.18248e-19
31.7007 	-0.374944 	0.503589 	1.76301 	-7.10327e-20
31.7709 	-0.374944 	0.503589 	1.76301 	-7.10327e-20
31.841 	-0.374944 	0.503589 	1.76301 	-7.10327e-20
31.9111 	-0.374944 	0.503589 	1.76301 	-7.10327e-20
31.9813 	-0.374944 	0.503589 	1.76301 	-7.10327e-20
32.0514 	-0.374944 	0.503589 	1.76301 	-7.10327e-20
32.1216 	-0.374944 	0.503589 	1.76301 	-7.10327e-20
32.1917 	-0.374944 	0.503589 	1.76301 	-7.10327e-20
32.2618 	-0.374944 	0.503589 	1.76301 	-7.10327e-20
32.332 	-0.391085 	0.501429 	1.77084 	0
32.4021 	-0.391085 	0.501429 	1.77084 	0
32.4722 	-0.391085 	0.501429 	1.77084 	0
32.5424 	-0.391085 	0.501429 	1.77084 	0
32.6125 	-0.391085 	0.501429 	1.77084 	0
32.6826 	-0.391085 	0.501429 	1.77084 	0
32.7528 	-0.391085 	0.501429 	1.77084 	0
32.8229 	-0.391085 	0.501429 	1.77084 	0
32.893 	-0.391085 	0.501429 	1.77084 	0
32.9632 	-0.405471 	0.499305 	1.76958 	0
33.0333 	-0.405471 	0.499305 	1.76958 	0
33.1034 	-0.405471 	0.499305 	1.76958 	0
33.1736 	-0.405471 	0.499305 	1.76958 	0
33.2437 	-0.405471 	0.499305 	1.76958 	0
33.3138 	-0.405471 	0.499305 	1.76958 	0
33.384 	-0.405471 	0.499305 	1.76958 	0
33.4541 	-0.405471 	0.499305 	1.76958 	0
33.5242 	-0.405471 	0.499305 	1.76958 	0
33.5944 	-0.415012 	0.4996 	1.76803 	3.76246e-20
33.6645 	-0.415012 	0.4996 	1.76803 	3.76246e-20
33.7346 	-0.415012 	0.4996 	1.76803 	3.76246e-20
33.8048 	-0.415012 	0.4996 	1.76803 	3.76246e-20
33.8749 	-0.415012 	0.4996 	1.76803 	3.76246e-20
33.945 	-0.415012 	0.4996 	1.76803 	3.76246e-20
34.0152 	-0.415012 	0.4996 	1.76803 	3.76246e-20
34.0853 	-0.415012 	0.4996 	1.76803 	3.76246e-20
34.1554 	-0.415012 	0.4996 	1.76803 	3.76246e-20
34.2256 	-0.418917 	0.495992 	1.75817 	-3.46516e-20
34.2957 	-0.418917 	0.495992 	1.75817 	-3.46516e-20
34.3659 	-0.418917 	0.495992 	1.75817 	-3.46516e-20
34.436 	-0.418917 	0.495992 	1.75817 	-3.46516e-20
34.5061 	-0.418917 	0.495992 	1.75817 	-3.46516e-20
34.5763 	-0.418917 	0.495992 	1.75817 	-3.46516e-20
34.6464 	-0.418917 	0.495992 	1.75817 	-3.46516e-20
34.7165 	-0.418917 	0.495992 	1.75817 	-3.46516e-20
34.7867 	-0.418917 	0.495992 	1.75817 	-3.46516e-20
34.8568 	-0.418917 	0.495992 	1.75817 	-3.46516e-20
34.9269 	-0.417694 	0.488709 	1.74942 	6.89828e-20
34.9971 	-0.417694 	0.488709 	1.74942 	6.89828e-20
35.0672 	-0.417694 	0.488709 	1.74942 	6.89828e-20
35.1373 	-0.417694 	0.488709 	1.74942 	6.89828e-20
35.2075 	-0.417694 	0.488709 	1.74942 	6.89828e-20
35.2776 	-0.417694 	0.488709 	1.74942 	6.89828e-20
35.3477 	-0.417694 	0.488709 	1.74942 	6.89828e-20
35.4179 	-0.417694 	0.488709 	1.74942 	6.89828e-20
35.488 	-0.417694 	0.488709 	1.74942 	6.89828e-20
35.5581 	-0.417694 	0.488709 	1.74942 	6.89828e-20
35.6283 	-0.413218 	0.477337 	1.73985 	-1.63369e-20
35.6984 	-0.413218 	0.477337 	1.73985 	-1.63369e-20
35.7685 	-0.413218 	0.477337 	1.73985 	-1.63369e-20
35.8387 	-0.413218 	0.477337 	1.73985 	-1.63369e-20
35.9088 	-0.413218 	0.477337 	1.73985 	-1.63369e-20
35.9789 	-0.413218 	0.477337 	1.73985 	-1.63369e-20
36.0491 	-0.413218 	0.477337 	1.73985 	-1.63369e-20
36.1192 	-0.413218 	0.477337 	1.73985 	-1.63369e-20
36.1893 	-0.413218 	0.477337 	1.73985 	-1.63369e-20
36.2595 	-0.413218 	0.477337 	1.73985 	-1.63369e-20
36.3296 	-0.407443 	0.462136 	1.7341 	1.55799e-20
36.3997 	-0.407443 	0.462136 	1.7341 	1.55799e-20
36.4699 	-0.407443 	0.462136 	1.7341 	1.55799e-20
36.54 	-0.407443 	0.462136 	1.7341 	1.55799e-20
36.6102 	-0.407443 	0.462136 	1.7341 	1.55799e-20
36.6803 	-0.407443 	0.462136 	1.7341 	1.55799e-20
36.7504 	-0.407443 	0.462136 	1.7341 	1.55799e-20
36.8206 	-0.407443 	0.462136 	1.7341 	1.55799e-20
36.8907 	-0.407443 	0.462136 	1.7341 	1.55799e-20
36.9608 	-0.407443 	0.462136 	1.7341 	1.55799e-20
37.031 	-0.407443 	0.462136 	1.7341 	1.55799e-20
37.1011 	-0.401589 	0.44565 	1.73007 	0
37.1712 	-0.401589 	0.44565 	1.73007 	0
37.2414 	-0.401589 	0.44565 	1.73007 	0
37.3115 	-0.401589 	0.44565 	1.73007 	0
37.3816 	-0.401589 	0.44565 	1.73007 	0
37.4518 	-0.401589 	0.44565 	1.73007 	0
37.5219 	-0.401589 	0.44565 	1.73007 	0
37.592 	-0.401589 	0.44565 	1.73007 	0
37.6622 	-0.394002 	0.432153 	1.7263 	0
37.7323 	-0.394002 	0.432153 	1.7263 	0
37.8024 	-0.394002 	0.432153 	1.7263 	0
37.8726 	-0.394002 	0.432153 	1.7263 	0
37.9427 	-0.394002 	0.432153 	1.7263 	0
38.0128 	-0.394002 	0.432153 	1.7263 	0
38.083 	-0.394002 	0.432153 	1.7263 	0
38.1531 	-0.394002 	0.432153 	1.7263 	0
38.2232 	-0.394002 	0.432153 	1.7263 	0
38.2934 	-0.38266 	0.419093 	1.72043 	0
38.3635 	-0.38266 	0.419093 	1.72043 	0
38.4336 	-0.38266 	0.419093 	1.72043 	0
38.5038 	-0.38266 	0.419093 	1.72043 	0
38.5739 	-0.38266 	0.419093 	1.72043 	0
38.644 	-0.38266 	0.419093 	1.72043 	0
38.7142 	-0.38266 	0.419093 	1.72043 	0
38.7843 	-0.38266 	0.419093 	1.72043 	0
38.8545 	-0.38266 	0.419093 	1.72043 	0
38.9246 	-0.368105 	0.404878 	1.71474 	0
38.9947 	-0.368105 	0.404878 	1.71474 	0
39.0649 	-0.368105 	0.404878 	1.71474 	0
39.135 	-0.368105 	0.404878 	1.71474 	0
39.2051 	-0.368105 	0.404878 	1.71474 	0
39.2753 	-0.368105 	0.404878 	1.71474 	0
39.3454 	-0.368105 	0.404878 	1.71474 	0
39.4155 	-0.368105 	0.404878 	1.71474 	0
39.4857 	-0.368105 	0.404878 	1.71474 	0
39.5558 	-0.352331 	0.388352 	1.70881 	0
39.6259 	-0.352331 	0.388352 	1.70881 	0
39.6961 	-0.352331 	0.388352 	1.70881 	0
39.7662 	-0.352331 	0.388352 	1.70881 	0
39.8363 	-0.352331 	0.388352 	1.70881 	0
39.9065 	-0.352331 	0.388352 	1.70881 	0
39.9766 	-0.352331 	0.388352 	1.70881 	0
40.0467 	-0.352331 	0.388352 	1.70881 	0
40.1169 	-0.33833 	0.369037 	1.70594 	0
40.187 	-0.33833 	0.369037 	1.70594 	0
40.2571 	-0.33833 	0.369037 	1.70594 	0
40.3273 	-0.33833 	0.369037 	1.70594 	0
40.3974 	-0.33833 	0.369037 	1.70594 	0
40.4675 	-0.33833 	0.369037 	1.70594 	0
40.5377 	-0.33833 	0.369037 	1.70594 	0
40.6078 	-0.33833 	0.369037 	1.70594 	0
40.6779 	-0.33833 	0.369037 	1.70594 	0
40.7481 	-0.326126 	0.34776 	1.70549 	0
40.8182 	-0.326126 	0.34776 	1.70549 	0
40.8883 	-0.326126 	0.34776 	1.70549 	0
40.9585 	-0.326126 	0.34776 	1.70549 	0
41.0286 	-0.326126 	0.34776 	1.70549 	0
41.0988 	-0.326126 	0.34776 	1.70549 	0
41.1689 	-0.326126 	0.34776 	1.70549 	0
41.239 	-0.326126 	0.34776 	1.70549 	0
41.3092 	-0.326126 	0.34776 	1.70549 	0
41.3793 	-0.313041 	0.325034 	1.70369 	0
41.4494 	-0.313041 	0.325034 	1.70369 	0
41.5196 	-0.313041 	0.325034 	1.70369 	0
41.5897 	-0.313041 	0.325034 	1.70369 	0
41.6598 	-0.313041 	0.325034 	1.70369 	0
41.73 	-0.313041 	0.325034 	1.70369 	0
41.8001 	-0.313041 	0.325034 	1.70369 	0
41.8702 	-0.313041 	0.325034 	1.70369 	0
41.9404 	-0.313041 	0.325034 	1.70369 	0
42.0105 	-0.29964 	0.302272 	1.7004 	0
42.0806 	-0.29964 	0.302272 	1.7004 	0
42.1508 	-0.29964 	0.302272 	1.7004 	0
42.2209 	-0.29964 	0.302272 	1.7004 	0
42.291 	-0.29964 	0.302272 	1.7004 	0
42.3612 	-0.29964 	0.302272 	1.7004 	0
42.4313 	-0.29964 	0.302272 	1.7004 	0
42.5014 	-0.29964 	0.302272 	1.7004 	0
42.5716 	-0.29964 	0.302272 	1.7004 	0
42.6417 	-0.289191 	0.279474 	1.69848 	0
42.7118 	-0.289191 	0.279474 	1.69848 	0
42.782 	-0.289191 	0.279474 	1.69848 	0
42.8521 	-0.289191 	0.279474 	1.69848 	0
42.9222 	-0.289191 	0.279474 	1.69848 	0
42.9924 	-0.289191 	0.279474 	1.69848 	0
43.0625 	-0.289191 	0.279474 	1.69848 	0
43.1327 	-0.289191 	0.279474 	1.69848 	0
43.2028 	-0.283421 	0.256359 	1.69918 	0
43.2729 	-0.283421 	0.256359 	1.69918 	0
43.3431 	-0.283421 	0.256359 	1.69918 	0
43.4132 	-0.283421 	0.256359 	1.69918 	0
43.4833 	-0.283421 	0.256359 	1.69918 	0
43.5535 	-0.283421 	0.256359 	1.69918 	0
43.6236 	-0.283421 	0.256359 	1.69918 	0
43.6937 	-0.283421 	0.256359 	1.69918 	0
43.7639 	-0.283421 	0.256359 	1.69918 	0
43.834 	-0.281717 	0.233232 	1.70227 	0
43.9041 	-0.281717 	0.233232 	1.70227 	0
43.9743 	-0.281717 	0.233232 	1.70227 	0
44.0444 	-0.281717 	0.233232 	1.70227 	0
44.1145 	-0.281717 	0.233232 	1.70227 	0
44.1847 	-0.281717 	0.233232 	1.70227 	0
44.2548 	-0.281717 	0.233232 	1.70227 	0
44.3249 	-0.281717 	0.233232 	1.70227 	0
44.3951 	-0.281717 	0.233232 	1.70227 	0
44.4652 	-0.282663 	0.210206 	1.70613 	0
44.5353 	-0.282663 	0.210206 	1.70613 	0
44.6055 	-0.282663 	0.210206 	1.70613 	0
44.6756 	-0.282663 	0.210206 	1.70613 	0
44.7457 	-0.282663 	0.210206 	1.70613 	0
44.8159 	-0.282663 	0.210206 	1.70613 	0
44.886 	-0.282663 	0.210206 	1.70613 	0
44.9561 	-0.282663 	0.210206 	1.70613 	0
45.0263 	-0.282663 	0.210206 	1.70613 	0
45.0964 	-0.2854 	0.18725 	1.71017 	0
45.1665 	-0.2854 	0.18725 	1.71017 	0
45.2367 	-0.2854 	0.18725 	1.71017 	0
45.3068 	-0.2854 	0.18725 	1.71017 	0
45.377 	-0.2854 	0.18725 	1.71017 	0
45.4471 	-0.2854 	0.18725 	1.71017 	0
45.5172 	-0.2854 	0.18725 	1.71017 	0
45.5874 	-0.2854 	0.18725 	1.71017 	0
45.6575 	-0.289578 	0.164454 	1.71402 	0
45.7276 	-0.289578 	0.164454 	1.71402 	0
45.7978 	-0.289578 	0.164454 	1.71402 	0
45.8679 	-0.289578 	0.164454 	1.71402 	0
45.938 	-0.289578 	0.164454 	1.71402 	0
46.0082 	-0.289578 	0.164454 	1.71402 	0
46.0783 	-0.289578 	0.164454 	1.71402 	0
46.1484 	-0.289578 	0.164454 	1.71402 	0
46.2186 	-0.289578 	0.164454 	1.71402 	0
46.2887 	-0.294092 	0.141811 	1.71677 	0
46.3588 	-0.294092 	0.141811 	1.71677 	0
46.429 	-0.294092 	0.141811 	1.71677 	0
46.4991 	-0.294092 	0.141811 	1.71677 	0
46.5692 	-0.294092 	0.141811 	1.71677 	0
46.6394 	-0.294092 	0.141811 	1.71677 	0
46.7095 	-0.294092 	0.141811 	1.71677 	0
46.7796 	-0.241171 	0.140162 	1.68456 	0
46.8498 	-0.241171 	0.140162 	1.68456 	0
46.9199 	-0.245659 	0.118372 	1.68408 	0
46.99 	-0.245659 	0.118372 	1.68408 	0
47.0602 	-0.245659 	0.118372 	1.68408 	0
47.1303 	-0.245659 	0.118372 	1.68408 	0
47.2004 	-0.245659 	0.118372 	1.68408 	0
47.2706 	-0.245659 	0.118372 	1.68408 	0
47.3407 	-0.245659 	0.118372 	1.68408 	0
47.4108 	-0.245659 	0.118372 	1.68408 	0
47.481 	-0.245659 	0.118372 	1.68408 	0
47.5511 	-0.250253 	0.0965048 	1.68287 	0
47.6213 	-0.250253 	0.0965048 	1.68287 	0
47.6914 	-0.250253 	0.0965048 	1.68287 	0
47.7615 	-0.250253 	0.0965048 	1.68287 	0
47.8317 	-0.250253 	0.0965048 	1.68287 	0
47.9018 	-0.250253 	0.0965048 	1.68287 	0
47.9719 	-0.250253 	0.0965048 	1.68287 	0
48.0421 	-0.250253 	0.0965048 	1.68287 	0
48.1122 	-0.250253 	0.0965048 	1.68287 	0
48.1823 	-0.254807 	0.0750746 	1.6808 	0
48.2525 	-0.254807 	0.0750746 	1.6808 	0
48.3226 	-0.254807 	0.0750746 	1.6808 	0
48.3927 	-0.254807 	0.0750746 	1.6808 	0
48.4629 	-0.254807 	0.0750746 	1.6808 	0
48.533 	-0.254807 	0.0750746 	1.6808 	0
48.6031 	-0.254807 	0.0750746 	1.6808 	0
48.6733 	-0.254807 	0.0750746 	1.6808 	0
48.7434 	-0.257522 	0.0533155 	1.67624 	0
48.8135 	-0.257522 	0.0533155 	1.67624 	0
48.8837 	-0.257522 	0.0533155 	1.67624 	0
48.9538 	-0.257522 	0.0533155 	1.67624 	0
49.0239 	-0.257522 	0.0533155 	1.67624 	0
49.0941 	-0.257522 	0.0533155 	1.67624 	0
49.1642 	-0.257522 	0.0533155 	1.67624 	0
49.2343 	-0.257522 	0.0533155 	1.67624 	0
49.3045 	-0.257522 	0.0533155 	1.67624 	0
49.3746 	-0.257056 	0.0313906 	1.66805 	0
49.4447 	-0.257056 	0.0313906 	1.66805 	0
49.5149 	-0.257056 	0.0313906 	1.66805 	0
49.585 	-0.257056 	0.0313906 	1.66805 	0
49.6551 	-0.257056 	0.0313906 	1.66805 	0
49.7253 	-0.257056 	0.0313906 	1.66805 	0
49.7954 	-0.257056 	0.0313906 	1.66805 	0
49.8656 	-0.257056 	0.0313906 	1.66805 	0
49.9357 	-0.257056 	0.0313906 	1.66805 	0
50.0058 	-0.25319 	0.0105421 	1.65697 	0
50.076 	-0.25319 	0.0105421 	1.65697 	0
50.1461 	-0.25319 	0.0105421 	1.65697 	0
50.2162 	-0.25319 	0.0105421 	1.65697 	0
50.2864 	-0.25319 	0.0105421 	1.65697 	0
50.3565 	-0.25319 	0.0105421 	1.65697 	0
50.4266 	-0.25319 	0.0105421 	1.65697 	0
50.4968 	-0.25319 	0.0105421 	1.65697 	0
50.5669 	-0.25319 	0.0105421 	1.65697 	0
50.637 	-0.245623 	-0.00989632 	1.64349 	0
50.7072 	-0.245623 	-0.00989632 	1.64349 	0
50.7773 	-0.245623 	-0.00989632 	1.64349 	0
50.8474 	-0.245623 	-0.00989632 	1.64349 	0
50.9176 	-0.245623 	-0.00989632 	1.64349 	0
50.9877 	-0.245623 	-0.00989632 	1.64349 	0
51.0578 	-0.245623 	-0.00989632 	1.64349 	0
51.128 	-0.245623 	-0.00989632 	1.64349 	0
51.1981 	-0.245623 	-0.00989632 	1.64349 	0
51.2682 	-0.234631 	-0.0300513 	1.62713 	0
51.3384 	-0.234631 	-0.0300513 	1.62713 	0
51.4085 	-0.234631 	-0.0300513 	1.62713 	0
51.4786 	-0.234631 	-0.0300513 	1.62713 	0
51.5488 	-0.234631 	-0.0300513 	1.62713 	0
51.6189 	-0.234631 	-0.0300513 	1.62713 	0
51.689 	-0.234631 	-0.0300513 	1.62713 	0
51.7592 	-0.234631 	-0.0300513 	1.62713 	0
51.8293 	-0.219268 	-0.0488462 	1.60811 	0
51.8994 	-0.219268 	-0.0488462 	1.60811 	0
51.9696 	-0.219268 	-0.0488462 	1.60811 	0
52.0397 	-0.219268 	-0.0488462 	1.60811 	0
52.1099 	-0.219268 	-0.0488462 	1.60811 	0
52.18 	-0.219268 	-0.0488462 	1.60811 	0
52.2501 	-0.219268 	-0.0488462 	1.60811 	0
52.3203 	-0.219268 	-0.0488462 	1.60811 	0
52.3904 	-0.219268 	-0.0488462 	1.60811 	0
52.4605 	-0.200285 	-0.0656845 	1.58733 	0
52.5307 	-0.200285 	-0.0656845 	1.58733 	0
52.6008 	-0.200285 	-0.0656845 	1.58733 	0
52.6709 	-0.200285 	-0.0656845 	1.58733 	0
52.7411 	-0.200285 	-0.0656845 	1.58733 	0
52.8112 	-0.200285 	-0.0656845 	1.58733 	0
52.8813 	-0.200285 	-0.0656845 	1.58733 	0
52.9515 	-0.200285 	-0.0656845 	1.58733 	0
53.0216 	-0.200285 	-0.0656845 	1.58733 	0
53.0917 	-0.178447 	-0.0810107 	1.56634 	0
53.1619 	-0.178447 	-0.0810107 	1.56634 	0
53.232 	-0.178447 	-0.0810107 	1.56634 	0
53.3021 	-0.178447 	-0.0810107 	1.56634 	0
53.3723 	-0.178447 	-0.0810107 	1.56634 	0
53.4424 	-0.178447 	-0.0810107 	1.56634 	0
53.5125 	-0.178447 	-0.0810107 	1.56634 	0
53.5827 	-0.178447 	-0.0810107 	1.56634 	0
53.6528 	-0.178447 	-0.0810107 	1.56634 	0
53.7229 	-0.154467 	-0.0939757 	1.5457 	0
53.7931 	-0.154467 	-0.0939757 	1.5457 	0
53.8632 	-0.154467 	-0.0939757 	1.5457 	0
53.9333 	-0.154467 	-0.0939757 	1.5457 	0
54.0035 	-0.154467 	-0.0939757 	1.5457 	0
54.0736 	-0.154467 	-0.0939757 	1.5457 	0
54.1437 	-0.154467 	-0.0939757 	1.5457 	0
54.2139 	-0.154467 	-0.0939757 	1.5457 	0
54.284 	-0.129032 	-0.104531 	1.52733 	0
54.3542 	-0.129032 	-0.104531 	1.52733 	0
54.4243 	-0.129032 	-0.104531 	1.52733 	0
54.4944 	-0.129032 	-0.104531 	1.52733 	0
54.5646 	-0.129032 	-0.104531 	1.52733 	0
54.6347 	-0.129032 	-0.104531 	1.52733 	0
54.7048 	-0.129032 	-0.104531 	1.52733 	0
54.775 	-0.129032 	-0.104531 	1.52733 	0
54.8451 	-0.129032 	-0.104531 	1.52733 	0
54.9152 	-0.102706 	-0.111073 	1.5114 	0
54.9854 	-0.102706 	-0.111073 	1.5114 	0
55.0555 	-0.102706 	-0.111073 	1.5114 	0
55.1256 	-0.102706 	-0.111073 	1.5114 	0
55.1958 	-0.102706 	-0.111073 	1.5114 	0
55.2659 	-0.102706 	-0.111073 	1.5114 	0
55.336 	-0.102706 	-0.111073 	1.5114 	0
55.4062 	-0.102706 	-0.111073 	1.5114 	0
55.4763 	-0.102706 	-0.111073 	1.5114 	0
55.5464 	-0.0762812 	-0.114769 	1.4982 	0
55.6166 	-0.0762812 	-0.114769 	1.4982 	0
55.6867 	-0.0762812 	-0.114769 	1.4982 	0
55.7568 	-0.0762812 	-0.114769 	1.4982 	0
55.827 	-0.0762812 	-0.114769 	1.4982 	0
55.8971 	-0.0762812 	-0.114769 	1.4982 	0
55.9672 	-0.0762812 	-0.114769 	1.4982 	0
56.0374 	-0.0762812 	-0.114769 	1.4982 	0
56.1075 	-0.0762812 	-0.114769 	1.4982 	0
56.1776 	-0.0505317 	-0.1144 	1.48811 	0
56.2478 	-0.0505317 	-0.1144 	1.48811 	0
56.3179 	-0.0505317 	-0.1144 	1.48811 	0
56.3881 	-0.0505317 	-0.1144 	1.48811 	0
56.4582 	-0.0505317 	-0.1144 	1.48811 	0
56.5283 	-0.0505317 	-0.1144 	1.48811 	0
56.5985 	-0.0505317 	-0.1144 	1.48811 	0
56.6686 	-0.0505317 	-0.1144 	1.48811 	0
56.7387 	-0.0505317 	-0.1144 	1.48811 	0
56.8089 	-0.0264778 	-0.111825 	1.47964 	0
56.879 	-0.0264778 	-0.111825 	1.47964 	0
56.9491 	-0.0264778 	-0.111825 	1.47964 	0
57.0193 	-0.0264778 	-0.111825 	1.47964 	0
57.0894 	-0.0264778 	-0.111825 	1.47964 	0
57.1595 	-0.0264778 	-0.111825 	1.47964 	0
57.2297 	-0.0264778 	-0.111825 	1.47964 	0
57.2998 	-0.0264778 	-0.111825 	1.47964 	0
57.3699 	-0.00403626 	-0.10563 	1.47448 	0
57.4401 	-0.00403626 	-0.10563 	1.47448 	0
57.5102 	-0.00403626 	-0.10563 	1.47448 	0
57.5803 	-0.00403626 	-0.10563 	1.47448 	0
57.6505 	-0.00403626 	-0.10563 	1.47448 	0
57.7206 	-0.00403626 	-0.10563 	1.47448 	0
57.7907 	-0.00403626 	-0.10563 	1.47448 	0
57.8609 	-0.00403626 	-0.10563 	1.47448 	0
57.931 	-0.00403626 	-0.10563 	1.47448 	0
58.0011 	0.0153745 	-0.0973108 	1.46932 	0
58.0713 	0.0153745 	-0.0973108 	1.46932 	0
58.1414 	0.0153745 	-0.0973108 	1.46932 	0
58.2115 	0.0153745 	-0.0973108 	1.46932 	0
58.2817 	0.0153745 	-0.0973108 	1.46932 	0
58.3518 	0.0153745 	-0.0973108 	1.46932 	0
58.4219 	0.0153745 	-0.0973108 	1.46932 	0
58.4921 	0.0153745 	-0.0973108 	1.46932 	0
58.5622 	0.0153745 	-0.0973108 	1.46932 	0
58.6324 	0.0314973 	-0.087125 	1.46687 	0
58.7025 	0.0314973 	-0.087125 	1.46687 	0
58.7726 	0.0314973 	-0.087125 	1.46687 	0
58.8428 	0.0314973 	-0.087125 	1.46687 	0
58.9129 	0.0314973 	-0.087125 	1.46687 	0
58.983 	0.0314973 	-0.087125 	1.46687 	0
59.0532 	0.0314973 	-0.087125 	1.46687 	0
59.1233 	0.0314973 	-0.087125 	1.46687 	0
59.1934 	0.0314973 	-0.087125 	1.46687 	0
59.2636 	0.0446713 	-0.0755323 	1.4626 	0
59.3337 	0.0446713 	-0.0755323 	1.4626 	0
59.4038 	0.0446713 	-0.0755323 	1.4626 	0
59.474 	0.0446713 	-0.0755323 	1.4626 	0
59.5441 	0.0446713 	-0.0755323 	1.4626 	0
59.6142 	0.0446713 	-0.0755323 	1.4626 	0
59.6844 	0.0446713 	-0.0755323 	1.4626 	0
59.7545 	0.0446713 	-0.0755323 	1.4626 	0
59.8246 	0.0547118 	-0.0644909 	1.45986 	0
59.8948 	0.0547118 	-0.0644909 	1.45986 	0
59.9649 	0.0547118 	-0.0644909 	1.45986 	0
60.035 	0.0547118 	-0.0644909 	1.45986 	0
60.1052 	0.0547118 	-0.0644909 	1.45986 	0
60.1753 	0.0547118 	-0.0644909 	1.45986 	0
60.2454 	0.0547118 	-0.0644909 	1.45986 	0
60.3156 	0.0547118 	-0.0644909 	1.45986 	0
60.3857 	0.0547118 	-0.0644909 	1.45986 	0
60.4558 	0.0616769 	-0.052307 	1.45653 	0
60.526 	0.0616769 	-0.052307 	1.45653 	0
60.5961 	0.0616769 	-0.052307 	1.45653 	0
60.6662 	0.0616769 	-0.052307 	1.45653 	0
60.7364 	0.0616769 	-0.052307 	1.45653 	0
60.8065 	0.0616769 	-0.052307 	1.45653 	0
60.8767 	0.0616769 	-0.052307 	1.45653 	0
60.9468 	0.0616769 	-0.052307 	1.45653 	0
61.0169 	0.0616769 	-0.052307 	1.45653 	0
61.0871 	0.0655967 	-0.0420212 	1.45304 	0
61.1572 	0.0655967 	-0.0420212 	1.45304 	0
61.2273 	0.0655967 	-0.0420212 	1.45304 	0
61.2975 	0.0655967 	-0.0420212 	1.45304 	0
61.3676 	0.0655967 	-0.0420212 	1.45304 	0
61.4377 	0.0655967 	-0.0420212 	1.45304 	0
61.5079 	0.0655967 	-0.0420212 	1.45304 	0
61.578 	0.0655967 	-0.0420212 	1.45304 	0
61.6481 	0.0655967 	-0.0420212 	1.45304 	0
61.7183 	0.0670804 	-0.0306917 	1.45039 	0
61.7884 	0.0670804 	-0.0306917 	1.45039 	0
61.8585 	0.0670804 	-0.0306917 	1.45039 	0
61.9287 	0.0670804 	-0.0306917 	1.45039 	0
61.9988 	0.0670804 	-0.0306917 	1.45039 	0
62.0689 	0.0670804 	-0.0306917 	1.45039 	0
62.1391 	0.0670804 	-0.0306917 	1.45039 	0
62.2092 	0.0670804 	-0.0306917 	1.45039 	0
62.2793 	0.0670804 	-0.0306917 	1.45039 	0
62.3495 	0.0664022 	-0.0206008 	1.4445 	0
62.4196 	0.0664022 	-0.0206008 	1.4445 	0
62.4897 	0.0664022 	-0.0206008 	1.4445 	0
62.5599 	0.0664022 	-0.0206008 	1.4445 	0
62.63 	0.0664022 	-0.0206008 	1.4445 	0
62.7001 	0.0664022 	-0.0206008 	1.4445 	0
62.7703 	0.0664022 	-0.0206008 	1.4445 	0
62.8404 	0.0664022 	-0.0206008 	1.4445 	0
62.9105 	0.0636248 	-0.0115884 	1.44076 	0
62.9807 	0.0636248 	-0.0115884 	1.44076 	0
63.0508 	0.0636248 	-0.0115884 	1.44076 	0
63.121 	0.0636248 	-0.0115884 	1.44076 	0
63.1911 	0.0636248 	-0.0115884 	1.44076 	0
63.2612 	0.0636248 	-0.0115884 	1.44076 	0
63.3314 	0.0636248 	-0.0115884 	1.44076 	0
63.4015 	0.0636248 	-0.0115884 	1.44076 	0
63.4716 	0.0636248 	-0.0115884 	1.44076 	0
63.5418 	0.0591123 	-0.00161604 	1.4329 	0
63.6119 	0.0591123 	-0.00161604 	1.4329 	0
63.682 	0.0591123 	-0.00161604 	1.4329 	0
63.7522 	0.0591123 	-0.00161604 	1.4329 	0
63.8223 	0.0591123 	-0.00161604 	1.4329 	0
63.8924 	0.0591123 	-0.00161604 	1.4329 	0
63.9626 	0.0591123 	-0.00161604 	1.4329 	0
64.0327 	0.0591123 	-0.00161604 	1.4329 	0
64.1028 	0.0591123 	-0.00161604 	1.4329 	0
64.173 	0.0528781 	0.00400413 	1.42666 	0
64.2431 	0.0528781 	0.00400413 	1.42666 	0
64.3132 	0.0528781 	0.00400413 	1.42666 	0
64.3834 	0.0528781 	0.00400413 	1.42666 	0
64.4535 	0.0528781 	0.00400413 	1.42666 	0
64.5236 	0.0528781 	0.00400413 	1.42666 	0
64.5938 	0.0528781 	0.00400413 	1.42666 	0
64.6639 	0.0528781 	0.00400413 	1.42666 	0
64.734 	0.0528781 	0.00400413 	1.42666 	0
64.8042 	0.0456241 	0.0117015 	1.41805 	0
64.8743 	0.0456241 	0.0117015 	1.41805 	0
64.9444 	0.0456241 	0.0117015 	1.41805 	0
65.0146 	0.0456241 	0.0117015 	1.41805 	0
65.0847 	0.0456241 	0.0117015 	1.41805 	0
65.1548 	0.0456241 	0.0117015 	1.41805 	0
65.225 	0.0456241 	0.0117015 	1.41805 	0
65.2951 	0.0468926 	0.0270004 	1.45848 	0
65.3653 	0.0468926 	0.0270004 	1.45848 	0
65.4354 	0.0371761 	0.0279704 	1.44698 	0
65.5055 	0.0371761 	0.0279704 	1.44698 	0
65.5757 	0.0371761 	0.0279704 	1.44698 	0
65.6458 	0.0371761 	0.0279704 	1.44698 	0
65.7159 	0.0371761 	0.0279704 	1.44698 	0
65.7861 	0.0371761 	0.0279704 	1.44698 	0
65.8562 	0.0371761 	0.0279704 	1.44698 	0
65.9263 	0.0371761 	0.0279704 	1.44698 	0
65.9965 	0.0274258 	0.0310464 	1.43778 	0
66.0666 	0.0274258 	0.0310464 	1.43778 	0
66.1367 	0.0274258 	0.0310464 	1.43778 	0
66.2069 	0.0274258 	0.0310464 	1.43778 	0
66.277 	0.0274258 	0.0310464 	1.43778 	0
66.3471 	0.0274258 	0.0310464 	1.43778 	0
66.4173 	0.0274258 	0.0310464 	1.43778 	0
66.4874 	0.0274258 	0.0310464 	1.43778 	0
66.5575 	0.0274258 	0.0310464 	1.43778 	0
66.6277 	0.0180772 	0.0260392 	1.42272 	0
66.6978 	0.0180772 	0.0260392 	1.42272 	0
66.7679 	0.0180772 	0.0260392 	1.42272 	0
66.8381 	0.0180772 	0.0260392 	1.42272 	0
66.9082 	0.0180772 	0.0260392 	1.42272 	0
66.9783 	0.0180772 	0.0260392 	1.42272 	0
67.0485 	0.0180772 	0.0260392 	1.42272 	0
67.1186 	0.0180772 	0.0260392 	1.42272 	0
67.1887 	0.0180772 	0.0260392 	1.42272 	0
67.2589 	0.00989496 	0.0184175 	1.41812 	0
67.329 	0.00989496 	0.0184175 	1.41812 	0
67.3991 	0.00989496 	0.0184175 	1.41812 	0
67.4693 	0.00989496 	0.0184175 	1.41812 	0
67.5394 	0.00989496 	0.0184175 	1.41812 	0
67.6096 	0.00989496 	0.0184175 	1.41812 	0
67.6797 	0.00989496 	0.0184175 	1.41812 	0
67.7498 	0.00989496 	0.0184175 	1.41812 	0
67.82 	0.00989496 	0.0184175 	1.41812 	0
67.8901 	0.0049168 	0.00867252 	1.4042 	0
67.9602 	0.0049168 	0.00867252 	1.4042 	0
68.0304 	0.0049168 	0.00867252 	1.4042 	0
68.1005 	0.0049168 	0.00867252 	1.4042 	0
68.1706 	0.0049168 	0.00867252 	1.4042 	0
68.2408 	0.0049168 	0.00867252 	1.4042 	0
68.3109 	0.0049168 	0.00867252 	1.4042 	0
68.381 	0.0049168 	0.00867252 	1.4042 	0
68.4512 	0.000409692 	-0.0170582 	1.40419 	0
68.5213 	0.000409692 	-0.0170582 	1.40419 	0
68.5914 	0.000409692 	-0.0170582 	1.40419 	0
68.6616 	0.000409692 	-0.0170582 	1.40419 	0
68.7317 	0.000409692 	-0.0170582 	1.40419 	0
68.8018 	0.000409692 	-0.0170582 	1.40419 	0
68.872 	0.000409692 	-0.0170582 	1.40419 	0
68.9421 	0.000409692 	-0.0170582 	1.40419 	0
69.0122 	0.000409692 	-0.0170582 	1.40419 	0
