0.490941 	1.84058 	0.00561244 	3.00062 	-5.68604e-20
0.561075 	1.84058 	0.00561244 	3.00062 	-5.68604e-20
0.63121 	1.84058 	0.00561244 	3.00062 	-5.68604e-20
0.701344 	1.84058 	0.00561244 	3.00062 	-5.68604e-20
0.771478 	1.84058 	0.00561244 	3.00062 	-5.68604e-20
0.841613 	1.84058 	0.00561244 	3.00062 	-5.68604e-20
0.911747 	1.84058 	0.00561244 	3.00062 	-5.68604e-20
0.981881 	1.84058 	0.00561244 	3.00062 	-5.68604e-20
1.05202 	1.84058 	0.00561244 	3.00062 	-5.68604e-20
1.12215 	1.84058 	0.00561244 	3.00062 	-5.68604e-20
1.19228 	1.84058 	0.00561244 	3.00062 	-5.68604e-20
1.26242 	1.84058 	0.00561244 	3.00062 	-5.68604e-20
1.33255 	1.80121 	0.0142328 	3.01442 	-5.84344e-20
1.40269 	1.80121 	0.0142328 	3.01442 	-5.84344e-20
1.47282 	1.80121 	0.0142328 	3.01442 	-5.84344e-20
1.54296 	1.80121 	0.0142328 	3.01442 	-5.84344e-20
1.61309 	1.80121 	0.0142328 	3.01442 	-5.84344e-20
1.68323 	1.80121 	0.0142328 	3.01442 	-5.84344e-20
1.75336 	1.80121 	0.0142328 	3.01442 	-5.84344e-20
1.82349 	1.80121 	0.0142328 	3.01442 	-5.84344e-20
1.89363 	1.80121 	0.0142328 	3.01442 	-5.84344e-20
1.96376 	1.80121 	0.0142328 	3.01442 	-5.84344e-20
2.0339 	1.80121 	0.0142328 	3.01442 	-5.84344e-20
2.10403 	1.80121 	0.0142328 	3.01442 	-5.84344e-20
2.17417 	1.74046 	0.0140516 	3.03184 	1.21621e-19
2.2443 	1.74046 	0.0140516 	3.03184 	1.21621e-19
2.31443 	1.74046 	0.0140516 	3.03184 	1.21621e-19
2.38457 	1.74046 	0.0140516 	3.03184 	1.21621e-19
2.4547 	1.74046 	0.0140516 	3.03184 	1.21621e-19
2.52484 	1.74046 	0.0140516 	3.03184 	1.21621e-19
2.59497 	1.74046 	0.0140516 	3.03184 	1.21621e-19
2.66511 	1.74046 	0.0140516 	3.03184 	1.21621e-19
2.73524 	1.74046 	0.0140516 	3.03184 	1.21621e-19
2.80538 	1.74046 	0.0140516 	3.03184 	1.21621e-19
2.87551 	1.74046 	0.0140516 	3.03184 	1.21621e-19
2.94564 	1.74046 	0.0140516 	3.03184 	1.21621e-19
3.01578 	1.66652 	0.0165926 	3.0589 	-1.41982e-20
3.08591 	1.66652 	0.0165926 	3.0589 	-1.41982e-20
3.15605 	1.66652 	0.0165926 	3.0589 	-1.41982e-20
3.22618 	1.66652 	0.0165926 	3.0589 	-1.41982e-20
3.29632 	1.66652 	0.0165926 	3.0589 	-1.41982e-20
3.36645 	1.66652 	0.0165926 	3.0589 	-1.41982e-20
3.43659 	1.66652 	0.0165926 	3.0589 	-1.41982e-20
3.50672 	1.66652 	0.0165926 	3.0589 	-1.41982e-20
3.57685 	1.66652 	0.0165926 	3.0589 	-1.41982e-20
3.64699 	1.66652 	0.0165926 	3.0589 	-1.41982e-20
3.71712 	1.66652 	0.0165926 	3.0589 	-1.41982e-20
3.78726 	1.65934 	0.00717226 	3.05541 	2.78063e-20
3.85739 	1.58042 	-0.000823647 	3.08427 	-2.06091e-19
3.92753 	1.58042 	-0.000823647 	3.08427 	-2.06091e-19
3.99766 	1.58042 	-0.000823647 	3.08427 	-2.06091e-19
4.06779 	1.58042 	-0.000823647 	3.08427 	-2.06091e-19
4.13793 	1.58042 	-0.000823647 	3.08427 	-2.06091e-19
4.20806 	1.58042 	-0.000823647 	3.08427 	-2.06091e-19
4.2782 	1.58042 	-0.000823647 	3.08427 	-2.06091e-19
4.34833 	1.58042 	-0.000823647 	3.08427 	-2.06091e-19
4.41847 	1.58042 	-0.000823647 	3.08427 	-2.06091e-19
4.4886 	1.58042 	-0.000823647 	3.08427 	-2.06091e-19
4.55874 	1.58042 	-0.000823647 	3.08427 	-2.06091e-19
4.62887 	1.58042 	-0.000823647 	3.08427 	-2.06091e-19
4.699 	1.58042 	-0.000823647 	3.08427 	-2.06091e-19
4.76914 	1.50171 	0.00554524 	3.1065 	4.01813e-19
4.83927 	1.50171 	0.00554524 	3.1065 	4.01813e-19
4.90941 	1.50171 	0.00554524 	3.1065 	4.01813e-19
4.97954 	1.50171 	0.00554524 	3.1065 	4.01813e-19
5.04968 	1.50171 	0.00554524 	3.1065 	4.01813e-19
5.11981 	1.50171 	0.00554524 	3.1065 	4.01813e-19
5.18994 	1.50171 	0.00554524 	3.1065 	4.01813e-19
5.26008 	1.50171 	0.00554524 	3.1065 	4.01813e-19
5.33021 	1.50171 	0.00554524 	3.1065 	4.01813e-19
5.40035 	1.50171 	0.00554524 	3.1065 	4.01813e-19
5.47048 	1.50171 	0.00554524 	3.1065 	4.01813e-19
5.54062 	1.50171 	0.00554524 	3.1065 	4.01813e-19
5.61075 	1.42704 	-0.00217486 	3.13372 	-1.95494e-19
5.68089 	1.42704 	-0.00217486 	3.13372 	-1.95494e-19
5.75102 	1.42704 	-0.00217486 	3.13372 	-1.95494e-19
5.82115 	1.42704 	-0.00217486 	3.13372 	-1.95494e-19
5.89129 	1.42704 	-0.00217486 	3.13372 	-1.95494e-19
5.96142 	1.42704 	-0.00217486 	3.13372 	-1.95494e-19
6.03156 	1.42704 	-0.00217486 	3.13372 	-1.95494e-19
6.10169 	1.42704 	-0.00217486 	3.13372 	-1.95494e-19
6.17183 	1.42704 	-0.00217486 	3.13372 	-1.95494e-19
6.24196 	1.42704 	-0.00217486 	3.13372 	-1.95494e-19
6.3121 	1.42704 	-0.00217486 	3.13372 	-1.95494e-19
6.38223 	1.42704 	-0.00217486 	3.13372 	-1.95494e-19
6.45236 	1.35575 	0.00535839 	3.15316 	0
6.5225 	1.35575 	0.00535839 	3.15316 	0
6.59263 	1.35575 	0.00535839 	3.15316 	0
6.66277 	1.35575 	0.00535839 	3.15316 	0
6.7329 	1.35575 	0.00535839 	3.15316 	0
6.80304 	1.35575 	0.00535839 	3.15316 	0
6.87317 	1.35575 	0.00535839 	3.15316 	0
6.9433 	1.35575 	0.00535839 	3.15316 	0
7.01344 	1.35575 	0.00535839 	3.15316 	0
7.08357 	1.35575 	0.00535839 	3.15316 	0
7.15371 	1.35575 	0.00535839 	3.15316 	0
7.22384 	1.35575 	0.00535839 	3.15316 	0
7.29398 	1.28774 	-0.00126429 	3.17803 	0
7.36411 	1.28774 	-0.00126429 	3.17803 	0
7.43425 	1.28774 	-0.00126429 	3.17803 	0
7.50438 	1.28774 	-0.00126429 	3.17803 	0
7.57451 	1.28774 	-0.00126429 	3.17803 	0
7.64465 	1.28774 	-0.00126429 	3.17803 	0
7.71478 	1.28774 	-0.00126429 	3.17803 	0
7.78492 	1.28774 	-0.00126429 	3.17803 	0
7.85505 	1.28774 	-0.00126429 	3.17803 	0
7.92519 	1.28774 	-0.00126429 	3.17803 	0
7.99532 	1.28774 	-0.00126429 	3.17803 	0
8.06545 	1.28774 	-0.00126429 	3.17803 	0
8.13559 	1.28774 	-0.00126429 	3.17803 	0
8.20572 	1.22055 	0.0079084 	3.19584 	3.70836e-22
8.27586 	1.22055 	0.0079084 	3.19584 	3.70836e-22
8.34599 	1.22055 	0.0079084 	3.19584 	3.70836e-22
8.41613 	1.22055 	0.0079084 	3.19584 	3.70836e-22
8.48626 	1.22055 	0.0079084 	3.19584 	3.70836e-22
8.5564 	1.22055 	0.0079084 	3.19584 	3.70836e-22
8.62653 	1.22055 	0.0079084 	3.19584 	3.70836e-22
8.69666 	1.22055 	0.0079084 	3.19584 	3.70836e-22
8.7668 	1.22055 	0.0079084 	3.19584 	3.70836e-22
8.83693 	1.22055 	0.0079084 	3.19584 	3.70836e-22
8.90707 	1.22055 	0.0079084 	3.19584 	3.70836e-22
8.9772 	1.22055 	0.0079084 	3.19584 	3.70836e-22
9.04734 	1.15411 	0.00370665 	3.21999 	2.9915e-19
9.11747 	1.15411 	0.00370665 	3.21999 	2.9915e-19
9.18761 	1.15411 	0.00370665 	3.21999 	2.9915e-19
9.25774 	1.15411 	0.00370665 	3.21999 	2.9915e-19
9.32787 	1.15411 	0.00370665 	3.21999 	2.9915e-19
9.39801 	1.15411 	0.00370665 	3.21999 	2.9915e-19
9.46814 	1.15411 	0.00370665 	3.21999 	2.9915e-19
9.53828 	1.15411 	0.00370665 	3.21999 	2.9915e-19
9.60841 	1.15411 	0.00370665 	3.21999 	2.9915e-19
9.67855 	1.15411 	0.00370665 	3.21999 	2.9915e-19
9.74868 	1.15411 	0.00370665 	3.21999 	2.9915e-19
9.81881 	1.15411 	0.00370665 	3.21999 	2.9915e-19
9.88895 	1.15411 	0.00370665 	3.21999 	2.9915e-19
9.95908 	1.08695 	0.0179469 	3.2375 	-2.58388e-22
10.0292 	1.08695 	0.0179469 	3.2375 	-2.58388e-22
10.0994 	1.08695 	0.0179469 	3.2375 	-2.58388e-22
10.1695 	1.08695 	0.0179469 	3.2375 	-2.58388e-22
10.2396 	1.08695 	0.0179469 	3.2375 	-2.58388e-22
10.3098 	1.08695 	0.0179469 	3.2375 	-2.58388e-22
10.3799 	1.08695 	0.0179469 	3.2375 	-2.58388e-22
10.45 	1.08695 	0.0179469 	3.2375 	-2.58388e-22
10.5202 	1.08695 	0.0179469 	3.2375 	-2.58388e-22
10.5903 	1.08695 	0.0179469 	3.2375 	-2.58388e-22
10.6604 	1.08695 	0.0179469 	3.2375 	-2.58388e-22
10.7306 	1.08695 	0.0179469 	3.2375 	-2.58388e-22
10.8007 	1.01898 	0.0239485 	3.26181 	-2.9657e-19
10.8708 	1.01898 	0.0239485 	3.26181 	-2.9657e-19
10.941 	1.01898 	0.0239485 	3.26181 	-2.9657e-19
11.0111 	1.01898 	0.0239485 	3.26181 	-2.9657e-19
11.0812 	1.01898 	0.0239485 	3.26181 	-2.9657e-19
11.1514 	1.01898 	0.0239485 	3.26181 	-2.9657e-19
11.2215 	1.01898 	0.0239485 	3.26181 	-2.9657e-19
11.2916 	1.01898 	0.0239485 	3.26181 	-2.9657e-19
11.3618 	1.01898 	0.0239485 	3.26181 	-2.9657e-19
11.4319 	1.01898 	0.0239485 	3.26181 	-2.9657e-19
11.502 	1.01898 	0.0239485 	3.26181 	-2.9657e-19
11.5722 	1.01898 	0.0239485 	3.26181 	-2.9657e-19
11.6423 	1.01898 	0.0239485 	3.26181 	-2.9657e-19
11.7124 	0.944937 	0.0554173 	3.28166 	-4.6527e-19
11.7826 	0.944937 	0.0554173 	3.28166 	-4.6527e-19
11.8527 	0.944937 	0.0554173 	3.28166 	-4.6527e-19
11.9228 	0.944937 	0.0554173 	3.28166 	-4.6527e-19
11.993 	0.944937 	0.0554173 	3.28166 	-4.6527e-19
12.0631 	0.944937 	0.0554173 	3.28166 	-4.6527e-19
12.1332 	0.944937 	0.0554173 	3.28166 	-4.6527e-19
12.2034 	0.944937 	0.0554173 	3.28166 	-4.6527e-19
12.2735 	0.944937 	0.0554173 	3.28166 	-4.6527e-19
12.3437 	0.944937 	0.0554173 	3.28166 	-4.6527e-19
12.4138 	0.944937 	0.0554173 	3.28166 	-4.6527e-19
12.4839 	0.944937 	0.0554173 	3.28166 	-4.6527e-19
12.5541 	0.944937 	0.0554173 	3.28166 	-4.6527e-19
12.6242 	0.861007 	0.0814192 	3.30882 	8.99294e-19
12.6943 	0.861007 	0.0814192 	3.30882 	8.99294e-19
12.7645 	0.861007 	0.0814192 	3.30882 	8.99294e-19
12.8346 	0.861007 	0.0814192 	3.30882 	8.99294e-19
12.9047 	0.861007 	0.0814192 	3.30882 	8.99294e-19
12.9749 	0.861007 	0.0814192 	3.30882 	8.99294e-19
13.045 	0.861007 	0.0814192 	3.30882 	8.99294e-19
13.1151 	0.861007 	0.0814192 	3.30882 	8.99294e-19
13.1853 	0.861007 	0.0814192 	3.30882 	8.99294e-19
13.2554 	0.861007 	0.0814192 	3.30882 	8.99294e-19
13.3255 	0.861007 	0.0814192 	3.30882 	8.99294e-19
13.3957 	0.861007 	0.0814192 	3.30882 	8.99294e-19
13.4658 	0.861007 	0.0814192 	3.30882 	8.99294e-19
13.5359 	0.751625 	0.157578 	3.3441 	-4.36045e-19
13.6061 	0.751625 	0.157578 	3.3441 	-4.36045e-19
13.6762 	0.751625 	0.157578 	3.3441 	-4.36045e-19
13.7463 	0.751625 	0.157578 	3.3441 	-4.36045e-19
13.8165 	0.751625 	0.157578 	3.3441 	-4.36045e-19
13.8866 	0.751625 	0.157578 	3.3441 	-4.36045e-19
13.9567 	0.751625 	0.157578 	3.3441 	-4.36045e-19
14.0269 	0.751625 	0.157578 	3.3441 	-4.36045e-19
14.097 	0.751625 	0.157578 	3.3441 	-4.36045e-19
14.1671 	0.751625 	0.157578 	3.3441 	-4.36045e-19
14.2373 	0.751625 	0.157578 	3.3441 	-4.36045e-19
14.3074 	0.751625 	0.157578 	3.3441 	-4.36045e-19
14.3776 	0.647487 	0.182365 	3.36592 	0
14.4477 	0.441568 	0.180046 	3.42517 	4.39123e-19
14.5178 	0.441568 	0.180046 	3.42517 	4.39123e-19
14.588 	0.441568 	0.180046 	3.42517 	4.39123e-19
14.6581 	0.441568 	0.180046 	3.42517 	4.39123e-19
14.7282 	0.441568 	0.180046 	3.42517 	4.39123e-19
14.7984 	0.441568 	0.180046 	3.42517 	4.39123e-19
14.8685 	0.466451 	0.205371 	3.41614 	-8.80384e-19
14.9386 	0.466451 	0.205371 	3.41614 	-8.80384e-19
15.0088 	0.466451 	0.205371 	3.41614 	-8.80384e-19
15.0789 	0.466451 	0.205371 	3.41614 	-8.80384e-19
15.149 	0.466451 	0.205371 	3.41614 	-8.80384e-19
15.2192 	0.224637 	0.270198 	3.48355 	4.98607e-19
15.2893 	0.224637 	0.270198 	3.48355 	4.98607e-19
15.3594 	0.224637 	0.270198 	3.48355 	4.98607e-19
15.4296 	0.352208 	0.341825 	3.43929 	2.00235e-20
15.4997 	0.352208 	0.341825 	3.43929 	2.00235e-20
15.5698 	0.352208 	0.341825 	3.43929 	2.00235e-20
15.64 	0.352208 	0.341825 	3.43929 	2.00235e-20
15.7101 	0.352208 	0.341825 	3.43929 	2.00235e-20
15.7802 	0.352208 	0.341825 	3.43929 	2.00235e-20
15.8504 	0.352208 	0.341825 	3.43929 	2.00235e-20
15.9205 	0.0919143 	0.343839 	3.53924 	9.44214e-20
15.9906 	0.0919143 	0.343839 	3.53924 	9.44214e-20
16.0608 	0.0919143 	0.343839 	3.53924 	9.44214e-20
16.1309 	0.305069 	0.430576 	3.45139 	2.54225e-19
16.201 	0.305069 	0.430576 	3.45139 	2.54225e-19
16.2712 	0.305069 	0.430576 	3.45139 	2.54225e-19
16.3413 	0.305069 	0.430576 	3.45139 	2.54225e-19
16.4114 	0.305069 	0.430576 	3.45139 	2.54225e-19
16.4816 	0.305069 	0.430576 	3.45139 	2.54225e-19
16.5517 	0.305069 	0.430576 	3.45139 	2.54225e-19
16.6219 	0.115893 	0.531014 	3.52885 	0
16.692 	0.115893 	0.531014 	3.52885 	0
16.7621 	0.115893 	0.531014 	3.52885 	0
16.8323 	0.115893 	0.531014 	3.52885 	0
16.9024 	0.115893 	0.531014 	3.52885 	0
16.9725 	0.350411 	0.537559 	3.43048 	2.32413e-19
17.0427 	0.350411 	0.537559 	3.43048 	2.32413e-19
17.1128 	0.350411 	0.537559 	3.43048 	2.32413e-19
17.1829 	0.350411 	0.537559 	3.43048 	2.32413e-19
17.2531 	0.196161 	0.62441 	3.484 	2.12885e-19
17.3232 	0.196161 	0.62441 	3.484 	2.12885e-19
17.3933 	0.196161 	0.62441 	3.484 	2.12885e-19
17.4635 	0.196161 	0.62441 	3.484 	2.12885e-19
17.5336 	0.196161 	0.62441 	3.484 	2.12885e-19
17.6037 	0.196161 	0.62441 	3.484 	2.12885e-19
17.6739 	0.196161 	0.62441 	3.484 	2.12885e-19
17.744 	0.196161 	0.62441 	3.484 	2.12885e-19
17.8141 	0.196161 	0.62441 	3.484 	2.12885e-19
17.8843 	0.196161 	0.62441 	3.484 	2.12885e-19
17.9544 	0.275498 	0.642146 	3.4034 	0
18.0245 	0.275498 	0.642146 	3.4034 	0
18.0947 	0.275498 	0.642146 	3.4034 	0
18.1648 	0.275498 	0.642146 	3.4034 	0
18.2349 	0.275498 	0.642146 	3.4034 	0
18.3051 	0.275498 	0.642146 	3.4034 	0
18.3752 	0.275498 	0.642146 	3.4034 	0
18.4453 	0.275498 	0.642146 	3.4034 	0
18.5155 	0.275498 	0.642146 	3.4034 	0
18.5856 	0.178062 	0.730466 	3.44329 	0
18.6557 	0.178062 	0.730466 	3.44329 	0
18.7259 	0.178062 	0.730466 	3.44329 	0
18.796 	0.178062 	0.730466 	3.44329 	0
18.8662 	0.178062 	0.730466 	3.44329 	0
18.9363 	0.178062 	0.730466 	3.44329 	0
19.0064 	0.178062 	0.730466 	3.44329 	0
19.0766 	0.178062 	0.730466 	3.44329 	0
19.1467 	0.178062 	0.730466 	3.44329 	0
19.2168 	0.12614 	0.785485 	3.43213 	5.29639e-21
19.287 	0.359057 	0.710852 	3.21645 	-7.86699e-20
19.3571 	0.359057 	0.710852 	3.21645 	-7.86699e-20
19.4272 	0.359057 	0.710852 	3.21645 	-7.86699e-20
19.4974 	0.359057 	0.710852 	3.21645 	-7.86699e-20
19.5675 	0.359057 	0.710852 	3.21645 	-7.86699e-20
19.6376 	0.359057 	0.710852 	3.21645 	-7.86699e-20
19.7078 	0.359057 	0.710852 	3.21645 	-7.86699e-20
19.7779 	0.359057 	0.710852 	3.21645 	-7.86699e-20
19.848 	0.359057 	0.710852 	3.21645 	-7.86699e-20
19.9182 	0.307792 	0.767772 	3.28758 	-2.83799e-19
19.9883 	0.307792 	0.767772 	3.28758 	-2.83799e-19
20.0584 	0.307792 	0.767772 	3.28758 	-2.83799e-19
20.1286 	0.307792 	0.767772 	3.28758 	-2.83799e-19
20.1987 	0.307792 	0.767772 	3.28758 	-2.83799e-19
20.2688 	0.307792 	0.767772 	3.28758 	-2.83799e-19
20.339 	0.307792 	0.767772 	3.28758 	-2.83799e-19
20.4091 	0.307792 	0.767772 	3.28758 	-2.83799e-19
20.4792 	0.307792 	0.767772 	3.28758 	-2.83799e-19
20.5494 	0.307792 	0.767772 	3.28758 	-2.83799e-19
20.6195 	0.246934 	0.82581 	3.32529 	-5.91736e-21
20.6896 	0.246934 	0.82581 	3.32529 	-5.91736e-21
20.7598 	0.246934 	0.82581 	3.32529 	-5.91736e-21
20.8299 	0.246934 	0.82581 	3.32529 	-5.91736e-21
20.9 	0.335435 	0.71208 	2.73599 	-3.79772e-19
20.9702 	0.335435 	0.71208 	2.73599 	-3.79772e-19
21.0403 	0.335435 	0.71208 	2.73599 	-3.79772e-19
21.1105 	0.335435 	0.71208 	2.73599 	-3.79772e-19
21.1806 	0.335435 	0.71208 	2.73599 	-3.79772e-19
21.2507 	0.335435 	0.71208 	2.73599 	-3.79772e-19
21.3209 	0.293417 	0.770696 	2.92929 	0
21.391 	0.293417 	0.770696 	2.92929 	0
21.4611 	0.293417 	0.770696 	2.92929 	0
21.5313 	0.293417 	0.770696 	2.92929 	0
21.6014 	0.293417 	0.770696 	2.92929 	0
21.6715 	0.293417 	0.770696 	2.92929 	0
21.7417 	0.293417 	0.770696 	2.92929 	0
21.8118 	0.293417 	0.770696 	2.92929 	0
21.8819 	0.293417 	0.770696 	2.92929 	0
21.9521 	0.293417 	0.770696 	2.92929 	0
22.0222 	0.293417 	0.770696 	2.92929 	0
22.0923 	0.250883 	0.818094 	3.05606 	-1.66881e-19
22.1625 	0.250883 	0.818094 	3.05606 	-1.66881e-19
22.2326 	0.250883 	0.818094 	3.05606 	-1.66881e-19
22.3027 	0.250883 	0.818094 	3.05606 	-1.66881e-19
22.3729 	0.250883 	0.818094 	3.05606 	-1.66881e-19
22.443 	0.250883 	0.818094 	3.05606 	-1.66881e-19
22.5131 	0.250883 	0.818094 	3.05606 	-1.66881e-19
22.5833 	0.250883 	0.818094 	3.05606 	-1.66881e-19
22.6534 	0.250883 	0.818094 	3.05606 	-1.66881e-19
22.7235 	0.250883 	0.818094 	3.05606 	-1.66881e-19
22.7937 	0.250883 	0.818094 	3.05606 	-1.66881e-19
22.8638 	0.200876 	0.868054 	3.13185 	2.93297e-19
22.9339 	0.200876 	0.868054 	3.13185 	2.93297e-19
23.0041 	0.200876 	0.868054 	3.13185 	2.93297e-19
23.0742 	0.22077 	0.699807 	2.21928 	1.06405e-19
23.1443 	0.22077 	0.699807 	2.21928 	1.06405e-19
23.2145 	0.22077 	0.699807 	2.21928 	1.06405e-19
23.2846 	0.22077 	0.699807 	2.21928 	1.06405e-19
23.3548 	0.22077 	0.699807 	2.21928 	1.06405e-19
23.4249 	0.22077 	0.699807 	2.21928 	1.06405e-19
23.495 	0.22077 	0.699807 	2.21928 	1.06405e-19
23.5652 	0.22077 	0.699807 	2.21928 	1.06405e-19
23.6353 	0.22077 	0.699807 	2.21928 	1.06405e-19
23.7054 	0.172003 	0.740309 	2.39015 	-1.89563e-20
23.7756 	0.172003 	0.740309 	2.39015 	-1.89563e-20
23.8457 	0.172003 	0.740309 	2.39015 	-1.89563e-20
23.9158 	0.172003 	0.740309 	2.39015 	-1.89563e-20
23.986 	0.172003 	0.740309 	2.39015 	-1.89563e-20
24.0561 	0.172003 	0.740309 	2.39015 	-1.89563e-20
24.1262 	0.172003 	0.740309 	2.39015 	-1.89563e-20
24.1964 	0.172003 	0.740309 	2.39015 	-1.89563e-20
24.2665 	0.172003 	0.740309 	2.39015 	-1.89563e-20
24.3366 	0.172003 	0.740309 	2.39015 	-1.89563e-20
24.4068 	0.172003 	0.740309 	2.39015 	-1.89563e-20
24.4769 	0.172003 	0.740309 	2.39015 	-1.89563e-20
24.547 	0.172003 	0.740309 	2.39015 	-1.89563e-20
24.6172 	0.124863 	0.78874 	2.54542 	1.58952e-19
24.6873 	0.124863 	0.78874 	2.54542 	1.58952e-19
24.7574 	0.124863 	0.78874 	2.54542 	1.58952e-19
24.8276 	0.124863 	0.78874 	2.54542 	1.58952e-19
24.8977 	0.124863 	0.78874 	2.54542 	1.58952e-19
24.9678 	0.124863 	0.78874 	2.54542 	1.58952e-19
25.038 	0.124863 	0.78874 	2.54542 	1.58952e-19
25.1081 	0.124863 	0.78874 	2.54542 	1.58952e-19
25.1782 	0.124863 	0.78874 	2.54542 	1.58952e-19
25.2484 	0.124863 	0.78874 	2.54542 	1.58952e-19
25.3185 	0.124863 	0.78874 	2.54542 	1.58952e-19
25.3886 	0.124863 	0.78874 	2.54542 	1.58952e-19
25.4588 	0.0796512 	0.824675 	2.65678 	-1.07659e-19
25.5289 	0.0796512 	0.824675 	2.65678 	-1.07659e-19
25.5991 	0.0796512 	0.824675 	2.65678 	-1.07659e-19
25.6692 	0.0796512 	0.824675 	2.65678 	-1.07659e-19
25.7393 	0.0796512 	0.824675 	2.65678 	-1.07659e-19
25.8095 	0.0796512 	0.824675 	2.65678 	-1.07659e-19
25.8796 	0.0796512 	0.824675 	2.65678 	-1.07659e-19
25.9497 	0.0796512 	0.824675 	2.65678 	-1.07659e-19
26.0199 	0.0796512 	0.824675 	2.65678 	-1.07659e-19
26.09 	0.0954786 	0.620233 	1.72256 	-4.07008e-20
26.1601 	0.0954786 	0.620233 	1.72256 	-4.07008e-20
26.2303 	0.0954786 	0.620233 	1.72256 	-4.07008e-20
26.3004 	0.0954786 	0.620233 	1.72256 	-4.07008e-20
26.3705 	0.0954786 	0.620233 	1.72256 	-4.07008e-20
26.4407 	0.0545625 	0.635009 	1.79013 	6.48155e-21
26.5108 	0.0545625 	0.635009 	1.79013 	6.48155e-21
26.5809 	0.0545625 	0.635009 	1.79013 	6.48155e-21
26.6511 	0.0545625 	0.635009 	1.79013 	6.48155e-21
26.7212 	0.0545625 	0.635009 	1.79013 	6.48155e-21
26.7913 	0.0545625 	0.635009 	1.79013 	6.48155e-21
26.8615 	0.0545625 	0.635009 	1.79013 	6.48155e-21
26.9316 	0.0545625 	0.635009 	1.79013 	6.48155e-21
27.0017 	0.0545625 	0.635009 	1.79013 	6.48155e-21
27.0719 	0.0545625 	0.635009 	1.79013 	6.48155e-21
27.142 	0.0545625 	0.635009 	1.79013 	6.48155e-21
27.2121 	0.0545625 	0.635009 	1.79013 	6.48155e-21
27.2823 	0.0545625 	0.635009 	1.79013 	6.48155e-21
27.3524 	0.0159941 	0.648819 	1.84419 	0
27.4225 	0.0159941 	0.648819 	1.84419 	0
27.4927 	0.0159941 	0.648819 	1.84419 	0
27.5628 	0.0159941 	0.648819 	1.84419 	0
27.6329 	0.0159941 	0.648819 	1.84419 	0
27.7031 	0.0159941 	0.648819 	1.84419 	0
27.7732 	0.0159941 	0.648819 	1.84419 	0
27.8434 	0.0159941 	0.648819 	1.84419 	0
27.9135 	0.0159941 	0.648819 	1.84419 	0
27.9836 	0.0159941 	0.648819 	1.84419 	0
28.0538 	0.0159941 	0.648819 	1.84419 	0
28.1239 	0.0159941 	0.648819 	1.84419 	0
28.194 	0.0159941 	0.648819 	1.84419 	0
28.2642 	0.0159941 	0.648819 	1.84419 	0
28.3343 	0.0159941 	0.648819 	1.84419 	0
28.4044 	-0.0201008 	0.655882 	1.8761 	0
28.4746 	-0.0201008 	0.655882 	1.8761 	0
28.5447 	-0.0201008 	0.655882 	1.8761 	0
28.6148 	-0.0201008 	0.655882 	1.8761 	0
28.685 	-0.0201008 	0.655882 	1.8761 	0
28.7551 	-0.0201008 	0.655882 	1.8761 	0
28.8252 	-0.0201008 	0.655882 	1.8761 	0
28.8954 	-0.0201008 	0.655882 	1.8761 	0
28.9655 	-0.0201008 	0.655882 	1.8761 	0
29.0356 	-0.0201008 	0.655882 	1.8761 	0
29.1058 	-0.0201008 	0.655882 	1.8761 	0
29.1759 	-0.0201008 	0.655882 	1.8761 	0
29.246 	-0.0201008 	0.655882 	1.8761 	0
29.3162 	-0.0201008 	0.655882 	1.8761 	0
29.3863 	-0.0201008 	0.655882 	1.8761 	0
29.4564 	-0.0518164 	0.655862 	1.88308 	-2.57396e-20
29.5266 	-0.0518164 	0.655862 	1.88308 	-2.57396e-20
29.5967 	-0.0518164 	0.655862 	1.88308 	-2.57396e-20
29.6668 	-0.0518164 	0.655862 	1.88308 	-2.57396e-20
29.737 	-0.0518164 	0.655862 	1.88308 	-2.57396e-20
29.8071 	-0.0518164 	0.655862 	1.88308 	-2.57396e-20
29.8773 	-0.0518164 	0.655862 	1.88308 	-2.57396e-20
29.9474 	-0.0518164 	0.655862 	1.88308 	-2.57396e-20
30.0175 	-0.0518164 	0.655862 	1.88308 	-2.57396e-20
30.0877 	-0.0518164 	0.655862 	1.88308 	-2.57396e-20
30.1578 	-0.0518164 	0.655862 	1.88308 	-2.57396e-20
30.2279 	-0.0518164 	0.655862 	1.88308 	-2.57396e-20
30.2981 	-0.0518164 	0.655862 	1.88308 	-2.57396e-20
30.3682 	-0.0518164 	0.655862 	1.88308 	-2.57396e-20
30.4383 	-0.0518164 	0.655862 	1.88308 	-2.57396e-20
30.5085 	-0.0518164 	0.655862 	1.88308 	-2.57396e-20
30.5786 	-0.070547 	0.64555 	1.86083 	4.14283e-22
30.6487 	-0.070547 	0.64555 	1.86083 	4.14283e-22
30.7189 	-0.070547 	0.64555 	1.86083 	4.14283e-22
30.789 	-0.070547 	0.64555 	1.86083 	4.14283e-22
30.8591 	-0.070547 	0.64555 	1.86083 	4.14283e-22
30.9293 	-0.070547 	0.64555 	1.86083 	4.14283e-22
30.9994 	-0.070547 	0.64555 	1.86083 	4.14283e-22
31.0695 	-0.070547 	0.64555 	1.86083 	4.14283e-22
31.1397 	-0.070547 	0.64555 	1.86083 	4.14283e-22
31.2098 	-0.070547 	0.64555 	1.86083 	4.14283e-22
31.2799 	-0.070547 	0.64555 	1.86083 	4.14283e-22
31.3501 	-0.070547 	0.64555 	1.86083 	4.14283e-22
31.4202 	-0.070547 	0.64555 	1.86083 	4.14283e-22
31.4903 	-0.070547 	0.64555 	1.86083 	4.14283e-22
31.5605 	-0.106105 	0.525376 	1.59022 	-6.17507e-20
31.6306 	-0.106105 	0.525376 	1.59022 	-6.17507e-20
31.7007 	-0.0987923 	0.506529 	1.58198 	3.95386e-20
31.7709 	-0.0987923 	0.506529 	1.58198 	3.95386e-20
31.841 	-0.0987923 	0.506529 	1.58198 	3.95386e-20
31.9111 	-0.0987923 	0.506529 	1.58198 	3.95386e-20
31.9813 	-0.0987923 	0.506529 	1.58198 	3.95386e-20
32.0514 	-0.0987923 	0.506529 	1.58198 	3.95386e-20
32.1216 	-0.0987923 	0.506529 	1.58198 	3.95386e-20
32.1917 	-0.0987923 	0.506529 	1.58198 	3.95386e-20
32.2618 	-0.0987923 	0.506529 	1.58198 	3.95386e-20
32.332 	-0.0987923 	0.506529 	1.58198 	3.95386e-20
32.4021 	-0.0987923 	0.506529 	1.58198 	3.95386e-20
32.4722 	-0.0987923 	0.506529 	1.58198 	3.95386e-20
32.5424 	-0.0987923 	0.506529 	1.58198 	3.95386e-20
32.6125 	-0.0987923 	0.506529 	1.58198 	3.95386e-20
32.6826 	-0.0987923 	0.506529 	1.58198 	3.95386e-20
32.7528 	-0.0987923 	0.506529 	1.58198 	3.95386e-20
32.8229 	-0.0987923 	0.506529 	1.58198 	3.95386e-20
32.893 	-0.0987923 	0.506529 	1.58198 	3.95386e-20
32.9632 	-0.0698044 	0.480096 	1.56115 	1.15247e-20
33.0333 	-0.0698044 	0.480096 	1.56115 	1.15247e-20
33.1034 	-0.0698044 	0.480096 	1.56115 	1.15247e-20
33.1736 	-0.0698044 	0.480096 	1.56115 	1.15247e-20
33.2437 	-0.0698044 	0.480096 	1.56115 	1.15247e-20
33.3138 	-0.0698044 	0.480096 	1.56115 	1.15247e-20
33.384 	-0.0698044 	0.480096 	1.56115 	1.15247e-20
33.4541 	-0.0698044 	0.480096 	1.56115 	1.15247e-20
33.5242 	-0.0698044 	0.480096 	1.56115 	1.15247e-20
33.5944 	-0.0698044 	0.480096 	1.56115 	1.15247e-20
33.6645 	-0.0698044 	0.480096 	1.56115 	1.15247e-20
33.7346 	-0.0698044 	0.480096 	1.56115 	1.15247e-20
33.8048 	-0.0698044 	0.480096 	1.56115 	1.15247e-20
33.8749 	-0.0698044 	0.480096 	1.56115 	1.15247e-20
33.945 	-0.0698044 	0.480096 	1.56115 	1.15247e-20
34.0152 	-0.0698044 	0.480096 	1.56115 	1.15247e-20
34.0853 	-0.0698044 	0.480096 	1.56115 	1.15247e-20
34.1554 	-0.0698044 	0.480096 	1.56115 	1.15247e-20
34.2256 	-0.0204927 	0.436448 	1.52917 	1.92101e-21
34.2957 	-0.0204927 	0.436448 	1.52917 	1.92101e-21
34.3659 	-0.0204927 	0.436448 	1.52917 	1.92101e-21
34.436 	-0.0204927 	0.436448 	1.52917 	1.92101e-21
34.5061 	-0.0204927 	0.436448 	1.52917 	1.92101e-21
34.5763 	-0.0204927 	0.436448 	1.52917 	1.92101e-21
34.6464 	-0.0204927 	0.436448 	1.52917 	1.92101e-21
34.7165 	-0.0204927 	0.436448 	1.52917 	1.92101e-21
34.7867 	-0.0204927 	0.436448 	1.52917 	1.92101e-21
34.8568 	-0.0204927 	0.436448 	1.52917 	1.92101e-21
34.9269 	-0.0204927 	0.436448 	1.52917 	1.92101e-21
34.9971 	-0.0204927 	0.436448 	1.52917 	1.92101e-21
35.0672 	-0.0204927 	0.436448 	1.52917 	1.92101e-21
35.1373 	-0.0204927 	0.436448 	1.52917 	1.92101e-21
35.2075 	-0.0204927 	0.436448 	1.52917 	1.92101e-21
35.2776 	-0.0204927 	0.436448 	1.52917 	1.92101e-21
35.3477 	-0.0204927 	0.436448 	1.52917 	1.92101e-21
35.4179 	-0.0204927 	0.436448 	1.52917 	1.92101e-21
35.488 	-0.0204927 	0.436448 	1.52917 	1.92101e-21
35.5581 	-0.0204927 	0.436448 	1.52917 	1.92101e-21
35.6283 	0.0303013 	0.362957 	1.49642 	-5.82838e-22
35.6984 	0.0303013 	0.362957 	1.49642 	-5.82838e-22
35.7685 	0.0303013 	0.362957 	1.49642 	-5.82838e-22
35.8387 	0.0303013 	0.362957 	1.49642 	-5.82838e-22
35.9088 	0.0303013 	0.362957 	1.49642 	-5.82838e-22
35.9789 	0.0303013 	0.362957 	1.49642 	-5.82838e-22
36.0491 	0.0303013 	0.362957 	1.49642 	-5.82838e-22
36.1192 	0.0303013 	0.362957 	1.49642 	-5.82838e-22
36.1893 	0.0303013 	0.362957 	1.49642 	-5.82838e-22
36.2595 	0.0303013 	0.362957 	1.49642 	-5.82838e-22
36.3296 	0.0303013 	0.362957 	1.49642 	-5.82838e-22
36.3997 	0.0303013 	0.362957 	1.49642 	-5.82838e-22
36.4699 	0.0303013 	0.362957 	1.49642 	-5.82838e-22
36.54 	0.0303013 	0.362957 	1.49642 	-5.82838e-22
36.6102 	0.0303013 	0.362957 	1.49642 	-5.82838e-22
36.6803 	0.0303013 	0.362957 	1.49642 	-5.82838e-22
36.7504 	0.0303013 	0.362957 	1.49642 	-5.82838e-22
36.8206 	0.0303013 	0.362957 	1.49642 	-5.82838e-22
36.8907 	0.0303013 	0.362957 	1.49642 	-5.82838e-22
36.9608 	0.0303013 	0.362957 	1.49642 	-5.82838e-22
37.031 	0.0303013 	0.362957 	1.49642 	-5.82838e-22
37.1011 	0.0571129 	0.287576 	1.47761 	0
37.1712 	0.0571129 	0.287576 	1.47761 	0
37.2414 	0.0571129 	0.287576 	1.47761 	0
37.3115 	0.0571129 	0.287576 	1.47761 	0
37.3816 	0.0571129 	0.287576 	1.47761 	0
37.4518 	0.0571129 	0.287576 	1.47761 	0
37.5219 	0.0571129 	0.287576 	1.47761 	0
37.592 	0.0571129 	0.287576 	1.47761 	0
37.6622 	0.0571129 	0.287576 	1.47761 	0
37.7323 	0.0571129 	0.287576 	1.47761 	0
37.8024 	0.0571129 	0.287576 	1.47761 	0
37.8726 	0.0571129 	0.287576 	1.47761 	0
37.9427 	0.0571129 	0.287576 	1.47761 	0
38.0128 	0.0571129 	0.287576 	1.47761 	0
38.083 	0.0571129 	0.287576 	1.47761 	0
38.1531 	0.0571129 	0.287576 	1.47761 	0
38.2232 	0.0571129 	0.287576 	1.47761 	0
38.2934 	0.0602806 	0.223325 	1.47447 	0
38.3635 	0.0602806 	0.223325 	1.47447 	0
38.4336 	0.0602806 	0.223325 	1.47447 	0
38.5038 	0.0602806 	0.223325 	1.47447 	0
38.5739 	0.0602806 	0.223325 	1.47447 	0
38.644 	0.0602806 	0.223325 	1.47447 	0
38.7142 	0.0602806 	0.223325 	1.47447 	0
38.7843 	0.0602806 	0.223325 	1.47447 	0
38.8545 	0.0602806 	0.223325 	1.47447 	0
38.9246 	0.0602806 	0.223325 	1.47447 	0
38.9947 	0.0602806 	0.223325 	1.47447 	0
39.0649 	0.0602806 	0.223325 	1.47447 	0
39.135 	0.0602806 	0.223325 	1.47447 	0
39.2051 	0.0602806 	0.223325 	1.47447 	0
39.2753 	0.0602806 	0.223325 	1.47447 	0
39.3454 	0.0602806 	0.223325 	1.47447 	0
39.4155 	0.0602806 	0.223325 	1.47447 	0
39.4857 	0.0602806 	0.223325 	1.47447 	0
39.5558 	0.0501446 	0.163545 	1.48107 	0
39.6259 	0.0501446 	0.163545 	1.48107 	0
39.6961 	0.0501446 	0.163545 	1.48107 	0
39.7662 	0.0501446 	0.163545 	1.48107 	0
39.8363 	0.0501446 	0.163545 	1.48107 	0
39.9065 	0.0501446 	0.163545 	1.48107 	0
39.9766 	0.0501446 	0.163545 	1.48107 	0
40.0467 	0.0501446 	0.163545 	1.48107 	0
40.1169 	0.0501446 	0.163545 	1.48107 	0
40.187 	0.0501446 	0.163545 	1.48107 	0
40.2571 	0.0501446 	0.163545 	1.48107 	0
40.3273 	0.0501446 	0.163545 	1.48107 	0
40.3974 	0.0501446 	0.163545 	1.48107 	0
40.4675 	0.0501446 	0.163545 	1.48107 	0
40.5377 	0.0501446 	0.163545 	1.48107 	0
40.6078 	0.0501446 	0.163545 	1.48107 	0
40.6779 	0.0501446 	0.163545 	1.48107 	0
40.7481 	0.0390124 	0.110976 	1.48708 	0
40.8182 	0.0390124 	0.110976 	1.48708 	0
40.8883 	0.0390124 	0.110976 	1.48708 	0
40.9585 	0.0390124 	0.110976 	1.48708 	0
41.0286 	0.0390124 	0.110976 	1.48708 	0
41.0988 	0.0390124 	0.110976 	1.48708 	0
41.1689 	0.0390124 	0.110976 	1.48708 	0
41.239 	0.0390124 	0.110976 	1.48708 	0
41.3092 	0.0390124 	0.110976 	1.48708 	0
41.3793 	0.0390124 	0.110976 	1.48708 	0
41.4494 	0.0390124 	0.110976 	1.48708 	0
41.5196 	0.0390124 	0.110976 	1.48708 	0
41.5897 	0.0390124 	0.110976 	1.48708 	0
41.6598 	0.0390124 	0.110976 	1.48708 	0
41.73 	0.0390124 	0.110976 	1.48708 	0
41.8001 	0.0390124 	0.110976 	1.48708 	0
41.8702 	0.0390124 	0.110976 	1.48708 	0
41.9404 	0.0390124 	0.110976 	1.48708 	0
42.0105 	0.0329794 	0.0688085 	1.48779 	0
42.0806 	0.0329794 	0.0688085 	1.48779 	0
42.1508 	0.0329794 	0.0688085 	1.48779 	0
42.2209 	0.0329794 	0.0688085 	1.48779 	0
42.291 	0.0329794 	0.0688085 	1.48779 	0
42.3612 	0.0329794 	0.0688085 	1.48779 	0
42.4313 	0.0329794 	0.0688085 	1.48779 	0
42.5014 	0.0329794 	0.0688085 	1.48779 	0
42.5716 	0.0329794 	0.0688085 	1.48779 	0
42.6417 	0.0329794 	0.0688085 	1.48779 	0
42.7118 	0.0329794 	0.0688085 	1.48779 	0
42.782 	0.0329794 	0.0688085 	1.48779 	0
42.8521 	0.0329794 	0.0688085 	1.48779 	0
42.9222 	0.0329794 	0.0688085 	1.48779 	0
42.9924 	0.0329794 	0.0688085 	1.48779 	0
43.0625 	0.0329794 	0.0688085 	1.48779 	0
43.1327 	0.0329794 	0.0688085 	1.48779 	0
43.2028 	0.0352947 	0.0350837 	1.48074 	0
43.2729 	0.0352947 	0.0350837 	1.48074 	0
43.3431 	0.0352947 	0.0350837 	1.48074 	0
43.4132 	0.0352947 	0.0350837 	1.48074 	0
43.4833 	0.0352947 	0.0350837 	1.48074 	0
43.5535 	0.0352947 	0.0350837 	1.48074 	0
43.6236 	0.0352947 	0.0350837 	1.48074 	0
43.6937 	0.0352947 	0.0350837 	1.48074 	0
43.7639 	0.0352947 	0.0350837 	1.48074 	0
43.834 	0.0352947 	0.0350837 	1.48074 	0
43.9041 	0.0352947 	0.0350837 	1.48074 	0
43.9743 	0.0352947 	0.0350837 	1.48074 	0
44.0444 	0.0352947 	0.0350837 	1.48074 	0
44.1145 	0.0352947 	0.0350837 	1.48074 	0
44.1847 	0.0352947 	0.0350837 	1.48074 	0
44.2548 	0.0352947 	0.0350837 	1.48074 	0
44.3249 	0.0352947 	0.0350837 	1.48074 	0
44.3951 	0.0352947 	0.0350837 	1.48074 	0
44.4652 	0.0441159 	0.0074018 	1.4711 	0
44.5353 	0.0441159 	0.0074018 	1.4711 	0
44.6055 	0.0441159 	0.0074018 	1.4711 	0
44.6756 	0.0441159 	0.0074018 	1.4711 	0
44.7457 	0.0441159 	0.0074018 	1.4711 	0
44.8159 	0.0441159 	0.0074018 	1.4711 	0
44.886 	0.0441159 	0.0074018 	1.4711 	0
44.9561 	0.0441159 	0.0074018 	1.4711 	0
45.0263 	0.0441159 	0.0074018 	1.4711 	0
45.0964 	0.0441159 	0.0074018 	1.4711 	0
45.1665 	0.0441159 	0.0074018 	1.4711 	0
45.2367 	0.0441159 	0.0074018 	1.4711 	0
45.3068 	0.0441159 	0.0074018 	1.4711 	0
45.377 	0.0441159 	0.0074018 	1.4711 	0
45.4471 	0.0441159 	0.0074018 	1.4711 	0
45.5172 	0.0441159 	0.0074018 	1.4711 	0
45.5874 	0.0441159 	0.0074018 	1.4711 	0
45.6575 	0.0550804 	-0.0133732 	1.45928 	0
45.7276 	0.0550804 	-0.0133732 	1.45928 	0
45.7978 	0.0550804 	-0.0133732 	1.45928 	0
45.8679 	0.0550804 	-0.0133732 	1.45928 	0
45.938 	0.0550804 	-0.0133732 	1.45928 	0
46.0082 	0.0550804 	-0.0133732 	1.45928 	0
46.0783 	0.0550804 	-0.0133732 	1.45928 	0
46.1484 	0.0550804 	-0.0133732 	1.45928 	0
46.2186 	0.0550804 	-0.0133732 	1.45928 	0
46.2887 	0.0550804 	-0.0133732 	1.45928 	0
46.3588 	0.0550804 	-0.0133732 	1.45928 	0
46.429 	0.0550804 	-0.0133732 	1.45928 	0
46.4991 	0.0550804 	-0.0133732 	1.45928 	0
46.5692 	0.0550804 	-0.0133732 	1.45928 	0
46.6394 	0.0550804 	-0.0133732 	1.45928 	0
46.7095 	0.0550804 	-0.0133732 	1.45928 	0
46.7796 	0.0883792 	0.0183498 	1.51242 	0
46.8498 	0.0883792 	0.0183498 	1.51242 	0
46.9199 	0.0860823 	0.00177047 	1.50943 	0
46.99 	0.0860823 	0.00177047 	1.50943 	0
47.0602 	0.0860823 	0.00177047 	1.50943 	0
47.1303 	0.0860823 	0.00177047 	1.50943 	0
47.2004 	0.0860823 	0.00177047 	1.50943 	0
47.2706 	0.0860823 	0.00177047 	1.50943 	0
47.3407 	0.0860823 	0.00177047 	1.50943 	0
47.4108 	0.0860823 	0.00177047 	1.50943 	0
47.481 	0.0860823 	0.00177047 	1.50943 	0
47.5511 	0.0860823 	0.00177047 	1.50943 	0
47.6213 	0.0860823 	0.00177047 	1.50943 	0
47.6914 	0.0860823 	0.00177047 	1.50943 	0
47.7615 	0.0860823 	0.00177047 	1.50943 	0
47.8317 	0.0860823 	0.00177047 	1.50943 	0
47.9018 	0.0860823 	0.00177047 	1.50943 	0
47.9719 	0.0860823 	0.00177047 	1.50943 	0
48.0421 	0.0860823 	0.00177047 	1.50943 	0
48.1122 	0.0860823 	0.00177047 	1.50943 	0
48.1823 	0.0863351 	-0.00951267 	1.50919 	0
48.2525 	0.0863351 	-0.00951267 	1.50919 	0
48.3226 	0.0863351 	-0.00951267 	1.50919 	0
48.3927 	0.0863351 	-0.00951267 	1.50919 	0
48.4629 	0.0863351 	-0.00951267 	1.50919 	0
48.533 	0.0863351 	-0.00951267 	1.50919 	0
48.6031 	0.0863351 	-0.00951267 	1.50919 	0
48.6733 	0.0863351 	-0.00951267 	1.50919 	0
48.7434 	0.0863351 	-0.00951267 	1.50919 	0
48.8135 	0.0863351 	-0.00951267 	1.50919 	0
48.8837 	0.0863351 	-0.00951267 	1.50919 	0
48.9538 	0.0863351 	-0.00951267 	1.50919 	0
49.0239 	0.0863351 	-0.00951267 	1.50919 	0
49.0941 	0.0863351 	-0.00951267 	1.50919 	0
49.1642 	0.0863351 	-0.00951267 	1.50919 	0
49.2343 	0.0863351 	-0.00951267 	1.50919 	0
49.3045 	0.0863351 	-0.00951267 	1.50919 	0
49.3746 	0.0888079 	-0.0123073 	1.50692 	0
49.4447 	0.0888079 	-0.0123073 	1.50692 	0
49.5149 	0.0888079 	-0.0123073 	1.50692 	0
49.585 	0.0888079 	-0.0123073 	1.50692 	0
49.6551 	0.0888079 	-0.0123073 	1.50692 	0
49.7253 	0.0888079 	-0.0123073 	1.50692 	0
49.7954 	0.0888079 	-0.0123073 	1.50692 	0
49.8656 	0.0888079 	-0.0123073 	1.50692 	0
49.9357 	0.0888079 	-0.0123073 	1.50692 	0
50.0058 	0.0888079 	-0.0123073 	1.50692 	0
50.076 	0.0888079 	-0.0123073 	1.50692 	0
50.1461 	0.0888079 	-0.0123073 	1.50692 	0
50.2162 	0.0888079 	-0.0123073 	1.50692 	0
50.2864 	0.0888079 	-0.0123073 	1.50692 	0
50.3565 	0.0888079 	-0.0123073 	1.50692 	0
50.4266 	0.0888079 	-0.0123073 	1.50692 	0
50.4968 	0.0888079 	-0.0123073 	1.50692 	0
50.5669 	0.0888079 	-0.0123073 	1.50692 	0
50.637 	0.0904198 	-0.0141992 	1.50708 	0
50.7072 	0.0904198 	-0.0141992 	1.50708 	0
50.7773 	0.0904198 	-0.0141992 	1.50708 	0
50.8474 	0.0904198 	-0.0141992 	1.50708 	0
50.9176 	0.0904198 	-0.0141992 	1.50708 	0
50.9877 	0.0904198 	-0.0141992 	1.50708 	0
51.0578 	0.0904198 	-0.0141992 	1.50708 	0
51.128 	0.0904198 	-0.0141992 	1.50708 	0
51.1981 	0.0904198 	-0.0141992 	1.50708 	0
51.2682 	0.0904198 	-0.0141992 	1.50708 	0
51.3384 	0.0904198 	-0.0141992 	1.50708 	0
51.4085 	0.0904198 	-0.0141992 	1.50708 	0
51.4786 	0.0904198 	-0.0141992 	1.50708 	0
51.5488 	0.0904198 	-0.0141992 	1.50708 	0
51.6189 	0.0904198 	-0.0141992 	1.50708 	0
51.689 	0.0904198 	-0.0141992 	1.50708 	0
51.7592 	0.0904198 	-0.0141992 	1.50708 	0
51.8293 	0.0897639 	-0.0164541 	1.5065 	0
51.8994 	0.0897639 	-0.0164541 	1.5065 	0
51.9696 	0.0897639 	-0.0164541 	1.5065 	0
52.0397 	0.0897639 	-0.0164541 	1.5065 	0
52.1099 	0.0897639 	-0.0164541 	1.5065 	0
52.18 	0.0897639 	-0.0164541 	1.5065 	0
52.2501 	0.0897639 	-0.0164541 	1.5065 	0
52.3203 	0.0897639 	-0.0164541 	1.5065 	0
52.3904 	0.0897639 	-0.0164541 	1.5065 	0
52.4605 	0.0897639 	-0.0164541 	1.5065 	0
52.5307 	0.0897639 	-0.0164541 	1.5065 	0
52.6008 	0.0897639 	-0.0164541 	1.5065 	0
52.6709 	0.0897639 	-0.0164541 	1.5065 	0
52.7411 	0.0897639 	-0.0164541 	1.5065 	0
52.8112 	0.0897639 	-0.0164541 	1.5065 	0
52.8813 	0.0897639 	-0.0164541 	1.5065 	0
52.9515 	0.0897639 	-0.0164541 	1.5065 	0
53.0216 	0.0897639 	-0.0164541 	1.5065 	0
53.0917 	0.0873917 	-0.0190345 	1.50379 	0
53.1619 	0.0873917 	-0.0190345 	1.50379 	0
53.232 	0.0873917 	-0.0190345 	1.50379 	0
53.3021 	0.0873917 	-0.0190345 	1.50379 	0
53.3723 	0.0873917 	-0.0190345 	1.50379 	0
53.4424 	0.0873917 	-0.0190345 	1.50379 	0
53.5125 	0.0873917 	-0.0190345 	1.50379 	0
53.5827 	0.0873917 	-0.0190345 	1.50379 	0
53.6528 	0.0873917 	-0.0190345 	1.50379 	0
53.7229 	0.0873917 	-0.0190345 	1.50379 	0
53.7931 	0.0873917 	-0.0190345 	1.50379 	0
53.8632 	0.0873917 	-0.0190345 	1.50379 	0
53.9333 	0.0873917 	-0.0190345 	1.50379 	0
54.0035 	0.0873917 	-0.0190345 	1.50379 	0
54.0736 	0.0873917 	-0.0190345 	1.50379 	0
54.1437 	0.0873917 	-0.0190345 	1.50379 	0
54.2139 	0.0873917 	-0.0190345 	1.50379 	0
54.284 	0.0851148 	-0.0233705 	1.50315 	0
54.3542 	0.0851148 	-0.0233705 	1.50315 	0
54.4243 	0.0851148 	-0.0233705 	1.50315 	0
54.4944 	0.0851148 	-0.0233705 	1.50315 	0
54.5646 	0.0851148 	-0.0233705 	1.50315 	0
54.6347 	0.0851148 	-0.0233705 	1.50315 	0
54.7048 	0.0851148 	-0.0233705 	1.50315 	0
54.775 	0.0851148 	-0.0233705 	1.50315 	0
54.8451 	0.0851148 	-0.0233705 	1.50315 	0
54.9152 	0.0851148 	-0.0233705 	1.50315 	0
54.9854 	0.0851148 	-0.0233705 	1.50315 	0
55.0555 	0.0851148 	-0.0233705 	1.50315 	0
55.1256 	0.0851148 	-0.0233705 	1.50315 	0
55.1958 	0.0851148 	-0.0233705 	1.50315 	0
55.2659 	0.0851148 	-0.0233705 	1.50315 	0
55.336 	0.0851148 	-0.0233705 	1.50315 	0
55.4062 	0.0851148 	-0.0233705 	1.50315 	0
55.4763 	0.0851148 	-0.0233705 	1.50315 	0
55.5464 	0.0834306 	-0.0264521 	1.49822 	0
55.6166 	0.0834306 	-0.0264521 	1.49822 	0
55.6867 	0.0834306 	-0.0264521 	1.49822 	0
55.7568 	0.0834306 	-0.0264521 	1.49822 	0
55.827 	0.0834306 	-0.0264521 	1.49822 	0
55.8971 	0.0834306 	-0.0264521 	1.49822 	0
55.9672 	0.0834306 	-0.0264521 	1.49822 	0
56.0374 	0.0834306 	-0.0264521 	1.49822 	0
56.1075 	0.0834306 	-0.0264521 	1.49822 	0
56.1776 	0.0834306 	-0.0264521 	1.49822 	0
56.2478 	0.0834306 	-0.0264521 	1.49822 	0
56.3179 	0.0834306 	-0.0264521 	1.49822 	0
56.3881 	0.0834306 	-0.0264521 	1.49822 	0
56.4582 	0.0834306 	-0.0264521 	1.49822 	0
56.5283 	0.0834306 	-0.0264521 	1.49822 	0
56.5985 	0.0834306 	-0.0264521 	1.49822 	0
56.6686 	0.0834306 	-0.0264521 	1.49822 	0
56.7387 	0.0834306 	-0.0264521 	1.49822 	0
56.8089 	0.0813804 	-0.0351997 	1.49603 	0
56.879 	0.0813804 	-0.0351997 	1.49603 	0
56.9491 	0.0813804 	-0.0351997 	1.49603 	0
57.0193 	0.0813804 	-0.0351997 	1.49603 	0
57.0894 	0.0813804 	-0.0351997 	1.49603 	0
57.1595 	0.0813804 	-0.0351997 	1.49603 	0
57.2297 	0.0813804 	-0.0351997 	1.49603 	0
57.2998 	0.0813804 	-0.0351997 	1.49603 	0
57.3699 	0.0813804 	-0.0351997 	1.49603 	0
57.4401 	0.0813804 	-0.0351997 	1.49603 	0
57.5102 	0.0813804 	-0.0351997 	1.49603 	0
57.5803 	0.0813804 	-0.0351997 	1.49603 	0
57.6505 	0.0813804 	-0.0351997 	1.49603 	0
57.7206 	0.0813804 	-0.0351997 	1.49603 	0
57.7907 	0.0813804 	-0.0351997 	1.49603 	0
57.8609 	0.0813804 	-0.0351997 	1.49603 	0
57.931 	0.0813804 	-0.0351997 	1.49603 	0
58.0011 	0.0802916 	-0.0406941 	1.4922 	0
58.0713 	0.0802916 	-0.0406941 	1.4922 	0
58.1414 	0.0802916 	-0.0406941 	1.4922 	0
58.2115 	0.0802916 	-0.0406941 	1.4922 	0
58.2817 	0.0802916 	-0.0406941 	1.4922 	0
58.3518 	0.0802916 	-0.0406941 	1.4922 	0
58.4219 	0.0802916 	-0.0406941 	1.4922 	0
58.4921 	0.0802916 	-0.0406941 	1.4922 	0
58.5622 	0.0802916 	-0.0406941 	1.4922 	0
58.6324 	0.0802916 	-0.0406941 	1.4922 	0
58.7025 	0.0802916 	-0.0406941 	1.4922 	0
58.7726 	0.0802916 	-0.0406941 	1.4922 	0
58.8428 	0.0802916 	-0.0406941 	1.4922 	0
58.9129 	0.0802916 	-0.0406941 	1.4922 	0
58.983 	0.0802916 	-0.0406941 	1.4922 	0
59.0532 	0.0802916 	-0.0406941 	1.4922 	0
59.1233 	0.0802916 	-0.0406941 	1.4922 	0
59.1934 	0.0802916 	-0.0406941 	1.4922 	0
59.2636 	0.082654 	-0.0453118 	1.49074 	0
59.3337 	0.082654 	-0.0453118 	1.49074 	0
59.4038 	0.082654 	-0.0453118 	1.49074 	0
59.474 	0.082654 	-0.0453118 	1.49074 	0
59.5441 	0.082654 	-0.0453118 	1.49074 	0
59.6142 	0.082654 	-0.0453118 	1.49074 	0
59.6844 	0.082654 	-0.0453118 	1.49074 	0
59.7545 	0.082654 	-0.0453118 	1.49074 	0
59.8246 	0.082654 	-0.0453118 	1.49074 	0
59.8948 	0.082654 	-0.0453118 	1.49074 	0
59.9649 	0.082654 	-0.0453118 	1.49074 	0
60.035 	0.082654 	-0.0453118 	1.49074 	0
60.1052 	0.082654 	-0.0453118 	1.49074 	0
60.1753 	0.082654 	-0.0453118 	1.49074 	0
60.2454 	0.082654 	-0.0453118 	1.49074 	0
60.3156 	0.082654 	-0.0453118 	1.49074 	0
60.3857 	0.082654 	-0.0453118 	1.49074 	0
60.4558 	0.0912088 	-0.0477834 	1.49872 	0
60.526 	0.0912088 	-0.0477834 	1.49872 	0
60.5961 	0.0912088 	-0.0477834 	1.49872 	0
60.6662 	0.0912088 	-0.0477834 	1.49872 	0
60.7364 	0.0912088 	-0.0477834 	1.49872 	0
60.8065 	0.0912088 	-0.0477834 	1.49872 	0
60.8767 	0.0912088 	-0.0477834 	1.49872 	0
60.9468 	0.0912088 	-0.0477834 	1.49872 	0
61.0169 	0.0912088 	-0.0477834 	1.49872 	0
61.0871 	0.0912088 	-0.0477834 	1.49872 	0
61.1572 	0.0912088 	-0.0477834 	1.49872 	0
61.2273 	0.0912088 	-0.0477834 	1.49872 	0
61.2975 	0.0912088 	-0.0477834 	1.49872 	0
61.3676 	0.0912088 	-0.0477834 	1.49872 	0
61.4377 	0.0912088 	-0.0477834 	1.49872 	0
61.5079 	0.0912088 	-0.0477834 	1.49872 	0
61.578 	0.0912088 	-0.0477834 	1.49872 	0
61.6481 	0.0912088 	-0.0477834 	1.49872 	0
61.7183 	0.0999849 	-0.0278744 	1.50496 	0
61.7884 	0.0999849 	-0.0278744 	1.50496 	0
61.8585 	0.0999849 	-0.0278744 	1.50496 	0
61.9287 	0.0999849 	-0.0278744 	1.50496 	0
61.9988 	0.0999849 	-0.0278744 	1.50496 	0
62.0689 	0.0999849 	-0.0278744 	1.50496 	0
62.1391 	0.0999849 	-0.0278744 	1.50496 	0
62.2092 	0.0999849 	-0.0278744 	1.50496 	0
62.2793 	0.0999849 	-0.0278744 	1.50496 	0
62.3495 	0.0999849 	-0.0278744 	1.50496 	0
62.4196 	0.0999849 	-0.0278744 	1.50496 	0
62.4897 	0.0999849 	-0.0278744 	1.50496 	0
62.5599 	0.0999849 	-0.0278744 	1.50496 	0
62.63 	0.0999849 	-0.0278744 	1.50496 	0
62.7001 	0.0999849 	-0.0278744 	1.50496 	0
62.7703 	0.0999849 	-0.0278744 	1.50496 	0
62.8404 	0.0999849 	-0.0278744 	1.50496 	0
62.9105 	0.110291 	-0.0235186 	1.55113 	0
62.9807 	0.110291 	-0.0235186 	1.55113 	0
63.0508 	0.110291 	-0.0235186 	1.55113 	0
63.121 	0.110291 	-0.0235186 	1.55113 	0
63.1911 	0.110291 	-0.0235186 	1.55113 	0
63.2612 	0.110291 	-0.0235186 	1.55113 	0
63.3314 	0.110291 	-0.0235186 	1.55113 	0
63.4015 	0.110291 	-0.0235186 	1.55113 	0
63.4716 	0.110291 	-0.0235186 	1.55113 	0
63.5418 	0.110291 	-0.0235186 	1.55113 	0
63.6119 	0.110291 	-0.0235186 	1.55113 	0
63.682 	0.110291 	-0.0235186 	1.55113 	0
63.7522 	0.110291 	-0.0235186 	1.55113 	0
63.8223 	0.110291 	-0.0235186 	1.55113 	0
63.8924 	0.110291 	-0.0235186 	1.55113 	0
63.9626 	0.110291 	-0.0235186 	1.55113 	0
64.0327 	0.110291 	-0.0235186 	1.55113 	0
64.1028 	0.110291 	-0.0235186 	1.55113 	0
64.173 	0.109051 	0.0447484 	1.58332 	0
64.2431 	0.109051 	0.0447484 	1.58332 	0
64.3132 	0.109051 	0.0447484 	1.58332 	0
64.3834 	0.109051 	0.0447484 	1.58332 	0
64.4535 	0.109051 	0.0447484 	1.58332 	0
64.5236 	0.109051 	0.0447484 	1.58332 	0
64.5938 	0.109051 	0.0447484 	1.58332 	0
64.6639 	0.109051 	0.0447484 	1.58332 	0
64.734 	0.109051 	0.0447484 	1.58332 	0
64.8042 	0.109051 	0.0447484 	1.58332 	0
64.8743 	0.109051 	0.0447484 	1.58332 	0
64.9444 	0.109051 	0.0447484 	1.58332 	0
65.0146 	0.109051 	0.0447484 	1.58332 	0
65.0847 	0.109051 	0.0447484 	1.58332 	0
65.1548 	0.109051 	0.0447484 	1.58332 	0
65.225 	0.109051 	0.0447484 	1.58332 	0
65.2951 	0.109051 	0.0447484 	1.58332 	0
65.3653 	0.109051 	0.0447484 	1.58332 	0
65.4354 	0.106078 	0.0904269 	1.69215 	0
65.5055 	0.106078 	0.0904269 	1.69215 	0
65.5757 	0.106078 	0.0904269 	1.69215 	0
65.6458 	0.106078 	0.0904269 	1.69215 	0
65.7159 	0.106078 	0.0904269 	1.69215 	0
65.7861 	0.106078 	0.0904269 	1.69215 	0
65.8562 	0.106078 	0.0904269 	1.69215 	0
65.9263 	0.106078 	0.0904269 	1.69215 	0
65.9965 	0.106078 	0.0904269 	1.69215 	0
66.0666 	0.106078 	0.0904269 	1.69215 	0
66.1367 	0.106078 	0.0904269 	1.69215 	0
66.2069 	0.106078 	0.0904269 	1.69215 	0
66.277 	0.106078 	0.0904269 	1.69215 	0
66.3471 	0.106078 	0.0904269 	1.69215 	0
66.4173 	0.106078 	0.0904269 	1.69215 	0
66.4874 	0.106078 	0.0904269 	1.69215 	0
66.5575 	0.106078 	0.0904269 	1.69215 	0
66.6277 	0.0837061 	0.179186 	1.74405 	0
66.6978 	0.0837061 	0.179186 	1.74405 	0
66.7679 	0.0837061 	0.179186 	1.74405 	0
66.8381 	0.0837061 	0.179186 	1.74405 	0
66.9082 	0.0837061 	0.179186 	1.74405 	0
66.9783 	0.0837061 	0.179186 	1.74405 	0
67.0485 	0.0837061 	0.179186 	1.74405 	0
67.1186 	0.0837061 	0.179186 	1.74405 	0
67.1887 	0.0837061 	0.179186 	1.74405 	0
67.2589 	0.0837061 	0.179186 	1.74405 	0
67.329 	0.0837061 	0.179186 	1.74405 	0
67.3991 	0.0837061 	0.179186 	1.74405 	0
67.4693 	0.0837061 	0.179186 	1.74405 	0
67.5394 	0.0837061 	0.179186 	1.74405 	0
67.6096 	0.0837061 	0.179186 	1.74405 	0
67.6797 	0.0837061 	0.179186 	1.74405 	0
67.7498 	0.0837061 	0.179186 	1.74405 	0
67.82 	0.0837061 	0.179186 	1.74405 	0
67.8901 	0.037462 	0.218817 	1.909 	0
67.9602 	0.037462 	0.218817 	1.909 	0
68.0304 	0.037462 	0.218817 	1.909 	0
68.1005 	0.037462 	0.218817 	1.909 	0
68.1706 	0.037462 	0.218817 	1.909 	0
68.2408 	0.037462 	0.218817 	1.909 	0
68.3109 	0.037462 	0.218817 	1.909 	0
68.381 	0.037462 	0.218817 	1.909 	0
68.4512 	0.037462 	0.218817 	1.909 	0
68.5213 	0.037462 	0.218817 	1.909 	0
68.5914 	0.037462 	0.218817 	1.909 	0
68.6616 	0.037462 	0.218817 	1.909 	0
68.7317 	0.037462 	0.218817 	1.909 	0
68.8018 	0.037462 	0.218817 	1.909 	0
68.872 	0.037462 	0.218817 	1.909 	0
68.9421 	0.037462 	0.218817 	1.909 	0
69.0122 	0.037462 	0.218817 	1.909 	0
