0.490941 	0.851847 	0.00612678 	3.00283 	0
0.561075 	0.851847 	0.00612678 	3.00283 	0
0.63121 	0.851847 	0.00612678 	3.00283 	0
0.701344 	0.851847 	0.00612678 	3.00283 	0
0.771478 	0.851847 	0.00612678 	3.00283 	0
0.841613 	0.851847 	0.00612678 	3.00283 	0
0.911747 	0.851847 	0.00612678 	3.00283 	0
0.981881 	0.851847 	0.00612678 	3.00283 	0
1.05202 	0.851847 	0.00612678 	3.00283 	0
1.12215 	0.851847 	0.00612678 	3.00283 	0
1.19228 	0.851847 	0.00612678 	3.00283 	0
1.26242 	0.825715 	0.0115211 	3.00795 	0
1.33255 	0.825715 	0.0115211 	3.00795 	0
1.40269 	0.825715 	0.0115211 	3.00795 	0
1.47282 	0.825715 	0.0115211 	3.00795 	0
1.54296 	0.825715 	0.0115211 	3.00795 	0
1.61309 	0.825715 	0.0115211 	3.00795 	0
1.68323 	0.825715 	0.0115211 	3.00795 	0
1.75336 	0.825715 	0.0115211 	3.00795 	0
1.82349 	0.775971 	0.0148477 	3.02391 	2.96326e-19
1.89363 	0.775971 	0.0148477 	3.02391 	2.96326e-19
1.96376 	0.775971 	0.0148477 	3.02391 	2.96326e-19
2.0339 	0.775971 	0.0148477 	3.02391 	2.96326e-19
2.10403 	0.775971 	0.0148477 	3.02391 	2.96326e-19
2.17417 	0.775971 	0.0148477 	3.02391 	2.96326e-19
2.2443 	0.775971 	0.0148477 	3.02391 	2.96326e-19
2.31443 	0.775971 	0.0148477 	3.02391 	2.96326e-19
2.38457 	0.775971 	0.0148477 	3.02391 	2.96326e-19
2.4547 	0.775971 	0.0148477 	3.02391 	2.96326e-19
2.52484 	0.775971 	0.0148477 	3.02391 	2.96326e-19
2.59497 	0.741266 	0.00733794 	3.03682 	-4.6308e-19
2.66511 	0.741266 	0.00733794 	3.03682 	-4.6308e-19
2.73524 	0.741266 	0.00733794 	3.03682 	-4.6308e-19
2.80538 	0.741266 	0.00733794 	3.03682 	-4.6308e-19
2.87551 	0.741266 	0.00733794 	3.03682 	-4.6308e-19
2.94564 	0.741266 	0.00733794 	3.03682 	-4.6308e-19
3.01578 	0.741266 	0.00733794 	3.03682 	-4.6308e-19
3.08591 	0.741266 	0.00733794 	3.03682 	-4.6308e-19
3.15605 	0.741266 	0.00733794 	3.03682 	-4.6308e-19
3.22618 	0.741266 	0.00733794 	3.03682 	-4.6308e-19
3.29632 	0.708839 	0.0200074 	3.04348 	4.6803e-19
3.36645 	0.708839 	0.0200074 	3.04348 	4.6803e-19
3.43659 	0.708839 	0.0200074 	3.04348 	4.6803e-19
3.50672 	0.708839 	0.0200074 	3.04348 	4.6803e-19
3.57685 	0.708839 	0.0200074 	3.04348 	4.6803e-19
3.64699 	0.708839 	0.0200074 	3.04348 	4.6803e-19
3.71712 	0.708839 	0.0200074 	3.04348 	4.6803e-19
3.78726 	0.708839 	0.0200074 	3.04348 	4.6803e-19
3.85739 	0.708839 	0.0200074 	3.04348 	4.6803e-19
3.92753 	0.708839 	0.0200074 	3.04348 	4.6803e-19
3.99766 	0.708839 	0.0200074 	3.04348 	4.6803e-19
4.06779 	0.690581 	0.00379227 	3.05021 	-1.30142e-20
4.13793 	0.690581 	0.00379227 	3.05021 	-1.30142e-20
4.20806 	0.690581 	0.00379227 	3.05021 	-1.30142e-20
4.2782 	0.690581 	0.00379227 	3.05021 	-1.30142e-20
4.34833 	0.690581 	0.00379227 	3.05021 	-1.30142e-20
4.41847 	0.690581 	0.00379227 	3.05021 	-1.30142e-20
4.4886 	0.665554 	0.0164163 	3.058 	0
4.55874 	0.665554 	0.0164163 	3.058 	0
4.62887 	0.665554 	0.0164163 	3.058 	0
4.699 	0.665554 	0.0164163 	3.058 	0
4.76914 	0.665554 	0.0164163 	3.058 	0
4.83927 	0.665554 	0.0164163 	3.058 	0
4.90941 	0.665554 	0.0164163 	3.058 	0
4.97954 	0.665554 	0.0164163 	3.058 	0
5.04968 	0.665554 	0.0164163 	3.058 	0
5.11981 	0.665554 	0.0164163 	3.058 	0
5.18994 	0.643126 	0.0057307 	3.06471 	-6.02222e-21
5.26008 	0.643126 	0.0057307 	3.06471 	-6.02222e-21
5.33021 	0.643126 	0.0057307 	3.06471 	-6.02222e-21
5.40035 	0.643126 	0.0057307 	3.06471 	-6.02222e-21
5.47048 	0.643126 	0.0057307 	3.06471 	-6.02222e-21
5.54062 	0.643126 	0.0057307 	3.06471 	-6.02222e-21
5.61075 	0.643126 	0.0057307 	3.06471 	-6.02222e-21
5.68089 	0.614244 	0.0111837 	3.07476 	0
5.75102 	0.614244 	0.0111837 	3.07476 	0
5.82115 	0.614244 	0.0111837 	3.07476 	0
5.89129 	0.614244 	0.0111837 	3.07476 	0
5.96142 	0.614244 	0.0111837 	3.07476 	0
6.03156 	0.614244 	0.0111837 	3.07476 	0
6.10169 	0.614244 	0.0111837 	3.07476 	0
6.17183 	0.614244 	0.0111837 	3.07476 	0
6.24196 	0.614244 	0.0111837 	3.07476 	0
6.3121 	0.585685 	0.0072239 	3.08228 	0
6.38223 	0.585685 	0.0072239 	3.08228 	0
6.45236 	0.585685 	0.0072239 	3.08228 	0
6.5225 	0.585685 	0.0072239 	3.08228 	0
6.59263 	0.585685 	0.0072239 	3.08228 	0
6.66277 	0.585685 	0.0072239 	3.08228 	0
6.7329 	0.585685 	0.0072239 	3.08228 	0
6.80304 	0.585685 	0.0072239 	3.08228 	0
6.87317 	0.559575 	0.00606787 	3.09128 	1.90276e-19
6.9433 	0.559575 	0.00606787 	3.09128 	1.90276e-19
7.01344 	0.559575 	0.00606787 	3.09128 	1.90276e-19
7.08357 	0.559575 	0.00606787 	3.09128 	1.90276e-19
7.15371 	0.559575 	0.00606787 	3.09128 	1.90276e-19
7.22384 	0.559575 	0.00606787 	3.09128 	1.90276e-19
7.29398 	0.559575 	0.00606787 	3.09128 	1.90276e-19
7.36411 	0.559575 	0.00606787 	3.09128 	1.90276e-19
7.43425 	0.559575 	0.00606787 	3.09128 	1.90276e-19
7.50438 	0.52801 	0.00871682 	3.1002 	-1.3952e-18
7.57451 	0.52801 	0.00871682 	3.1002 	-1.3952e-18
7.64465 	0.52801 	0.00871682 	3.1002 	-1.3952e-18
7.71478 	0.52801 	0.00871682 	3.1002 	-1.3952e-18
7.78492 	0.52801 	0.00871682 	3.1002 	-1.3952e-18
7.85505 	0.52801 	0.00871682 	3.1002 	-1.3952e-18
7.92519 	0.52801 	0.00871682 	3.1002 	-1.3952e-18
7.99532 	0.52801 	0.00871682 	3.1002 	-1.3952e-18
8.06545 	0.51047 	0.00234904 	3.10496 	1.37255e-18
8.13559 	0.51047 	0.00234904 	3.10496 	1.37255e-18
8.20572 	0.51047 	0.00234904 	3.10496 	1.37255e-18
8.27586 	0.51047 	0.00234904 	3.10496 	1.37255e-18
8.34599 	0.51047 	0.00234904 	3.10496 	1.37255e-18
8.41613 	0.51047 	0.00234904 	3.10496 	1.37255e-18
8.48626 	0.51047 	0.00234904 	3.10496 	1.37255e-18
8.5564 	0.51047 	0.00234904 	3.10496 	1.37255e-18
8.62653 	0.51047 	0.00234904 	3.10496 	1.37255e-18
8.69666 	0.477624 	0.0135687 	3.1189 	1.20998e-18
8.7668 	0.477624 	0.0135687 	3.1189 	1.20998e-18
8.83693 	0.477624 	0.0135687 	3.1189 	1.20998e-18
8.90707 	0.477624 	0.0135687 	3.1189 	1.20998e-18
8.9772 	0.477624 	0.0135687 	3.1189 	1.20998e-18
9.04734 	0.477624 	0.0135687 	3.1189 	1.20998e-18
9.11747 	0.477624 	0.0135687 	3.1189 	1.20998e-18
9.18761 	0.477624 	0.0135687 	3.1189 	1.20998e-18
9.25774 	0.445608 	0.00249761 	3.11907 	-1.11815e-18
9.32787 	0.445608 	0.00249761 	3.11907 	-1.11815e-18
9.39801 	0.445608 	0.00249761 	3.11907 	-1.11815e-18
9.46814 	0.445608 	0.00249761 	3.11907 	-1.11815e-18
9.53828 	0.445608 	0.00249761 	3.11907 	-1.11815e-18
9.60841 	0.445608 	0.00249761 	3.11907 	-1.11815e-18
9.67855 	0.445608 	0.00249761 	3.11907 	-1.11815e-18
9.74868 	0.445608 	0.00249761 	3.11907 	-1.11815e-18
9.81881 	0.430262 	0.0179833 	3.1297 	-3.37923e-19
9.88895 	0.430262 	0.0179833 	3.1297 	-3.37923e-19
9.95908 	0.430262 	0.0179833 	3.1297 	-3.37923e-19
10.0292 	0.430262 	0.0179833 	3.1297 	-3.37923e-19
10.0994 	0.430262 	0.0179833 	3.1297 	-3.37923e-19
10.1695 	0.430262 	0.0179833 	3.1297 	-3.37923e-19
10.2396 	0.430262 	0.0179833 	3.1297 	-3.37923e-19
10.3098 	0.430262 	0.0179833 	3.1297 	-3.37923e-19
10.3799 	0.430262 	0.0179833 	3.1297 	-3.37923e-19
10.45 	0.430262 	0.0179833 	3.1297 	-3.37923e-19
10.5202 	0.430262 	0.0179833 	3.1297 	-3.37923e-19
10.5903 	0.430262 	0.0179833 	3.1297 	-3.37923e-19
10.6604 	0.453346 	0.0163764 	3.12561 	4.97383e-19
10.7306 	0.399255 	0.037931 	3.13979 	0
10.8007 	0.399255 	0.037931 	3.13979 	0
10.8708 	0.399255 	0.037931 	3.13979 	0
10.941 	0.399255 	0.037931 	3.13979 	0
11.0111 	0.399255 	0.037931 	3.13979 	0
11.0812 	0.399255 	0.037931 	3.13979 	0
11.1514 	0.399255 	0.037931 	3.13979 	0
11.2215 	0.399255 	0.037931 	3.13979 	0
11.2916 	0.399255 	0.037931 	3.13979 	0
11.3618 	0.399255 	0.037931 	3.13979 	0
11.4319 	0.399255 	0.037931 	3.13979 	0
11.502 	0.399255 	0.037931 	3.13979 	0
11.5722 	0.399255 	0.037931 	3.13979 	0
11.6423 	0.399255 	0.037931 	3.13979 	0
11.7124 	0.407723 	0.0250874 	3.12863 	0
11.7826 	0.344519 	0.0801293 	3.16161 	5.07469e-19
11.8527 	0.344519 	0.0801293 	3.16161 	5.07469e-19
11.9228 	0.344519 	0.0801293 	3.16161 	5.07469e-19
11.993 	0.344519 	0.0801293 	3.16161 	5.07469e-19
12.0631 	0.344519 	0.0801293 	3.16161 	5.07469e-19
12.1332 	0.344519 	0.0801293 	3.16161 	5.07469e-19
12.2034 	0.242596 	0.0725181 	3.18905 	-2.18988e-19
12.2735 	0.242596 	0.0725181 	3.18905 	-2.18988e-19
12.3437 	0.242596 	0.0725181 	3.18905 	-2.18988e-19
12.4138 	0.242596 	0.0725181 	3.18905 	-2.18988e-19
12.4839 	0.242596 	0.0725181 	3.18905 	-2.18988e-19
12.5541 	0.242596 	0.0725181 	3.18905 	-2.18988e-19
12.6242 	0.242596 	0.0725181 	3.18905 	-2.18988e-19
12.6943 	0.242596 	0.0725181 	3.18905 	-2.18988e-19
12.7645 	0.242596 	0.0725181 	3.18905 	-2.18988e-19
12.8346 	0.124973 	0.0387925 	3.1829 	1.16926e-19
12.9047 	0.108193 	0.141033 	3.2256 	-3.59836e-21
12.9749 	0.108193 	0.141033 	3.2256 	-3.59836e-21
13.045 	0.108193 	0.141033 	3.2256 	-3.59836e-21
13.1151 	0.108193 	0.141033 	3.2256 	-3.59836e-21
13.1853 	0.108193 	0.141033 	3.2256 	-3.59836e-21
13.2554 	0.108193 	0.141033 	3.2256 	-3.59836e-21
13.3255 	0.108193 	0.141033 	3.2256 	-3.59836e-21
13.3957 	0.337834 	0.146911 	3.19626 	8.25683e-19
13.4658 	0.337834 	0.146911 	3.19626 	8.25683e-19
13.5359 	0.337834 	0.146911 	3.19626 	8.25683e-19
13.6061 	0.337834 	0.146911 	3.19626 	8.25683e-19
13.6762 	0.337834 	0.146911 	3.19626 	8.25683e-19
13.7463 	0.337834 	0.146911 	3.19626 	8.25683e-19
13.8165 	0.41536 	0.12329 	2.87114 	-6.74946e-19
13.8866 	0.609944 	0.145779 	2.96551 	1.41147e-19
13.9567 	0.609944 	0.145779 	2.96551 	1.41147e-19
14.0269 	0.0252971 	0.253965 	3.03932 	-7.76761e-19
14.097 	0.0252971 	0.253965 	3.03932 	-7.76761e-19
14.1671 	0.0252971 	0.253965 	3.03932 	-7.76761e-19
14.2373 	0.0252971 	0.253965 	3.03932 	-7.76761e-19
14.3074 	0.0252971 	0.253965 	3.03932 	-7.76761e-19
14.3776 	0.0252971 	0.253965 	3.03932 	-7.76761e-19
14.4477 	0.0252971 	0.253965 	3.03932 	-7.76761e-19
14.5178 	0.0252971 	0.253965 	3.03932 	-7.76761e-19
14.588 	0.0252971 	0.253965 	3.03932 	-7.76761e-19
14.6581 	0.0252971 	0.253965 	3.03932 	-7.76761e-19
14.7282 	0.0252971 	0.253965 	3.03932 	-7.76761e-19
14.7984 	0.0252971 	0.253965 	3.03932 	-7.76761e-19
14.8685 	0.0252971 	0.253965 	3.03932 	-7.76761e-19
14.9386 	-0.156386 	0.349154 	3.19934 	0
15.0088 	-0.156386 	0.349154 	3.19934 	0
15.0789 	-0.156386 	0.349154 	3.19934 	0
15.149 	-0.156386 	0.349154 	3.19934 	0
15.2192 	-0.156386 	0.349154 	3.19934 	0
15.2893 	-0.665862 	0.345239 	3.42999 	-4.38989e-19
15.3594 	-0.665862 	0.345239 	3.42999 	-4.38989e-19
15.4296 	-0.665862 	0.345239 	3.42999 	-4.38989e-19
15.4997 	-0.665862 	0.345239 	3.42999 	-4.38989e-19
15.5698 	-0.665862 	0.345239 	3.42999 	-4.38989e-19
15.64 	-0.665862 	0.345239 	3.42999 	-4.38989e-19
15.7101 	-1.16743 	0.400743 	3.50199 	0
15.7802 	-1.16743 	0.400743 	3.50199 	0
15.8504 	-1.06931 	0.653694 	3.56235 	1.65926e-18
15.9205 	-1.06931 	0.653694 	3.56235 	1.65926e-18
15.9906 	-1.06931 	0.653694 	3.56235 	1.65926e-18
16.0608 	-1.06931 	0.653694 	3.56235 	1.65926e-18
16.1309 	-1.06931 	0.653694 	3.56235 	1.65926e-18
16.201 	-1.06931 	0.653694 	3.56235 	1.65926e-18
16.2712 	-1.06931 	0.653694 	3.56235 	1.65926e-18
16.3413 	-1.06931 	0.653694 	3.56235 	1.65926e-18
16.4114 	-1.06931 	0.653694 	3.56235 	1.65926e-18
16.4816 	-1.06931 	0.653694 	3.56235 	1.65926e-18
16.5517 	-1.06931 	0.653694 	3.56235 	1.65926e-18
16.6219 	-1.06931 	0.653694 	3.56235 	1.65926e-18
16.692 	-1.06931 	0.653694 	3.56235 	1.65926e-18
16.7621 	-1.06931 	0.653694 	3.56235 	1.65926e-18
16.8323 	-0.624685 	0.880767 	3.12758 	3.77459e-19
16.9024 	-0.624685 	0.880767 	3.12758 	3.77459e-19
16.9725 	-0.624685 	0.880767 	3.12758 	3.77459e-19
17.0427 	-0.624685 	0.880767 	3.12758 	3.77459e-19
17.1128 	-0.624685 	0.880767 	3.12758 	3.77459e-19
17.1829 	-0.624685 	0.880767 	3.12758 	3.77459e-19
17.2531 	-0.624685 	0.880767 	3.12758 	3.77459e-19
17.3232 	-0.624685 	0.880767 	3.12758 	3.77459e-19
17.3933 	-0.624685 	0.880767 	3.12758 	3.77459e-19
17.4635 	-0.624685 	0.880767 	3.12758 	3.77459e-19
17.5336 	-0.541637 	0.917854 	3.04602 	-4.28322e-19
17.6037 	-0.541637 	0.917854 	3.04602 	-4.28322e-19
17.6739 	-0.541637 	0.917854 	3.04602 	-4.28322e-19
17.744 	-0.633812 	1.0463 	3.17661 	4.81909e-19
17.8141 	-0.633812 	1.0463 	3.17661 	4.81909e-19
17.8843 	-0.633812 	1.0463 	3.17661 	4.81909e-19
17.9544 	-0.633812 	1.0463 	3.17661 	4.81909e-19
18.0245 	-0.633812 	1.0463 	3.17661 	4.81909e-19
18.0947 	-0.633812 	1.0463 	3.17661 	4.81909e-19
18.1648 	-0.633812 	1.0463 	3.17661 	4.81909e-19
18.2349 	-0.633812 	1.0463 	3.17661 	4.81909e-19
18.3051 	-0.633812 	1.0463 	3.17661 	4.81909e-19
18.3752 	-0.343485 	1.00666 	2.78407 	-3.66356e-19
18.4453 	-0.343485 	1.00666 	2.78407 	-3.66356e-19
18.5155 	-0.343485 	1.00666 	2.78407 	-3.66356e-19
18.5856 	-0.343485 	1.00666 	2.78407 	-3.66356e-19
18.6557 	-0.343485 	1.00666 	2.78407 	-3.66356e-19
18.7259 	-0.343485 	1.00666 	2.78407 	-3.66356e-19
18.796 	-0.343485 	1.00666 	2.78407 	-3.66356e-19
18.8662 	-0.267996 	1.03987 	2.83935 	2.85875e-19
18.9363 	-0.267996 	1.03987 	2.83935 	2.85875e-19
19.0064 	-0.267996 	1.03987 	2.83935 	2.85875e-19
19.0766 	-0.267996 	1.03987 	2.83935 	2.85875e-19
19.1467 	-0.267996 	1.03987 	2.83935 	2.85875e-19
19.2168 	-0.267996 	1.03987 	2.83935 	2.85875e-19
19.287 	-0.267996 	1.03987 	2.83935 	2.85875e-19
19.3571 	-0.267996 	1.03987 	2.83935 	2.85875e-19
19.4272 	-0.267996 	1.03987 	2.83935 	2.85875e-19
19.4974 	-0.267996 	1.03987 	2.83935 	2.85875e-19
19.5675 	-0.267996 	1.03987 	2.83935 	2.85875e-19
19.6376 	-0.267996 	1.03987 	2.83935 	2.85875e-19
19.7078 	-0.267996 	1.03987 	2.83935 	2.85875e-19
19.7779 	-0.119055 	0.991029 	2.46698 	-6.93749e-20
19.848 	-0.119055 	0.991029 	2.46698 	-6.93749e-20
19.9182 	-0.119055 	0.991029 	2.46698 	-6.93749e-20
19.9883 	-0.119055 	0.991029 	2.46698 	-6.93749e-20
20.0584 	-0.119055 	0.991029 	2.46698 	-6.93749e-20
20.1286 	-0.119055 	0.991029 	2.46698 	-6.93749e-20
20.1987 	-0.119055 	0.991029 	2.46698 	-6.93749e-20
20.2688 	-0.122424 	0.993744 	2.46466 	-1.60416e-19
20.339 	-0.122424 	0.993744 	2.46466 	-1.60416e-19
20.4091 	-0.122424 	0.993744 	2.46466 	-1.60416e-19
20.4792 	-0.122424 	0.993744 	2.46466 	-1.60416e-19
20.5494 	-0.122424 	0.993744 	2.46466 	-1.60416e-19
20.6195 	-0.122424 	0.993744 	2.46466 	-1.60416e-19
20.6896 	-0.122424 	0.993744 	2.46466 	-1.60416e-19
20.7598 	-0.122424 	0.993744 	2.46466 	-1.60416e-19
20.8299 	-0.122424 	0.993744 	2.46466 	-1.60416e-19
20.9 	-0.122424 	0.993744 	2.46466 	-1.60416e-19
20.9702 	-0.122424 	0.993744 	2.46466 	-1.60416e-19
21.0403 	-0.122424 	0.993744 	2.46466 	-1.60416e-19
21.1105 	-0.122424 	0.993744 	2.46466 	-1.60416e-19
21.1806 	-0.122424 	0.993744 	2.46466 	-1.60416e-19
21.2507 	-0.122424 	0.993744 	2.46466 	-1.60416e-19
21.3209 	-0.122424 	0.993744 	2.46466 	-1.60416e-19
21.391 	-0.122424 	0.993744 	2.46466 	-1.60416e-19
21.4611 	-0.110499 	0.704353 	1.92743 	1.06494e-19
21.5313 	-0.110499 	0.704353 	1.92743 	1.06494e-19
21.6014 	-0.110499 	0.704353 	1.92743 	1.06494e-19
21.6715 	-0.217761 	0.619723 	1.44014 	1.9647e-19
21.7417 	-0.217761 	0.619723 	1.44014 	1.9647e-19
21.8118 	-0.217761 	0.619723 	1.44014 	1.9647e-19
21.8819 	-0.217761 	0.619723 	1.44014 	1.9647e-19
21.9521 	-0.217761 	0.619723 	1.44014 	1.9647e-19
22.0222 	-0.350932 	0.934375 	2.37147 	-2.83309e-19
22.0923 	-0.350932 	0.934375 	2.37147 	-2.83309e-19
22.1625 	-0.350932 	0.934375 	2.37147 	-2.83309e-19
22.2326 	-0.350932 	0.934375 	2.37147 	-2.83309e-19
22.3027 	-0.350932 	0.934375 	2.37147 	-2.83309e-19
22.3729 	-0.350932 	0.934375 	2.37147 	-2.83309e-19
22.443 	-0.350932 	0.934375 	2.37147 	-2.83309e-19
22.5131 	-0.350932 	0.934375 	2.37147 	-2.83309e-19
22.5833 	-0.350932 	0.934375 	2.37147 	-2.83309e-19
22.6534 	-0.350932 	0.934375 	2.37147 	-2.83309e-19
22.7235 	-0.350932 	0.934375 	2.37147 	-2.83309e-19
22.7937 	-0.350932 	0.934375 	2.37147 	-2.83309e-19
22.8638 	-0.350932 	0.934375 	2.37147 	-2.83309e-19
22.9339 	-0.350932 	0.934375 	2.37147 	-2.83309e-19
23.0041 	-0.350932 	0.934375 	2.37147 	-2.83309e-19
23.0742 	-0.350932 	0.934375 	2.37147 	-2.83309e-19
23.1443 	-0.350932 	0.934375 	2.37147 	-2.83309e-19
23.2145 	-0.350932 	0.934375 	2.37147 	-2.83309e-19
23.2846 	-0.350932 	0.934375 	2.37147 	-2.83309e-19
23.3548 	-0.350932 	0.934375 	2.37147 	-2.83309e-19
23.4249 	-0.350932 	0.934375 	2.37147 	-2.83309e-19
23.495 	-0.169833 	0.901738 	2.34534 	3.53602e-20
23.5652 	-0.169833 	0.901738 	2.34534 	3.53602e-20
23.6353 	-0.169833 	0.901738 	2.34534 	3.53602e-20
23.7054 	-0.169833 	0.901738 	2.34534 	3.53602e-20
23.7756 	-0.169833 	0.901738 	2.34534 	3.53602e-20
23.8457 	-0.169833 	0.901738 	2.34534 	3.53602e-20
23.9158 	-0.169833 	0.901738 	2.34534 	3.53602e-20
23.986 	-0.0391016 	0.840569 	2.23496 	-1.80353e-21
24.0561 	-0.0391016 	0.840569 	2.23496 	-1.80353e-21
24.1262 	-0.0391016 	0.840569 	2.23496 	-1.80353e-21
24.1964 	-0.0391016 	0.840569 	2.23496 	-1.80353e-21
24.2665 	-0.0391016 	0.840569 	2.23496 	-1.80353e-21
24.3366 	-0.0391016 	0.840569 	2.23496 	-1.80353e-21
24.4068 	-0.0391016 	0.840569 	2.23496 	-1.80353e-21
24.4769 	-0.0391016 	0.840569 	2.23496 	-1.80353e-21
24.547 	-0.0391016 	0.840569 	2.23496 	-1.80353e-21
24.6172 	-0.0391016 	0.840569 	2.23496 	-1.80353e-21
24.6873 	-0.0391016 	0.840569 	2.23496 	-1.80353e-21
24.7574 	-0.0391016 	0.840569 	2.23496 	-1.80353e-21
24.8276 	-0.0391016 	0.840569 	2.23496 	-1.80353e-21
24.8977 	-0.0391016 	0.840569 	2.23496 	-1.80353e-21
24.9678 	-0.0391016 	0.840569 	2.23496 	-1.80353e-21
25.038 	-0.0391016 	0.840569 	2.23496 	-1.80353e-21
25.1081 	-0.0391016 	0.840569 	2.23496 	-1.80353e-21
25.1782 	-0.09107 	0.487812 	1.37172 	0
25.2484 	-0.09107 	0.487812 	1.37172 	0
25.3185 	-0.09107 	0.487812 	1.37172 	0
25.3886 	-0.09107 	0.487812 	1.37172 	0
25.4588 	-0.09107 	0.487812 	1.37172 	0
25.5289 	-0.09107 	0.487812 	1.37172 	0
25.5991 	-0.09107 	0.487812 	1.37172 	0
25.6692 	-0.09107 	0.487812 	1.37172 	0
25.7393 	-0.09107 	0.487812 	1.37172 	0
25.8095 	-0.09107 	0.487812 	1.37172 	0
25.8796 	-0.09107 	0.487812 	1.37172 	0
25.9497 	-0.09107 	0.487812 	1.37172 	0
26.0199 	-0.09107 	0.487812 	1.37172 	0
26.09 	-0.09107 	0.487812 	1.37172 	0
26.1601 	-0.09107 	0.487812 	1.37172 	0
26.2303 	-0.179151 	0.48244 	1.38422 	4.11173e-19
26.3004 	-0.179151 	0.48244 	1.38422 	4.11173e-19
26.3705 	-0.179151 	0.48244 	1.38422 	4.11173e-19
26.4407 	-0.179151 	0.48244 	1.38422 	4.11173e-19
26.5108 	-0.179151 	0.48244 	1.38422 	4.11173e-19
26.5809 	-0.179151 	0.48244 	1.38422 	4.11173e-19
26.6511 	-0.179151 	0.48244 	1.38422 	4.11173e-19
26.7212 	-0.179151 	0.48244 	1.38422 	4.11173e-19
26.7913 	-0.179151 	0.48244 	1.38422 	4.11173e-19
26.8615 	-0.179151 	0.48244 	1.38422 	4.11173e-19
26.9316 	-0.179151 	0.48244 	1.38422 	4.11173e-19
27.0017 	-0.179151 	0.48244 	1.38422 	4.11173e-19
27.0719 	-0.179151 	0.48244 	1.38422 	4.11173e-19
27.142 	-0.179151 	0.48244 	1.38422 	4.11173e-19
27.2121 	-0.179151 	0.48244 	1.38422 	4.11173e-19
27.2823 	-0.179151 	0.48244 	1.38422 	4.11173e-19
27.3524 	-0.232368 	0.476822 	1.38709 	-4.4152e-19
27.4225 	-0.232368 	0.476822 	1.38709 	-4.4152e-19
27.4927 	-0.232368 	0.476822 	1.38709 	-4.4152e-19
27.5628 	-0.232368 	0.476822 	1.38709 	-4.4152e-19
27.6329 	-0.232368 	0.476822 	1.38709 	-4.4152e-19
27.7031 	-0.232368 	0.476822 	1.38709 	-4.4152e-19
27.7732 	-0.232368 	0.476822 	1.38709 	-4.4152e-19
27.8434 	-0.232368 	0.476822 	1.38709 	-4.4152e-19
27.9135 	-0.232368 	0.476822 	1.38709 	-4.4152e-19
27.9836 	-0.232368 	0.476822 	1.38709 	-4.4152e-19
28.0538 	-0.232368 	0.476822 	1.38709 	-4.4152e-19
28.1239 	-0.232368 	0.476822 	1.38709 	-4.4152e-19
28.194 	-0.232368 	0.476822 	1.38709 	-4.4152e-19
28.2642 	-0.232368 	0.476822 	1.38709 	-4.4152e-19
28.3343 	-0.232368 	0.476822 	1.38709 	-4.4152e-19
28.4044 	-0.232368 	0.476822 	1.38709 	-4.4152e-19
28.4746 	-0.232368 	0.476822 	1.38709 	-4.4152e-19
28.5447 	-0.232368 	0.476822 	1.38709 	-4.4152e-19
28.6148 	-0.232368 	0.476822 	1.38709 	-4.4152e-19
28.685 	-0.232368 	0.476822 	1.38709 	-4.4152e-19
28.7551 	-0.232368 	0.476822 	1.38709 	-4.4152e-19
28.8252 	-0.232368 	0.476822 	1.38709 	-4.4152e-19
28.8954 	-0.232368 	0.476822 	1.38709 	-4.4152e-19
28.9655 	-0.270073 	0.42635 	1.29653 	-2.51104e-20
29.0356 	-0.270073 	0.42635 	1.29653 	-2.51104e-20
29.1058 	-0.270073 	0.42635 	1.29653 	-2.51104e-20
29.1759 	-0.270073 	0.42635 	1.29653 	-2.51104e-20
29.246 	-0.270073 	0.42635 	1.29653 	-2.51104e-20
29.3162 	-0.270073 	0.42635 	1.29653 	-2.51104e-20
29.3863 	-0.270073 	0.42635 	1.29653 	-2.51104e-20
29.4564 	-0.270073 	0.42635 	1.29653 	-2.51104e-20
29.5266 	-0.270073 	0.42635 	1.29653 	-2.51104e-20
29.5967 	-0.270073 	0.42635 	1.29653 	-2.51104e-20
29.6668 	-0.270073 	0.42635 	1.29653 	-2.51104e-20
29.737 	-0.270073 	0.42635 	1.29653 	-2.51104e-20
29.8071 	-0.270073 	0.42635 	1.29653 	-2.51104e-20
29.8773 	-0.270073 	0.42635 	1.29653 	-2.51104e-20
29.9474 	-0.270073 	0.42635 	1.29653 	-2.51104e-20
30.0175 	-0.270073 	0.42635 	1.29653 	-2.51104e-20
30.0877 	-0.270073 	0.42635 	1.29653 	-2.51104e-20
30.1578 	-0.270073 	0.42635 	1.29653 	-2.51104e-20
30.2279 	-0.270073 	0.42635 	1.29653 	-2.51104e-20
30.2981 	-0.270073 	0.42635 	1.29653 	-2.51104e-20
30.3682 	-0.270073 	0.42635 	1.29653 	-2.51104e-20
30.4383 	-0.270073 	0.42635 	1.29653 	-2.51104e-20
30.5085 	-0.270073 	0.42635 	1.29653 	-2.51104e-20
30.5786 	-0.270073 	0.42635 	1.29653 	-2.51104e-20
30.6487 	-0.270073 	0.42635 	1.29653 	-2.51104e-20
30.7189 	-0.270073 	0.42635 	1.29653 	-2.51104e-20
30.789 	-0.277175 	0.371705 	1.28682 	6.42213e-19
30.8591 	-0.277175 	0.371705 	1.28682 	6.42213e-19
30.9293 	-0.277175 	0.371705 	1.28682 	6.42213e-19
30.9994 	-0.277175 	0.371705 	1.28682 	6.42213e-19
31.0695 	-0.277175 	0.371705 	1.28682 	6.42213e-19
31.1397 	-0.277175 	0.371705 	1.28682 	6.42213e-19
31.2098 	-0.277175 	0.371705 	1.28682 	6.42213e-19
31.2799 	-0.277175 	0.371705 	1.28682 	6.42213e-19
31.3501 	-0.277175 	0.371705 	1.28682 	6.42213e-19
31.4202 	-0.277175 	0.371705 	1.28682 	6.42213e-19
31.4903 	-0.277175 	0.371705 	1.28682 	6.42213e-19
31.5605 	-0.277175 	0.371705 	1.28682 	6.42213e-19
31.6306 	-0.277175 	0.371705 	1.28682 	6.42213e-19
31.7007 	-0.277175 	0.371705 	1.28682 	6.42213e-19
31.7709 	-0.277175 	0.371705 	1.28682 	6.42213e-19
31.841 	-0.277175 	0.371705 	1.28682 	6.42213e-19
31.9111 	-0.277175 	0.371705 	1.28682 	6.42213e-19
31.9813 	-0.277175 	0.371705 	1.28682 	6.42213e-19
32.0514 	-0.277175 	0.371705 	1.28682 	6.42213e-19
32.1216 	-0.277175 	0.371705 	1.28682 	6.42213e-19
32.1917 	-0.277175 	0.371705 	1.28682 	6.42213e-19
32.2618 	-0.277175 	0.371705 	1.28682 	6.42213e-19
32.332 	-0.277175 	0.371705 	1.28682 	6.42213e-19
32.4021 	-0.277175 	0.371705 	1.28682 	6.42213e-19
32.4722 	-0.277175 	0.371705 	1.28682 	6.42213e-19
32.5424 	-0.277175 	0.371705 	1.28682 	6.42213e-19
32.6125 	-0.277175 	0.371705 	1.28682 	6.42213e-19
32.6826 	-0.277175 	0.371705 	1.28682 	6.42213e-19
32.7528 	-0.277175 	0.371705 	1.28682 	6.42213e-19
32.8229 	-0.277175 	0.371705 	1.28682 	6.42213e-19
32.893 	-0.277175 	0.371705 	1.28682 	6.42213e-19
32.9632 	-0.277175 	0.371705 	1.28682 	6.42213e-19
33.0333 	-0.277175 	0.371705 	1.28682 	6.42213e-19
33.1034 	-0.277175 	0.371705 	1.28682 	6.42213e-19
33.1736 	-0.277175 	0.371705 	1.28682 	6.42213e-19
33.2437 	-0.277175 	0.371705 	1.28682 	6.42213e-19
33.3138 	-0.277175 	0.371705 	1.28682 	6.42213e-19
33.384 	-0.277175 	0.371705 	1.28682 	6.42213e-19
33.4541 	-0.277175 	0.371705 	1.28682 	6.42213e-19
33.5242 	-0.277175 	0.371705 	1.28682 	6.42213e-19
33.5944 	-0.277175 	0.371705 	1.28682 	6.42213e-19
33.6645 	-0.277175 	0.371705 	1.28682 	6.42213e-19
33.7346 	-0.315735 	0.372854 	1.35579 	-3.91231e-19
33.8048 	-0.315735 	0.372854 	1.35579 	-3.91231e-19
33.8749 	-0.315735 	0.372854 	1.35579 	-3.91231e-19
33.945 	-0.315735 	0.372854 	1.35579 	-3.91231e-19
34.0152 	-0.315735 	0.372854 	1.35579 	-3.91231e-19
34.0853 	-0.315735 	0.372854 	1.35579 	-3.91231e-19
34.1554 	-0.323843 	0.273825 	1.31062 	3.14525e-19
34.2256 	-0.323843 	0.273825 	1.31062 	3.14525e-19
34.2957 	-0.323843 	0.273825 	1.31062 	3.14525e-19
34.3659 	-0.323843 	0.273825 	1.31062 	3.14525e-19
34.436 	-0.323843 	0.273825 	1.31062 	3.14525e-19
34.5061 	-0.323843 	0.273825 	1.31062 	3.14525e-19
34.5763 	-0.323843 	0.273825 	1.31062 	3.14525e-19
34.6464 	-0.323843 	0.273825 	1.31062 	3.14525e-19
34.7165 	-0.113248 	0.260693 	1.62685 	-2.06805e-19
34.7867 	-0.113248 	0.260693 	1.62685 	-2.06805e-19
34.8568 	-0.113248 	0.260693 	1.62685 	-2.06805e-19
34.9269 	-0.113248 	0.260693 	1.62685 	-2.06805e-19
34.9971 	-0.113248 	0.260693 	1.62685 	-2.06805e-19
35.0672 	-0.113248 	0.260693 	1.62685 	-2.06805e-19
35.1373 	-0.113248 	0.260693 	1.62685 	-2.06805e-19
35.2075 	-0.113248 	0.260693 	1.62685 	-2.06805e-19
35.2776 	-0.113248 	0.260693 	1.62685 	-2.06805e-19
35.3477 	-0.113248 	0.260693 	1.62685 	-2.06805e-19
35.4179 	-0.113248 	0.260693 	1.62685 	-2.06805e-19
35.488 	-0.113248 	0.260693 	1.62685 	-2.06805e-19
35.5581 	-0.113248 	0.260693 	1.62685 	-2.06805e-19
35.6283 	-0.113248 	0.260693 	1.62685 	-2.06805e-19
35.6984 	-0.113248 	0.260693 	1.62685 	-2.06805e-19
35.7685 	-0.113248 	0.260693 	1.62685 	-2.06805e-19
35.8387 	-0.113248 	0.260693 	1.62685 	-2.06805e-19
35.9088 	-0.113248 	0.260693 	1.62685 	-2.06805e-19
35.9789 	-0.113248 	0.260693 	1.62685 	-2.06805e-19
36.0491 	-0.12926 	0.245291 	1.57639 	0
36.1192 	-0.12926 	0.245291 	1.57639 	0
36.1893 	-0.12926 	0.245291 	1.57639 	0
36.2595 	-0.12926 	0.245291 	1.57639 	0
36.3296 	-0.12926 	0.245291 	1.57639 	0
36.3997 	-0.12926 	0.245291 	1.57639 	0
36.4699 	-0.12926 	0.245291 	1.57639 	0
36.54 	-0.12926 	0.245291 	1.57639 	0
36.6102 	-0.12926 	0.245291 	1.57639 	0
36.6803 	-0.12926 	0.245291 	1.57639 	0
36.7504 	-0.12926 	0.245291 	1.57639 	0
36.8206 	-0.12926 	0.245291 	1.57639 	0
36.8907 	-0.253208 	0.143866 	1.45926 	-2.23778e-19
36.9608 	-0.253208 	0.143866 	1.45926 	-2.23778e-19
37.031 	-0.253208 	0.143866 	1.45926 	-2.23778e-19
37.1011 	-0.253208 	0.143866 	1.45926 	-2.23778e-19
37.1712 	-0.253208 	0.143866 	1.45926 	-2.23778e-19
37.2414 	-0.253208 	0.143866 	1.45926 	-2.23778e-19
37.3115 	-0.253208 	0.143866 	1.45926 	-2.23778e-19
37.3816 	-0.253208 	0.143866 	1.45926 	-2.23778e-19
37.4518 	-0.253208 	0.143866 	1.45926 	-2.23778e-19
37.5219 	-0.253208 	0.143866 	1.45926 	-2.23778e-19
37.592 	-0.253208 	0.143866 	1.45926 	-2.23778e-19
37.6622 	-0.253208 	0.143866 	1.45926 	-2.23778e-19
37.7323 	-0.253208 	0.143866 	1.45926 	-2.23778e-19
37.8024 	-0.253208 	0.143866 	1.45926 	-2.23778e-19
37.8726 	-0.253208 	0.143866 	1.45926 	-2.23778e-19
37.9427 	-0.253208 	0.143866 	1.45926 	-2.23778e-19
38.0128 	-0.253208 	0.143866 	1.45926 	-2.23778e-19
38.083 	-0.253208 	0.143866 	1.45926 	-2.23778e-19
38.1531 	-0.253208 	0.143866 	1.45926 	-2.23778e-19
38.2232 	-0.213577 	0.106483 	1.58951 	2.55917e-19
38.2934 	-0.213577 	0.106483 	1.58951 	2.55917e-19
38.3635 	-0.213577 	0.106483 	1.58951 	2.55917e-19
38.4336 	-0.213577 	0.106483 	1.58951 	2.55917e-19
38.5038 	-0.213577 	0.106483 	1.58951 	2.55917e-19
38.5739 	-0.213577 	0.106483 	1.58951 	2.55917e-19
38.644 	-0.213577 	0.106483 	1.58951 	2.55917e-19
38.7142 	-0.213577 	0.106483 	1.58951 	2.55917e-19
38.7843 	-0.213577 	0.106483 	1.58951 	2.55917e-19
38.8545 	-0.213577 	0.106483 	1.58951 	2.55917e-19
38.9246 	-0.213577 	0.106483 	1.58951 	2.55917e-19
38.9947 	-0.213577 	0.106483 	1.58951 	2.55917e-19
39.0649 	-0.213577 	0.106483 	1.58951 	2.55917e-19
39.135 	-0.213577 	0.106483 	1.58951 	2.55917e-19
39.2051 	-0.230728 	0.0890504 	1.56478 	0
39.2753 	-0.230728 	0.0890504 	1.56478 	0
39.3454 	-0.230728 	0.0890504 	1.56478 	0
39.4155 	-0.230728 	0.0890504 	1.56478 	0
39.4857 	-0.230728 	0.0890504 	1.56478 	0
39.5558 	-0.230728 	0.0890504 	1.56478 	0
39.6259 	-0.230728 	0.0890504 	1.56478 	0
39.6961 	-0.230728 	0.0890504 	1.56478 	0
39.7662 	-0.230728 	0.0890504 	1.56478 	0
39.8363 	-0.230728 	0.0890504 	1.56478 	0
39.9065 	-0.230728 	0.0890504 	1.56478 	0
39.9766 	-0.230728 	0.0890504 	1.56478 	0
40.0467 	-0.230728 	0.0890504 	1.56478 	0
40.1169 	-0.230728 	0.0890504 	1.56478 	0
40.187 	-0.230728 	0.0890504 	1.56478 	0
40.2571 	-0.230728 	0.0890504 	1.56478 	0
40.3273 	-0.230728 	0.0890504 	1.56478 	0
40.3974 	-0.230728 	0.0890504 	1.56478 	0
40.4675 	-0.230728 	0.0890504 	1.56478 	0
40.5377 	-0.230728 	0.0890504 	1.56478 	0
40.6078 	-0.230728 	0.0890504 	1.56478 	0
40.6779 	-0.255612 	0.171245 	1.48558 	1.59405e-19
40.7481 	-0.255612 	0.171245 	1.48558 	1.59405e-19
40.8182 	-0.255612 	0.171245 	1.48558 	1.59405e-19
40.8883 	-0.255612 	0.171245 	1.48558 	1.59405e-19
40.9585 	-0.255612 	0.171245 	1.48558 	1.59405e-19
41.0286 	-0.255612 	0.171245 	1.48558 	1.59405e-19
41.0988 	-0.255612 	0.171245 	1.48558 	1.59405e-19
41.1689 	-0.255612 	0.171245 	1.48558 	1.59405e-19
41.239 	-0.283744 	0.163189 	1.56189 	-2.94021e-19
41.3092 	-0.283744 	0.163189 	1.56189 	-2.94021e-19
41.3793 	-0.283744 	0.163189 	1.56189 	-2.94021e-19
41.4494 	-0.283744 	0.163189 	1.56189 	-2.94021e-19
41.5196 	-0.283744 	0.163189 	1.56189 	-2.94021e-19
41.5897 	-0.283744 	0.163189 	1.56189 	-2.94021e-19
41.6598 	-0.283744 	0.163189 	1.56189 	-2.94021e-19
41.73 	-0.283744 	0.163189 	1.56189 	-2.94021e-19
41.8001 	-0.283744 	0.163189 	1.56189 	-2.94021e-19
41.8702 	-0.283744 	0.163189 	1.56189 	-2.94021e-19
41.9404 	-0.283744 	0.163189 	1.56189 	-2.94021e-19
42.0105 	-0.283744 	0.163189 	1.56189 	-2.94021e-19
42.0806 	-0.283744 	0.163189 	1.56189 	-2.94021e-19
42.1508 	-0.283744 	0.163189 	1.56189 	-2.94021e-19
42.2209 	-0.283744 	0.163189 	1.56189 	-2.94021e-19
42.291 	-0.283744 	0.163189 	1.56189 	-2.94021e-19
42.3612 	-0.283744 	0.163189 	1.56189 	-2.94021e-19
42.4313 	-0.283744 	0.163189 	1.56189 	-2.94021e-19
42.5014 	-0.283744 	0.163189 	1.56189 	-2.94021e-19
42.5716 	-0.283744 	0.163189 	1.56189 	-2.94021e-19
42.6417 	-0.283744 	0.163189 	1.56189 	-2.94021e-19
42.7118 	-0.327609 	0.236834 	1.58192 	0
42.782 	-0.327609 	0.236834 	1.58192 	0
42.8521 	-0.327609 	0.236834 	1.58192 	0
42.9222 	-0.327609 	0.236834 	1.58192 	0
42.9924 	-0.34131 	0.155981 	1.68398 	0
43.0625 	-0.34131 	0.155981 	1.68398 	0
43.1327 	-0.34131 	0.155981 	1.68398 	0
43.2028 	-0.34131 	0.155981 	1.68398 	0
43.2729 	-0.34131 	0.155981 	1.68398 	0
43.3431 	-0.34131 	0.155981 	1.68398 	0
43.4132 	-0.34131 	0.155981 	1.68398 	0
43.4833 	-0.34131 	0.155981 	1.68398 	0
43.5535 	-0.34131 	0.155981 	1.68398 	0
43.6236 	-0.34131 	0.155981 	1.68398 	0
43.6937 	-0.34131 	0.155981 	1.68398 	0
43.7639 	-0.34131 	0.155981 	1.68398 	0
43.834 	-0.34131 	0.155981 	1.68398 	0
43.9041 	-0.34131 	0.155981 	1.68398 	0
43.9743 	-0.34131 	0.155981 	1.68398 	0
44.0444 	-0.34131 	0.155981 	1.68398 	0
44.1145 	-0.34131 	0.155981 	1.68398 	0
44.1847 	-0.34131 	0.155981 	1.68398 	0
44.2548 	-0.34131 	0.155981 	1.68398 	0
44.3249 	-0.34131 	0.155981 	1.68398 	0
44.3951 	-0.34131 	0.155981 	1.68398 	0
44.4652 	-0.34131 	0.155981 	1.68398 	0
44.5353 	-0.34131 	0.155981 	1.68398 	0
44.6055 	-0.34131 	0.155981 	1.68398 	0
44.6756 	-0.34131 	0.155981 	1.68398 	0
44.7457 	-0.34131 	0.155981 	1.68398 	0
44.8159 	-0.392747 	0.184023 	1.78527 	0
44.886 	-0.392747 	0.184023 	1.78527 	0
44.9561 	-0.392747 	0.184023 	1.78527 	0
45.0263 	-0.392747 	0.184023 	1.78527 	0
45.0964 	-0.392747 	0.184023 	1.78527 	0
45.1665 	-0.392747 	0.184023 	1.78527 	0
45.2367 	-0.392747 	0.184023 	1.78527 	0
45.3068 	-0.392747 	0.184023 	1.78527 	0
45.377 	-0.392747 	0.184023 	1.78527 	0
45.4471 	-0.392747 	0.184023 	1.78527 	0
45.5172 	-0.392747 	0.184023 	1.78527 	0
45.5874 	-0.392747 	0.184023 	1.78527 	0
45.6575 	-0.392747 	0.184023 	1.78527 	0
45.7276 	-0.392747 	0.184023 	1.78527 	0
45.7978 	-0.392747 	0.184023 	1.78527 	0
45.8679 	-0.392747 	0.184023 	1.78527 	0
45.938 	-0.392747 	0.184023 	1.78527 	0
46.0082 	-0.392747 	0.184023 	1.78527 	0
46.0783 	-0.392747 	0.184023 	1.78527 	0
46.1484 	-0.392747 	0.184023 	1.78527 	0
46.2186 	-0.392747 	0.184023 	1.78527 	0
46.2887 	-0.392747 	0.184023 	1.78527 	0
46.3588 	-0.392747 	0.184023 	1.78527 	0
46.429 	-0.392747 	0.184023 	1.78527 	0
46.4991 	-0.392747 	0.184023 	1.78527 	0
46.5692 	-0.392747 	0.184023 	1.78527 	0
46.6394 	-0.444614 	0.168739 	1.78547 	-6.33903e-19
46.7095 	-0.444614 	0.168739 	1.78547 	-6.33903e-19
46.7796 	-0.444614 	0.168739 	1.78547 	-6.33903e-19
46.8498 	-0.444614 	0.168739 	1.78547 	-6.33903e-19
46.9199 	-0.444614 	0.168739 	1.78547 	-6.33903e-19
46.99 	-0.444614 	0.168739 	1.78547 	-6.33903e-19
47.0602 	-0.444614 	0.168739 	1.78547 	-6.33903e-19
47.1303 	-0.444614 	0.168739 	1.78547 	-6.33903e-19
47.2004 	-0.444614 	0.168739 	1.78547 	-6.33903e-19
47.2706 	-0.444614 	0.168739 	1.78547 	-6.33903e-19
47.3407 	-0.444614 	0.168739 	1.78547 	-6.33903e-19
47.4108 	-0.444614 	0.168739 	1.78547 	-6.33903e-19
47.481 	-0.521903 	0.0931673 	1.66578 	9.14147e-19
47.5511 	-0.521903 	0.0931673 	1.66578 	9.14147e-19
47.6213 	-0.521903 	0.0931673 	1.66578 	9.14147e-19
47.6914 	-0.521903 	0.0931673 	1.66578 	9.14147e-19
47.7615 	-0.521903 	0.0931673 	1.66578 	9.14147e-19
47.8317 	-0.521903 	0.0931673 	1.66578 	9.14147e-19
47.9018 	-0.521903 	0.0931673 	1.66578 	9.14147e-19
47.9719 	-0.521903 	0.0931673 	1.66578 	9.14147e-19
48.0421 	-0.521903 	0.0931673 	1.66578 	9.14147e-19
48.1122 	-0.521903 	0.0931673 	1.66578 	9.14147e-19
48.1823 	-0.521903 	0.0931673 	1.66578 	9.14147e-19
48.2525 	-0.521903 	0.0931673 	1.66578 	9.14147e-19
48.3226 	-0.521903 	0.0931673 	1.66578 	9.14147e-19
48.3927 	-0.521903 	0.0931673 	1.66578 	9.14147e-19
48.4629 	-0.521903 	0.0931673 	1.66578 	9.14147e-19
48.533 	-0.521903 	0.0931673 	1.66578 	9.14147e-19
48.6031 	-0.521903 	0.0931673 	1.66578 	9.14147e-19
48.6733 	-0.521903 	0.0931673 	1.66578 	9.14147e-19
48.7434 	-0.573552 	-0.0538726 	1.63012 	0
48.8135 	-0.573552 	-0.0538726 	1.63012 	0
48.8837 	-0.573552 	-0.0538726 	1.63012 	0
48.9538 	-0.573552 	-0.0538726 	1.63012 	0
49.0239 	-0.573552 	-0.0538726 	1.63012 	0
49.0941 	-0.573552 	-0.0538726 	1.63012 	0
49.1642 	-0.573552 	-0.0538726 	1.63012 	0
49.2343 	-0.573552 	-0.0538726 	1.63012 	0
49.3045 	-0.573552 	-0.0538726 	1.63012 	0
49.3746 	-0.573552 	-0.0538726 	1.63012 	0
49.4447 	-0.573552 	-0.0538726 	1.63012 	0
49.5149 	-0.573552 	-0.0538726 	1.63012 	0
49.585 	-0.573552 	-0.0538726 	1.63012 	0
49.6551 	-0.573552 	-0.0538726 	1.63012 	0
49.7253 	-0.573552 	-0.0538726 	1.63012 	0
49.7954 	-0.573552 	-0.0538726 	1.63012 	0
49.8656 	-0.573552 	-0.0538726 	1.63012 	0
49.9357 	-0.573552 	-0.0538726 	1.63012 	0
50.0058 	-0.573552 	-0.0538726 	1.63012 	0
50.076 	-0.573552 	-0.0538726 	1.63012 	0
50.1461 	-0.573552 	-0.0538726 	1.63012 	0
50.2162 	-0.573552 	-0.0538726 	1.63012 	0
50.2864 	-0.573552 	-0.0538726 	1.63012 	0
50.3565 	-0.573552 	-0.0538726 	1.63012 	0
50.4266 	-0.573552 	-0.0538726 	1.63012 	0
50.4968 	-0.594837 	-0.145678 	2.34461 	4.4476e-19
50.5669 	-0.594837 	-0.145678 	2.34461 	4.4476e-19
50.637 	-0.594837 	-0.145678 	2.34461 	4.4476e-19
50.7072 	-0.594837 	-0.145678 	2.34461 	4.4476e-19
50.7773 	-0.594837 	-0.145678 	2.34461 	4.4476e-19
50.8474 	-0.594837 	-0.145678 	2.34461 	4.4476e-19
50.9176 	-0.594837 	-0.145678 	2.34461 	4.4476e-19
50.9877 	-0.492577 	-0.204901 	2.33165 	-3.72244e-19
51.0578 	-0.492577 	-0.204901 	2.33165 	-3.72244e-19
51.128 	-0.478252 	-0.366556 	2.10371 	-1.81968e-19
51.1981 	-0.478252 	-0.366556 	2.10371 	-1.81968e-19
51.2682 	-0.478252 	-0.366556 	2.10371 	-1.81968e-19
51.3384 	-0.478252 	-0.366556 	2.10371 	-1.81968e-19
51.4085 	-0.478252 	-0.366556 	2.10371 	-1.81968e-19
51.4786 	-0.478252 	-0.366556 	2.10371 	-1.81968e-19
51.5488 	-0.478252 	-0.366556 	2.10371 	-1.81968e-19
51.6189 	-0.478252 	-0.366556 	2.10371 	-1.81968e-19
51.689 	-0.478252 	-0.366556 	2.10371 	-1.81968e-19
51.7592 	-0.478252 	-0.366556 	2.10371 	-1.81968e-19
51.8293 	-0.478252 	-0.366556 	2.10371 	-1.81968e-19
51.8994 	-0.478252 	-0.366556 	2.10371 	-1.81968e-19
51.9696 	-0.478252 	-0.366556 	2.10371 	-1.81968e-19
52.0397 	-0.478252 	-0.366556 	2.10371 	-1.81968e-19
52.1099 	-0.478252 	-0.366556 	2.10371 	-1.81968e-19
52.18 	-0.478252 	-0.366556 	2.10371 	-1.81968e-19
52.2501 	-0.478252 	-0.366556 	2.10371 	-1.81968e-19
52.3203 	-0.478252 	-0.366556 	2.10371 	-1.81968e-19
52.3904 	-0.478252 	-0.366556 	2.10371 	-1.81968e-19
52.4605 	-0.478252 	-0.366556 	2.10371 	-1.81968e-19
52.5307 	-0.478252 	-0.366556 	2.10371 	-1.81968e-19
52.6008 	-0.478252 	-0.366556 	2.10371 	-1.81968e-19
52.6709 	-0.478252 	-0.366556 	2.10371 	-1.81968e-19
52.7411 	-0.478252 	-0.366556 	2.10371 	-1.81968e-19
52.8112 	-0.478252 	-0.366556 	2.10371 	-1.81968e-19
52.8813 	-0.478252 	-0.366556 	2.10371 	-1.81968e-19
52.9515 	-0.478252 	-0.366556 	2.10371 	-1.81968e-19
53.0216 	-0.478252 	-0.366556 	2.10371 	-1.81968e-19
53.0917 	-0.478252 	-0.366556 	2.10371 	-1.81968e-19
53.1619 	-0.478252 	-0.366556 	2.10371 	-1.81968e-19
53.232 	-0.478252 	-0.366556 	2.10371 	-1.81968e-19
53.3021 	-0.478252 	-0.366556 	2.10371 	-1.81968e-19
53.3723 	-0.478252 	-0.366556 	2.10371 	-1.81968e-19
53.4424 	-0.301648 	-0.450089 	2.16712 	-1.6966e-19
53.5125 	-0.301648 	-0.450089 	2.16712 	-1.6966e-19
53.5827 	-0.301648 	-0.450089 	2.16712 	-1.6966e-19
53.6528 	-0.301648 	-0.450089 	2.16712 	-1.6966e-19
53.7229 	-0.301648 	-0.450089 	2.16712 	-1.6966e-19
53.7931 	-0.301648 	-0.450089 	2.16712 	-1.6966e-19
53.8632 	-0.301648 	-0.450089 	2.16712 	-1.6966e-19
53.9333 	-0.301648 	-0.450089 	2.16712 	-1.6966e-19
54.0035 	-0.301648 	-0.450089 	2.16712 	-1.6966e-19
54.0736 	-0.301648 	-0.450089 	2.16712 	-1.6966e-19
54.1437 	-0.301648 	-0.450089 	2.16712 	-1.6966e-19
54.2139 	-0.301648 	-0.450089 	2.16712 	-1.6966e-19
54.284 	-0.301648 	-0.450089 	2.16712 	-1.6966e-19
54.3542 	-0.163314 	-0.437233 	2.02929 	2.05399e-19
54.4243 	-0.163314 	-0.437233 	2.02929 	2.05399e-19
54.4944 	-0.163314 	-0.437233 	2.02929 	2.05399e-19
54.5646 	-0.163314 	-0.437233 	2.02929 	2.05399e-19
54.6347 	-0.163314 	-0.437233 	2.02929 	2.05399e-19
54.7048 	-0.163314 	-0.437233 	2.02929 	2.05399e-19
54.775 	-0.163314 	-0.437233 	2.02929 	2.05399e-19
54.8451 	-0.163314 	-0.437233 	2.02929 	2.05399e-19
54.9152 	-0.163314 	-0.437233 	2.02929 	2.05399e-19
54.9854 	-0.163314 	-0.437233 	2.02929 	2.05399e-19
55.0555 	-0.163314 	-0.437233 	2.02929 	2.05399e-19
55.1256 	-0.112326 	-0.468696 	2.0146 	0
55.1958 	-0.112326 	-0.468696 	2.0146 	0
55.2659 	-0.112326 	-0.468696 	2.0146 	0
55.336 	-0.112326 	-0.468696 	2.0146 	0
55.4062 	-0.112326 	-0.468696 	2.0146 	0
55.4763 	-0.112326 	-0.468696 	2.0146 	0
55.5464 	-0.112326 	-0.468696 	2.0146 	0
55.6166 	-0.112326 	-0.468696 	2.0146 	0
55.6867 	-0.112326 	-0.468696 	2.0146 	0
55.7568 	-0.112326 	-0.468696 	2.0146 	0
55.827 	-0.112326 	-0.468696 	2.0146 	0
55.8971 	-0.112326 	-0.468696 	2.0146 	0
55.9672 	-0.112326 	-0.468696 	2.0146 	0
56.0374 	-0.112326 	-0.468696 	2.0146 	0
56.1075 	-0.112326 	-0.468696 	2.0146 	0
56.1776 	-0.112326 	-0.468696 	2.0146 	0
56.2478 	-0.112326 	-0.468696 	2.0146 	0
56.3179 	-0.112326 	-0.468696 	2.0146 	0
56.3881 	-0.110429 	-0.384653 	2.04689 	-3.36762e-20
56.4582 	-0.110429 	-0.384653 	2.04689 	-3.36762e-20
56.5283 	-0.110429 	-0.384653 	2.04689 	-3.36762e-20
56.5985 	-0.110429 	-0.384653 	2.04689 	-3.36762e-20
56.6686 	-0.110429 	-0.384653 	2.04689 	-3.36762e-20
56.7387 	-0.110429 	-0.384653 	2.04689 	-3.36762e-20
56.8089 	-0.110429 	-0.384653 	2.04689 	-3.36762e-20
56.879 	-0.110429 	-0.384653 	2.04689 	-3.36762e-20
56.9491 	-0.0572157 	-0.328938 	2.02842 	3.85085e-20
57.0193 	-0.0572157 	-0.328938 	2.02842 	3.85085e-20
57.0894 	-0.0572157 	-0.328938 	2.02842 	3.85085e-20
57.1595 	-0.0572157 	-0.328938 	2.02842 	3.85085e-20
57.2297 	-0.0572157 	-0.328938 	2.02842 	3.85085e-20
57.2998 	-0.0572157 	-0.328938 	2.02842 	3.85085e-20
57.3699 	-0.0572157 	-0.328938 	2.02842 	3.85085e-20
57.4401 	-0.0572157 	-0.328938 	2.02842 	3.85085e-20
57.5102 	-0.0572157 	-0.328938 	2.02842 	3.85085e-20
57.5803 	-0.0572157 	-0.328938 	2.02842 	3.85085e-20
57.6505 	-0.0572157 	-0.328938 	2.02842 	3.85085e-20
57.7206 	-0.0572157 	-0.328938 	2.02842 	3.85085e-20
57.7907 	-0.0572157 	-0.328938 	2.02842 	3.85085e-20
57.8609 	-0.0572157 	-0.328938 	2.02842 	3.85085e-20
57.931 	-0.0572157 	-0.328938 	2.02842 	3.85085e-20
58.0011 	-0.0572157 	-0.328938 	2.02842 	3.85085e-20
58.0713 	-0.0572157 	-0.328938 	2.02842 	3.85085e-20
58.1414 	-0.0572157 	-0.328938 	2.02842 	3.85085e-20
58.2115 	-0.0572157 	-0.328938 	2.02842 	3.85085e-20
58.2817 	-0.0572157 	-0.328938 	2.02842 	3.85085e-20
58.3518 	-0.0572157 	-0.328938 	2.02842 	3.85085e-20
58.4219 	-0.0572157 	-0.328938 	2.02842 	3.85085e-20
58.4921 	-0.0572157 	-0.328938 	2.02842 	3.85085e-20
58.5622 	-0.0745859 	-0.310929 	2.00645 	0
58.6324 	-0.0745859 	-0.310929 	2.00645 	0
58.7025 	-0.0745859 	-0.310929 	2.00645 	0
58.7726 	-0.0745859 	-0.310929 	2.00645 	0
58.8428 	-0.0745859 	-0.310929 	2.00645 	0
58.9129 	-0.0207715 	-0.252937 	1.95904 	-1.39675e-20
58.983 	-0.0207715 	-0.252937 	1.95904 	-1.39675e-20
59.0532 	-0.0207715 	-0.252937 	1.95904 	-1.39675e-20
59.1233 	-0.0207715 	-0.252937 	1.95904 	-1.39675e-20
59.1934 	-0.0207715 	-0.252937 	1.95904 	-1.39675e-20
59.2636 	-0.0207715 	-0.252937 	1.95904 	-1.39675e-20
59.3337 	-0.0207715 	-0.252937 	1.95904 	-1.39675e-20
59.4038 	-0.0207715 	-0.252937 	1.95904 	-1.39675e-20
59.474 	-0.0207715 	-0.252937 	1.95904 	-1.39675e-20
59.5441 	-0.0207715 	-0.252937 	1.95904 	-1.39675e-20
59.6142 	-0.0207715 	-0.252937 	1.95904 	-1.39675e-20
59.6844 	-0.0207715 	-0.252937 	1.95904 	-1.39675e-20
59.7545 	-0.0207715 	-0.252937 	1.95904 	-1.39675e-20
59.8246 	-0.0207715 	-0.252937 	1.95904 	-1.39675e-20
59.8948 	-0.0207715 	-0.252937 	1.95904 	-1.39675e-20
59.9649 	-0.0207715 	-0.252937 	1.95904 	-1.39675e-20
60.035 	-0.0207715 	-0.252937 	1.95904 	-1.39675e-20
60.1052 	-0.0207715 	-0.252937 	1.95904 	-1.39675e-20
60.1753 	-0.0207715 	-0.252937 	1.95904 	-1.39675e-20
60.2454 	-0.0207715 	-0.252937 	1.95904 	-1.39675e-20
60.3156 	-0.0207715 	-0.252937 	1.95904 	-1.39675e-20
60.3857 	-0.0207715 	-0.252937 	1.95904 	-1.39675e-20
60.4558 	-0.0207715 	-0.252937 	1.95904 	-1.39675e-20
60.526 	-0.0207715 	-0.252937 	1.95904 	-1.39675e-20
60.5961 	-0.0207715 	-0.252937 	1.95904 	-1.39675e-20
60.6662 	-0.00360777 	-0.237867 	1.85048 	-5.81182e-21
60.7364 	-0.00360777 	-0.237867 	1.85048 	-5.81182e-21
60.8065 	-0.00360777 	-0.237867 	1.85048 	-5.81182e-21
60.8767 	-0.00360777 	-0.237867 	1.85048 	-5.81182e-21
60.9468 	-0.00360777 	-0.237867 	1.85048 	-5.81182e-21
61.0169 	-0.00360777 	-0.237867 	1.85048 	-5.81182e-21
61.0871 	-0.00360777 	-0.237867 	1.85048 	-5.81182e-21
61.1572 	-0.00360777 	-0.237867 	1.85048 	-5.81182e-21
61.2273 	-0.00360777 	-0.237867 	1.85048 	-5.81182e-21
61.2975 	-0.00360777 	-0.237867 	1.85048 	-5.81182e-21
61.3676 	-0.00360777 	-0.237867 	1.85048 	-5.81182e-21
61.4377 	-0.00360777 	-0.237867 	1.85048 	-5.81182e-21
61.5079 	-0.00360777 	-0.237867 	1.85048 	-5.81182e-21
61.578 	-0.00360777 	-0.237867 	1.85048 	-5.81182e-21
61.6481 	-0.00174301 	-0.193838 	1.83702 	-6.75058e-22
61.7183 	-0.00174301 	-0.193838 	1.83702 	-6.75058e-22
61.7884 	-0.00377145 	-0.158025 	1.82456 	2.16369e-21
61.8585 	-0.00377145 	-0.158025 	1.82456 	2.16369e-21
61.9287 	-0.00377145 	-0.158025 	1.82456 	2.16369e-21
61.9988 	-0.00377145 	-0.158025 	1.82456 	2.16369e-21
62.0689 	-0.00377145 	-0.158025 	1.82456 	2.16369e-21
62.1391 	-0.00377145 	-0.158025 	1.82456 	2.16369e-21
62.2092 	-0.00603337 	-0.11869 	1.88874 	0
62.2793 	-0.00603337 	-0.11869 	1.88874 	0
62.3495 	-0.00603337 	-0.11869 	1.88874 	0
62.4196 	-0.00603337 	-0.11869 	1.88874 	0
62.4897 	-0.00603337 	-0.11869 	1.88874 	0
62.5599 	-0.00603337 	-0.11869 	1.88874 	0
62.63 	-0.00603337 	-0.11869 	1.88874 	0
62.7001 	-0.00603337 	-0.11869 	1.88874 	0
62.7703 	-0.00603337 	-0.11869 	1.88874 	0
62.8404 	-0.00603337 	-0.11869 	1.88874 	0
62.9105 	-0.00603337 	-0.11869 	1.88874 	0
62.9807 	-0.00603337 	-0.11869 	1.88874 	0
63.0508 	-0.00603337 	-0.11869 	1.88874 	0
63.121 	-0.00603337 	-0.11869 	1.88874 	0
63.1911 	-0.00603337 	-0.11869 	1.88874 	0
63.2612 	-0.00603337 	-0.11869 	1.88874 	0
63.3314 	-0.00603337 	-0.11869 	1.88874 	0
63.4015 	-0.00603337 	-0.11869 	1.88874 	0
63.4716 	-0.00603337 	-0.11869 	1.88874 	0
63.5418 	-0.00603337 	-0.11869 	1.88874 	0
63.6119 	-0.00603337 	-0.11869 	1.88874 	0
63.682 	-0.00603337 	-0.11869 	1.88874 	0
63.7522 	-0.00603337 	-0.11869 	1.88874 	0
63.8223 	-0.00603337 	-0.11869 	1.88874 	0
63.8924 	-0.00603337 	-0.11869 	1.88874 	0
63.9626 	-0.00603337 	-0.11869 	1.88874 	0
64.0327 	-0.00603337 	-0.11869 	1.88874 	0
64.1028 	-0.00603337 	-0.11869 	1.88874 	0
64.173 	-0.0005708 	-0.107714 	1.86964 	-2.74972e-22
64.2431 	-0.0005708 	-0.107714 	1.86964 	-2.74972e-22
64.3132 	-0.0005708 	-0.107714 	1.86964 	-2.74972e-22
64.3834 	-0.0005708 	-0.107714 	1.86964 	-2.74972e-22
64.4535 	-0.0005708 	-0.107714 	1.86964 	-2.74972e-22
64.5236 	-0.0005708 	-0.107714 	1.86964 	-2.74972e-22
64.5938 	-0.0005708 	-0.107714 	1.86964 	-2.74972e-22
64.6639 	-0.0005708 	-0.107714 	1.86964 	-2.74972e-22
64.734 	-0.0005708 	-0.107714 	1.86964 	-2.74972e-22
64.8042 	-0.0005708 	-0.107714 	1.86964 	-2.74972e-22
64.8743 	0.0101857 	-0.0872702 	1.86145 	0
64.9444 	0.0101857 	-0.0872702 	1.86145 	0
65.0146 	0.0101857 	-0.0872702 	1.86145 	0
65.0847 	0.0101857 	-0.0872702 	1.86145 	0
65.1548 	0.0101857 	-0.0872702 	1.86145 	0
65.225 	0.0101857 	-0.0872702 	1.86145 	0
65.2951 	0.0101857 	-0.0872702 	1.86145 	0
65.3653 	0.0101857 	-0.0872702 	1.86145 	0
65.4354 	0.0101857 	-0.0872702 	1.86145 	0
65.5055 	0.0101857 	-0.0872702 	1.86145 	0
65.5757 	0.0101857 	-0.0872702 	1.86145 	0
65.6458 	0.0101857 	-0.0872702 	1.86145 	0
65.7159 	0.0101857 	-0.0872702 	1.86145 	0
65.7861 	0.0101857 	-0.0872702 	1.86145 	0
65.8562 	0.0101857 	-0.0872702 	1.86145 	0
65.9263 	0.0101857 	-0.0872702 	1.86145 	0
65.9965 	0.0101857 	-0.0872702 	1.86145 	0
66.0666 	0.0101857 	-0.0872702 	1.86145 	0
66.1367 	0.0101857 	-0.0872702 	1.86145 	0
66.2069 	0.0101857 	-0.0872702 	1.86145 	0
66.277 	0.0101857 	-0.0872702 	1.86145 	0
66.3471 	0.0101857 	-0.0872702 	1.86145 	0
66.4173 	0.0101857 	-0.0872702 	1.86145 	0
66.4874 	0.0101857 	-0.0872702 	1.86145 	0
66.5575 	0.0101857 	-0.0872702 	1.86145 	0
66.6277 	0.0101857 	-0.0872702 	1.86145 	0
66.6978 	0.0101857 	-0.0872702 	1.86145 	0
66.7679 	0.0101857 	-0.0872702 	1.86145 	0
66.8381 	0.0101857 	-0.0872702 	1.86145 	0
66.9082 	0.0101857 	-0.0872702 	1.86145 	0
66.9783 	0.00722846 	-0.0673828 	1.82998 	0
67.0485 	0.00722846 	-0.0673828 	1.82998 	0
67.1186 	0.00722846 	-0.0673828 	1.82998 	0
67.1887 	0.00722846 	-0.0673828 	1.82998 	0
67.2589 	0.00722846 	-0.0673828 	1.82998 	0
67.329 	0.00722846 	-0.0673828 	1.82998 	0
67.3991 	0.00287318 	-0.0586904 	1.83275 	0
67.4693 	0.00287318 	-0.0586904 	1.83275 	0
67.5394 	-7.32573e-05 	-0.0429462 	1.84462 	0
67.6096 	-7.32573e-05 	-0.0429462 	1.84462 	0
67.6797 	-7.32573e-05 	-0.0429462 	1.84462 	0
67.7498 	-7.32573e-05 	-0.0429462 	1.84462 	0
67.82 	-7.32573e-05 	-0.0429462 	1.84462 	0
67.8901 	-7.32573e-05 	-0.0429462 	1.84462 	0
67.9602 	-7.32573e-05 	-0.0429462 	1.84462 	0
68.0304 	-7.32573e-05 	-0.0429462 	1.84462 	0
68.1005 	-7.32573e-05 	-0.0429462 	1.84462 	0
68.1706 	-7.32573e-05 	-0.0429462 	1.84462 	0
68.2408 	-7.32573e-05 	-0.0429462 	1.84462 	0
68.3109 	-7.32573e-05 	-0.0429462 	1.84462 	0
68.381 	-7.32573e-05 	-0.0429462 	1.84462 	0
68.4512 	-7.32573e-05 	-0.0429462 	1.84462 	0
68.5213 	-7.32573e-05 	-0.0429462 	1.84462 	0
68.5914 	-7.32573e-05 	-0.0429462 	1.84462 	0
68.6616 	-7.32573e-05 	-0.0429462 	1.84462 	0
68.7317 	-7.32573e-05 	-0.0429462 	1.84462 	0
68.8018 	-7.32573e-05 	-0.0429462 	1.84462 	0
68.872 	-7.32573e-05 	-0.0429462 	1.84462 	0
68.9421 	-7.32573e-05 	-0.0429462 	1.84462 	0
69.0122 	-7.32573e-05 	-0.0429462 	1.84462 	0
