0.490941 	1.70139 	0.00530529 	3.00067 	-5.25908e-20
0.561075 	1.70139 	0.00530529 	3.00067 	-5.25908e-20
0.63121 	1.70139 	0.00530529 	3.00067 	-5.25908e-20
0.701344 	1.70139 	0.00530529 	3.00067 	-5.25908e-20
0.771478 	1.70139 	0.00530529 	3.00067 	-5.25908e-20
0.841613 	1.70139 	0.00530529 	3.00067 	-5.25908e-20
0.911747 	1.70139 	0.00530529 	3.00067 	-5.25908e-20
0.981881 	1.70139 	0.00530529 	3.00067 	-5.25908e-20
1.05202 	1.70139 	0.00530529 	3.00067 	-5.25908e-20
1.12215 	1.70139 	0.00530529 	3.00067 	-5.25908e-20
1.19228 	1.70139 	0.00530529 	3.00067 	-5.25908e-20
1.26242 	1.70139 	0.00530529 	3.00067 	-5.25908e-20
1.33255 	1.66191 	0.0146458 	3.01409 	-5.37913e-20
1.40269 	1.66191 	0.0146458 	3.01409 	-5.37913e-20
1.47282 	1.66191 	0.0146458 	3.01409 	-5.37913e-20
1.54296 	1.66191 	0.0146458 	3.01409 	-5.37913e-20
1.61309 	1.66191 	0.0146458 	3.01409 	-5.37913e-20
1.68323 	1.66191 	0.0146458 	3.01409 	-5.37913e-20
1.75336 	1.66191 	0.0146458 	3.01409 	-5.37913e-20
1.82349 	1.66191 	0.0146458 	3.01409 	-5.37913e-20
1.89363 	1.66191 	0.0146458 	3.01409 	-5.37913e-20
1.96376 	1.66191 	0.0146458 	3.01409 	-5.37913e-20
2.0339 	1.66191 	0.0146458 	3.01409 	-5.37913e-20
2.10403 	1.66191 	0.0146458 	3.01409 	-5.37913e-20
2.17417 	1.60122 	0.0136606 	3.03226 	1.12056e-19
2.2443 	1.60122 	0.0136606 	3.03226 	1.12056e-19
2.31443 	1.60122 	0.0136606 	3.03226 	1.12056e-19
2.38457 	1.60122 	0.0136606 	3.03226 	1.12056e-19
2.4547 	1.60122 	0.0136606 	3.03226 	1.12056e-19
2.52484 	1.60122 	0.0136606 	3.03226 	1.12056e-19
2.59497 	1.60122 	0.0136606 	3.03226 	1.12056e-19
2.66511 	1.60122 	0.0136606 	3.03226 	1.12056e-19
2.73524 	1.60122 	0.0136606 	3.03226 	1.12056e-19
2.80538 	1.60122 	0.0136606 	3.03226 	1.12056e-19
2.87551 	1.60122 	0.0136606 	3.03226 	1.12056e-19
2.94564 	1.60122 	0.0136606 	3.03226 	1.12056e-19
3.01578 	1.52728 	0.0169722 	3.05849 	-1.30048e-20
3.08591 	1.52728 	0.0169722 	3.05849 	-1.30048e-20
3.15605 	1.52728 	0.0169722 	3.05849 	-1.30048e-20
3.22618 	1.52728 	0.0169722 	3.05849 	-1.30048e-20
3.29632 	1.52728 	0.0169722 	3.05849 	-1.30048e-20
3.36645 	1.52728 	0.0169722 	3.05849 	-1.30048e-20
3.43659 	1.52728 	0.0169722 	3.05849 	-1.30048e-20
3.50672 	1.52728 	0.0169722 	3.05849 	-1.30048e-20
3.57685 	1.52728 	0.0169722 	3.05849 	-1.30048e-20
3.64699 	1.52728 	0.0169722 	3.05849 	-1.30048e-20
3.71712 	1.52728 	0.0169722 	3.05849 	-1.30048e-20
3.78726 	1.52011 	0.00706093 	3.05575 	2.54781e-20
3.85739 	1.44111 	-0.000731606 	3.08389 	-1.87461e-19
3.92753 	1.44111 	-0.000731606 	3.08389 	-1.87461e-19
3.99766 	1.44111 	-0.000731606 	3.08389 	-1.87461e-19
4.06779 	1.44111 	-0.000731606 	3.08389 	-1.87461e-19
4.13793 	1.44111 	-0.000731606 	3.08389 	-1.87461e-19
4.20806 	1.44111 	-0.000731606 	3.08389 	-1.87461e-19
4.2782 	1.44111 	-0.000731606 	3.08389 	-1.87461e-19
4.34833 	1.44111 	-0.000731606 	3.08389 	-1.87461e-19
4.41847 	1.44111 	-0.000731606 	3.08389 	-1.87461e-19
4.4886 	1.44111 	-0.000731606 	3.08389 	-1.87461e-19
4.55874 	1.44111 	-0.000731606 	3.08389 	-1.87461e-19
4.62887 	1.44111 	-0.000731606 	3.08389 	-1.87461e-19
4.699 	1.44111 	-0.000731606 	3.08389 	-1.87461e-19
4.76914 	1.3624 	0.00548989 	3.1069 	3.64565e-19
4.83927 	1.3624 	0.00548989 	3.1069 	3.64565e-19
4.90941 	1.3624 	0.00548989 	3.1069 	3.64565e-19
4.97954 	1.3624 	0.00548989 	3.1069 	3.64565e-19
5.04968 	1.3624 	0.00548989 	3.1069 	3.64565e-19
5.11981 	1.3624 	0.00548989 	3.1069 	3.64565e-19
5.18994 	1.3624 	0.00548989 	3.1069 	3.64565e-19
5.26008 	1.3624 	0.00548989 	3.1069 	3.64565e-19
5.33021 	1.3624 	0.00548989 	3.1069 	3.64565e-19
5.40035 	1.3624 	0.00548989 	3.1069 	3.64565e-19
5.47048 	1.3624 	0.00548989 	3.1069 	3.64565e-19
5.54062 	1.3624 	0.00548989 	3.1069 	3.64565e-19
5.61075 	1.28776 	-0.00204902 	3.13328 	-1.76878e-19
5.68089 	1.28776 	-0.00204902 	3.13328 	-1.76878e-19
5.75102 	1.28776 	-0.00204902 	3.13328 	-1.76878e-19
5.82115 	1.28776 	-0.00204902 	3.13328 	-1.76878e-19
5.89129 	1.28776 	-0.00204902 	3.13328 	-1.76878e-19
5.96142 	1.28776 	-0.00204902 	3.13328 	-1.76878e-19
6.03156 	1.28776 	-0.00204902 	3.13328 	-1.76878e-19
6.10169 	1.28776 	-0.00204902 	3.13328 	-1.76878e-19
6.17183 	1.28776 	-0.00204902 	3.13328 	-1.76878e-19
6.24196 	1.28776 	-0.00204902 	3.13328 	-1.76878e-19
6.3121 	1.28776 	-0.00204902 	3.13328 	-1.76878e-19
6.38223 	1.28776 	-0.00204902 	3.13328 	-1.76878e-19
6.45236 	1.21653 	0.00514318 	3.15357 	0
6.5225 	1.21653 	0.00514318 	3.15357 	0
6.59263 	1.21653 	0.00514318 	3.15357 	0
6.66277 	1.21653 	0.00514318 	3.15357 	0
6.7329 	1.21653 	0.00514318 	3.15357 	0
6.80304 	1.21653 	0.00514318 	3.15357 	0
6.87317 	1.21653 	0.00514318 	3.15357 	0
6.9433 	1.21653 	0.00514318 	3.15357 	0
7.01344 	1.21653 	0.00514318 	3.15357 	0
7.08357 	1.21653 	0.00514318 	3.15357 	0
7.15371 	1.21653 	0.00514318 	3.15357 	0
7.22384 	1.21653 	0.00514318 	3.15357 	0
7.29398 	1.1485 	-0.0013739 	3.17755 	0
7.36411 	1.1485 	-0.0013739 	3.17755 	0
7.43425 	1.1485 	-0.0013739 	3.17755 	0
7.50438 	1.1485 	-0.0013739 	3.17755 	0
7.57451 	1.1485 	-0.0013739 	3.17755 	0
7.64465 	1.1485 	-0.0013739 	3.17755 	0
7.71478 	1.1485 	-0.0013739 	3.17755 	0
7.78492 	1.1485 	-0.0013739 	3.17755 	0
7.85505 	1.1485 	-0.0013739 	3.17755 	0
7.92519 	1.1485 	-0.0013739 	3.17755 	0
7.99532 	1.1485 	-0.0013739 	3.17755 	0
8.06545 	1.1485 	-0.0013739 	3.17755 	0
8.13559 	1.1485 	-0.0013739 	3.17755 	0
8.20572 	1.08133 	0.00715941 	3.19629 	3.61429e-22
8.27586 	1.08133 	0.00715941 	3.19629 	3.61429e-22
8.34599 	1.08133 	0.00715941 	3.19629 	3.61429e-22
8.41613 	1.08133 	0.00715941 	3.19629 	3.61429e-22
8.48626 	1.08133 	0.00715941 	3.19629 	3.61429e-22
8.5564 	1.08133 	0.00715941 	3.19629 	3.61429e-22
8.62653 	1.08133 	0.00715941 	3.19629 	3.61429e-22
8.69666 	1.08133 	0.00715941 	3.19629 	3.61429e-22
8.7668 	1.08133 	0.00715941 	3.19629 	3.61429e-22
8.83693 	1.08133 	0.00715941 	3.19629 	3.61429e-22
8.90707 	1.08133 	0.00715941 	3.19629 	3.61429e-22
8.9772 	1.08133 	0.00715941 	3.19629 	3.61429e-22
9.04734 	1.01484 	0.0028406 	3.21947 	2.61954e-19
9.11747 	1.01484 	0.0028406 	3.21947 	2.61954e-19
9.18761 	1.01484 	0.0028406 	3.21947 	2.61954e-19
9.25774 	1.01484 	0.0028406 	3.21947 	2.61954e-19
9.32787 	1.01484 	0.0028406 	3.21947 	2.61954e-19
9.39801 	1.01484 	0.0028406 	3.21947 	2.61954e-19
9.46814 	1.01484 	0.0028406 	3.21947 	2.61954e-19
9.53828 	1.01484 	0.0028406 	3.21947 	2.61954e-19
9.60841 	1.01484 	0.0028406 	3.21947 	2.61954e-19
9.67855 	1.01484 	0.0028406 	3.21947 	2.61954e-19
9.74868 	1.01484 	0.0028406 	3.21947 	2.61954e-19
9.81881 	1.01484 	0.0028406 	3.21947 	2.61954e-19
9.88895 	1.01484 	0.0028406 	3.21947 	2.61954e-19
9.95908 	0.947569 	0.0156926 	3.23807 	-2.53018e-21
10.0292 	0.947569 	0.0156926 	3.23807 	-2.53018e-21
10.0994 	0.947569 	0.0156926 	3.23807 	-2.53018e-21
10.1695 	0.947569 	0.0156926 	3.23807 	-2.53018e-21
10.2396 	0.947569 	0.0156926 	3.23807 	-2.53018e-21
10.3098 	0.947569 	0.0156926 	3.23807 	-2.53018e-21
10.3799 	0.947569 	0.0156926 	3.23807 	-2.53018e-21
10.45 	0.947569 	0.0156926 	3.23807 	-2.53018e-21
10.5202 	0.947569 	0.0156926 	3.23807 	-2.53018e-21
10.5903 	0.947569 	0.0156926 	3.23807 	-2.53018e-21
10.6604 	0.947569 	0.0156926 	3.23807 	-2.53018e-21
10.7306 	0.947569 	0.0156926 	3.23807 	-2.53018e-21
10.8007 	0.87992 	0.0203672 	3.26116 	-2.5731e-19
10.8708 	0.87992 	0.0203672 	3.26116 	-2.5731e-19
10.941 	0.87992 	0.0203672 	3.26116 	-2.5731e-19
11.0111 	0.87992 	0.0203672 	3.26116 	-2.5731e-19
11.0812 	0.87992 	0.0203672 	3.26116 	-2.5731e-19
11.1514 	0.87992 	0.0203672 	3.26116 	-2.5731e-19
11.2215 	0.87992 	0.0203672 	3.26116 	-2.5731e-19
11.2916 	0.87992 	0.0203672 	3.26116 	-2.5731e-19
11.3618 	0.87992 	0.0203672 	3.26116 	-2.5731e-19
11.4319 	0.87992 	0.0203672 	3.26116 	-2.5731e-19
11.502 	0.87992 	0.0203672 	3.26116 	-2.5731e-19
11.5722 	0.87992 	0.0203672 	3.26116 	-2.5731e-19
11.6423 	0.87992 	0.0203672 	3.26116 	-2.5731e-19
11.7124 	0.808095 	0.0491694 	3.28148 	-3.9607e-19
11.7826 	0.808095 	0.0491694 	3.28148 	-3.9607e-19
11.8527 	0.808095 	0.0491694 	3.28148 	-3.9607e-19
11.9228 	0.808095 	0.0491694 	3.28148 	-3.9607e-19
11.993 	0.808095 	0.0491694 	3.28148 	-3.9607e-19
12.0631 	0.808095 	0.0491694 	3.28148 	-3.9607e-19
12.1332 	0.808095 	0.0491694 	3.28148 	-3.9607e-19
12.2034 	0.808095 	0.0491694 	3.28148 	-3.9607e-19
12.2735 	0.808095 	0.0491694 	3.28148 	-3.9607e-19
12.3437 	0.808095 	0.0491694 	3.28148 	-3.9607e-19
12.4138 	0.808095 	0.0491694 	3.28148 	-3.9607e-19
12.4839 	0.808095 	0.0491694 	3.28148 	-3.9607e-19
12.5541 	0.808095 	0.0491694 	3.28148 	-3.9607e-19
12.6242 	0.728968 	0.073591 	3.30607 	7.61512e-19
12.6943 	0.728968 	0.073591 	3.30607 	7.61512e-19
12.7645 	0.728968 	0.073591 	3.30607 	7.61512e-19
12.8346 	0.728968 	0.073591 	3.30607 	7.61512e-19
12.9047 	0.728968 	0.073591 	3.30607 	7.61512e-19
12.9749 	0.728968 	0.073591 	3.30607 	7.61512e-19
13.045 	0.728968 	0.073591 	3.30607 	7.61512e-19
13.1151 	0.728968 	0.073591 	3.30607 	7.61512e-19
13.1853 	0.728968 	0.073591 	3.30607 	7.61512e-19
13.2554 	0.728968 	0.073591 	3.30607 	7.61512e-19
13.3255 	0.728968 	0.073591 	3.30607 	7.61512e-19
13.3957 	0.728968 	0.073591 	3.30607 	7.61512e-19
13.4658 	0.728968 	0.073591 	3.30607 	7.61512e-19
13.5359 	0.631152 	0.145163 	3.33944 	-3.67405e-19
13.6061 	0.631152 	0.145163 	3.33944 	-3.67405e-19
13.6762 	0.631152 	0.145163 	3.33944 	-3.67405e-19
13.7463 	0.631152 	0.145163 	3.33944 	-3.67405e-19
13.8165 	0.631152 	0.145163 	3.33944 	-3.67405e-19
13.8866 	0.631152 	0.145163 	3.33944 	-3.67405e-19
13.9567 	0.631152 	0.145163 	3.33944 	-3.67405e-19
14.0269 	0.631152 	0.145163 	3.33944 	-3.67405e-19
14.097 	0.631152 	0.145163 	3.33944 	-3.67405e-19
14.1671 	0.631152 	0.145163 	3.33944 	-3.67405e-19
14.2373 	0.631152 	0.145163 	3.33944 	-3.67405e-19
14.3074 	0.631152 	0.145163 	3.33944 	-3.67405e-19
14.3776 	0.541486 	0.168556 	3.35573 	0
14.4477 	0.344366 	0.168794 	3.41301 	3.46724e-19
14.5178 	0.344366 	0.168794 	3.41301 	3.46724e-19
14.588 	0.344366 	0.168794 	3.41301 	3.46724e-19
14.6581 	0.344366 	0.168794 	3.41301 	3.46724e-19
14.7282 	0.344366 	0.168794 	3.41301 	3.46724e-19
14.7984 	0.344366 	0.168794 	3.41301 	3.46724e-19
14.8685 	0.374315 	0.193036 	3.40261 	-7.04451e-19
14.9386 	0.374315 	0.193036 	3.40261 	-7.04451e-19
15.0088 	0.374315 	0.193036 	3.40261 	-7.04451e-19
15.0789 	0.374315 	0.193036 	3.40261 	-7.04451e-19
15.149 	0.374315 	0.193036 	3.40261 	-7.04451e-19
15.2192 	0.13934 	0.258526 	3.46856 	3.37824e-19
15.2893 	0.13934 	0.258526 	3.46856 	3.37824e-19
15.3594 	0.13934 	0.258526 	3.46856 	3.37824e-19
15.4296 	0.271842 	0.326338 	3.42261 	5.15825e-20
15.4997 	0.271842 	0.326338 	3.42261 	5.15825e-20
15.5698 	0.271842 	0.326338 	3.42261 	5.15825e-20
15.64 	0.271842 	0.326338 	3.42261 	5.15825e-20
15.7101 	0.271842 	0.326338 	3.42261 	5.15825e-20
15.7802 	0.271842 	0.326338 	3.42261 	5.15825e-20
15.8504 	0.271842 	0.326338 	3.42261 	5.15825e-20
15.9205 	0.0200906 	0.331904 	3.52135 	9.09583e-20
15.9906 	0.0200906 	0.331904 	3.52135 	9.09583e-20
16.0608 	0.0200906 	0.331904 	3.52135 	9.09583e-20
16.1309 	0.235489 	0.4178 	3.4319 	2.08654e-19
16.201 	0.235489 	0.4178 	3.4319 	2.08654e-19
16.2712 	0.235489 	0.4178 	3.4319 	2.08654e-19
16.3413 	0.235489 	0.4178 	3.4319 	2.08654e-19
16.4114 	0.235489 	0.4178 	3.4319 	2.08654e-19
16.4816 	0.235489 	0.4178 	3.4319 	2.08654e-19
16.5517 	0.235489 	0.4178 	3.4319 	2.08654e-19
16.6219 	0.0528506 	0.517341 	3.50743 	0
16.692 	0.0528506 	0.517341 	3.50743 	0
16.7621 	0.0528506 	0.517341 	3.50743 	0
16.8323 	0.0528506 	0.517341 	3.50743 	0
16.9024 	0.0528506 	0.517341 	3.50743 	0
16.9725 	0.285841 	0.52663 	3.41211 	1.98554e-19
17.0427 	0.285841 	0.52663 	3.41211 	1.98554e-19
17.1128 	0.285841 	0.52663 	3.41211 	1.98554e-19
17.1829 	0.285841 	0.52663 	3.41211 	1.98554e-19
17.2531 	0.134525 	0.610723 	3.46267 	1.48396e-19
17.3232 	0.134525 	0.610723 	3.46267 	1.48396e-19
17.3933 	0.134525 	0.610723 	3.46267 	1.48396e-19
17.4635 	0.134525 	0.610723 	3.46267 	1.48396e-19
17.5336 	0.134525 	0.610723 	3.46267 	1.48396e-19
17.6037 	0.134525 	0.610723 	3.46267 	1.48396e-19
17.6739 	0.134525 	0.610723 	3.46267 	1.48396e-19
17.744 	0.134525 	0.610723 	3.46267 	1.48396e-19
17.8141 	0.134525 	0.610723 	3.46267 	1.48396e-19
17.8843 	0.134525 	0.610723 	3.46267 	1.48396e-19
17.9544 	0.211817 	0.626675 	3.38497 	0
18.0245 	0.211817 	0.626675 	3.38497 	0
18.0947 	0.211817 	0.626675 	3.38497 	0
18.1648 	0.211817 	0.626675 	3.38497 	0
18.2349 	0.211817 	0.626675 	3.38497 	0
18.3051 	0.211817 	0.626675 	3.38497 	0
18.3752 	0.211817 	0.626675 	3.38497 	0
18.4453 	0.211817 	0.626675 	3.38497 	0
18.5155 	0.211817 	0.626675 	3.38497 	0
18.5856 	0.118075 	0.71746 	3.42623 	0
18.6557 	0.118075 	0.71746 	3.42623 	0
18.7259 	0.118075 	0.71746 	3.42623 	0
18.796 	0.118075 	0.71746 	3.42623 	0
18.8662 	0.118075 	0.71746 	3.42623 	0
18.9363 	0.118075 	0.71746 	3.42623 	0
19.0064 	0.118075 	0.71746 	3.42623 	0
19.0766 	0.118075 	0.71746 	3.42623 	0
19.1467 	0.118075 	0.71746 	3.42623 	0
19.2168 	0.068005 	0.763709 	3.40577 	2.69259e-20
19.287 	0.295907 	0.688601 	3.20976 	-5.81536e-20
19.3571 	0.295907 	0.688601 	3.20976 	-5.81536e-20
19.4272 	0.295907 	0.688601 	3.20976 	-5.81536e-20
19.4974 	0.295907 	0.688601 	3.20976 	-5.81536e-20
19.5675 	0.295907 	0.688601 	3.20976 	-5.81536e-20
19.6376 	0.295907 	0.688601 	3.20976 	-5.81536e-20
19.7078 	0.295907 	0.688601 	3.20976 	-5.81536e-20
19.7779 	0.295907 	0.688601 	3.20976 	-5.81536e-20
19.848 	0.295907 	0.688601 	3.20976 	-5.81536e-20
19.9182 	0.240736 	0.751826 	3.28297 	-2.18527e-19
19.9883 	0.240736 	0.751826 	3.28297 	-2.18527e-19
20.0584 	0.240736 	0.751826 	3.28297 	-2.18527e-19
20.1286 	0.240736 	0.751826 	3.28297 	-2.18527e-19
20.1987 	0.240736 	0.751826 	3.28297 	-2.18527e-19
20.2688 	0.240736 	0.751826 	3.28297 	-2.18527e-19
20.339 	0.240736 	0.751826 	3.28297 	-2.18527e-19
20.4091 	0.240736 	0.751826 	3.28297 	-2.18527e-19
20.4792 	0.240736 	0.751826 	3.28297 	-2.18527e-19
20.5494 	0.240736 	0.751826 	3.28297 	-2.18527e-19
20.6195 	0.178438 	0.800939 	3.3107 	1.32422e-20
20.6896 	0.178438 	0.800939 	3.3107 	1.32422e-20
20.7598 	0.178438 	0.800939 	3.3107 	1.32422e-20
20.8299 	0.178438 	0.800939 	3.3107 	1.32422e-20
20.9 	0.260928 	0.696595 	2.76301 	-3.00764e-19
20.9702 	0.260928 	0.696595 	2.76301 	-3.00764e-19
21.0403 	0.260928 	0.696595 	2.76301 	-3.00764e-19
21.1105 	0.260928 	0.696595 	2.76301 	-3.00764e-19
21.1806 	0.260928 	0.696595 	2.76301 	-3.00764e-19
21.2507 	0.260928 	0.696595 	2.76301 	-3.00764e-19
21.3209 	0.219053 	0.750306 	2.94693 	0
21.391 	0.219053 	0.750306 	2.94693 	0
21.4611 	0.219053 	0.750306 	2.94693 	0
21.5313 	0.219053 	0.750306 	2.94693 	0
21.6014 	0.219053 	0.750306 	2.94693 	0
21.6715 	0.219053 	0.750306 	2.94693 	0
21.7417 	0.219053 	0.750306 	2.94693 	0
21.8118 	0.219053 	0.750306 	2.94693 	0
21.8819 	0.219053 	0.750306 	2.94693 	0
21.9521 	0.219053 	0.750306 	2.94693 	0
22.0222 	0.219053 	0.750306 	2.94693 	0
22.0923 	0.175577 	0.796758 	3.068 	-1.12888e-19
22.1625 	0.175577 	0.796758 	3.068 	-1.12888e-19
22.2326 	0.175577 	0.796758 	3.068 	-1.12888e-19
22.3027 	0.175577 	0.796758 	3.068 	-1.12888e-19
22.3729 	0.175577 	0.796758 	3.068 	-1.12888e-19
22.443 	0.175577 	0.796758 	3.068 	-1.12888e-19
22.5131 	0.175577 	0.796758 	3.068 	-1.12888e-19
22.5833 	0.175577 	0.796758 	3.068 	-1.12888e-19
22.6534 	0.175577 	0.796758 	3.068 	-1.12888e-19
22.7235 	0.175577 	0.796758 	3.068 	-1.12888e-19
22.7937 	0.175577 	0.796758 	3.068 	-1.12888e-19
22.8638 	0.123033 	0.838417 	3.13787 	1.79076e-19
22.9339 	0.123033 	0.838417 	3.13787 	1.79076e-19
23.0041 	0.123033 	0.838417 	3.13787 	1.79076e-19
23.0742 	0.131192 	0.684517 	2.26288 	7.15648e-20
23.1443 	0.131192 	0.684517 	2.26288 	7.15648e-20
23.2145 	0.131192 	0.684517 	2.26288 	7.15648e-20
23.2846 	0.131192 	0.684517 	2.26288 	7.15648e-20
23.3548 	0.131192 	0.684517 	2.26288 	7.15648e-20
23.4249 	0.131192 	0.684517 	2.26288 	7.15648e-20
23.495 	0.131192 	0.684517 	2.26288 	7.15648e-20
23.5652 	0.131192 	0.684517 	2.26288 	7.15648e-20
23.6353 	0.131192 	0.684517 	2.26288 	7.15648e-20
23.7054 	0.0828891 	0.725399 	2.44149 	-2.84873e-21
23.7756 	0.0828891 	0.725399 	2.44149 	-2.84873e-21
23.8457 	0.0828891 	0.725399 	2.44149 	-2.84873e-21
23.9158 	0.0828891 	0.725399 	2.44149 	-2.84873e-21
23.986 	0.0828891 	0.725399 	2.44149 	-2.84873e-21
24.0561 	0.0828891 	0.725399 	2.44149 	-2.84873e-21
24.1262 	0.0828891 	0.725399 	2.44149 	-2.84873e-21
24.1964 	0.0828891 	0.725399 	2.44149 	-2.84873e-21
24.2665 	0.0828891 	0.725399 	2.44149 	-2.84873e-21
24.3366 	0.0828891 	0.725399 	2.44149 	-2.84873e-21
24.4068 	0.0828891 	0.725399 	2.44149 	-2.84873e-21
24.4769 	0.0828891 	0.725399 	2.44149 	-2.84873e-21
24.547 	0.0828891 	0.725399 	2.44149 	-2.84873e-21
24.6172 	0.0390275 	0.766023 	2.59805 	4.84523e-20
24.6873 	0.0390275 	0.766023 	2.59805 	4.84523e-20
24.7574 	0.0390275 	0.766023 	2.59805 	4.84523e-20
24.8276 	0.0390275 	0.766023 	2.59805 	4.84523e-20
24.8977 	0.0390275 	0.766023 	2.59805 	4.84523e-20
24.9678 	0.0390275 	0.766023 	2.59805 	4.84523e-20
25.038 	0.0390275 	0.766023 	2.59805 	4.84523e-20
25.1081 	0.0390275 	0.766023 	2.59805 	4.84523e-20
25.1782 	0.0390275 	0.766023 	2.59805 	4.84523e-20
25.2484 	0.0390275 	0.766023 	2.59805 	4.84523e-20
25.3185 	0.0390275 	0.766023 	2.59805 	4.84523e-20
25.3886 	0.0390275 	0.766023 	2.59805 	4.84523e-20
25.4588 	-0.00155012 	0.800566 	2.71697 	-4.87129e-21
25.5289 	-0.00155012 	0.800566 	2.71697 	-4.87129e-21
25.5991 	-0.00155012 	0.800566 	2.71697 	-4.87129e-21
25.6692 	-0.00155012 	0.800566 	2.71697 	-4.87129e-21
25.7393 	-0.00155012 	0.800566 	2.71697 	-4.87129e-21
25.8095 	-0.00155012 	0.800566 	2.71697 	-4.87129e-21
25.8796 	-0.00155012 	0.800566 	2.71697 	-4.87129e-21
25.9497 	-0.00155012 	0.800566 	2.71697 	-4.87129e-21
26.0199 	-0.00155012 	0.800566 	2.71697 	-4.87129e-21
26.09 	-0.00516678 	0.608612 	1.76843 	-1.09239e-20
26.1601 	-0.00516678 	0.608612 	1.76843 	-1.09239e-20
26.2303 	-0.00516678 	0.608612 	1.76843 	-1.09239e-20
26.3004 	-0.00516678 	0.608612 	1.76843 	-1.09239e-20
26.3705 	-0.00516678 	0.608612 	1.76843 	-1.09239e-20
26.4407 	-0.050473 	0.62273 	1.8528 	-2.1177e-20
26.5108 	-0.050473 	0.62273 	1.8528 	-2.1177e-20
26.5809 	-0.050473 	0.62273 	1.8528 	-2.1177e-20
26.6511 	-0.050473 	0.62273 	1.8528 	-2.1177e-20
26.7212 	-0.050473 	0.62273 	1.8528 	-2.1177e-20
26.7913 	-0.050473 	0.62273 	1.8528 	-2.1177e-20
26.8615 	-0.050473 	0.62273 	1.8528 	-2.1177e-20
26.9316 	-0.050473 	0.62273 	1.8528 	-2.1177e-20
27.0017 	-0.050473 	0.62273 	1.8528 	-2.1177e-20
27.0719 	-0.050473 	0.62273 	1.8528 	-2.1177e-20
27.142 	-0.050473 	0.62273 	1.8528 	-2.1177e-20
27.2121 	-0.050473 	0.62273 	1.8528 	-2.1177e-20
27.2823 	-0.050473 	0.62273 	1.8528 	-2.1177e-20
27.3524 	-0.0948675 	0.629816 	1.92565 	0
27.4225 	-0.0948675 	0.629816 	1.92565 	0
27.4927 	-0.0948675 	0.629816 	1.92565 	0
27.5628 	-0.0948675 	0.629816 	1.92565 	0
27.6329 	-0.0948675 	0.629816 	1.92565 	0
27.7031 	-0.0948675 	0.629816 	1.92565 	0
27.7732 	-0.0948675 	0.629816 	1.92565 	0
27.8434 	-0.0948675 	0.629816 	1.92565 	0
27.9135 	-0.0948675 	0.629816 	1.92565 	0
27.9836 	-0.0948675 	0.629816 	1.92565 	0
28.0538 	-0.0948675 	0.629816 	1.92565 	0
28.1239 	-0.0948675 	0.629816 	1.92565 	0
28.194 	-0.0948675 	0.629816 	1.92565 	0
28.2642 	-0.0948675 	0.629816 	1.92565 	0
28.3343 	-0.0948675 	0.629816 	1.92565 	0
28.4044 	-0.135972 	0.63525 	1.98959 	0
28.4746 	-0.135972 	0.63525 	1.98959 	0
28.5447 	-0.135972 	0.63525 	1.98959 	0
28.6148 	-0.135972 	0.63525 	1.98959 	0
28.685 	-0.135972 	0.63525 	1.98959 	0
28.7551 	-0.135972 	0.63525 	1.98959 	0
28.8252 	-0.135972 	0.63525 	1.98959 	0
28.8954 	-0.135972 	0.63525 	1.98959 	0
28.9655 	-0.135972 	0.63525 	1.98959 	0
29.0356 	-0.135972 	0.63525 	1.98959 	0
29.1058 	-0.135972 	0.63525 	1.98959 	0
29.1759 	-0.135972 	0.63525 	1.98959 	0
29.246 	-0.135972 	0.63525 	1.98959 	0
29.3162 	-0.135972 	0.63525 	1.98959 	0
29.3863 	-0.135972 	0.63525 	1.98959 	0
29.4564 	-0.172464 	0.627953 	2.02108 	-7.92969e-20
29.5266 	-0.172464 	0.627953 	2.02108 	-7.92969e-20
29.5967 	-0.172464 	0.627953 	2.02108 	-7.92969e-20
29.6668 	-0.172464 	0.627953 	2.02108 	-7.92969e-20
29.737 	-0.172464 	0.627953 	2.02108 	-7.92969e-20
29.8071 	-0.172464 	0.627953 	2.02108 	-7.92969e-20
29.8773 	-0.172464 	0.627953 	2.02108 	-7.92969e-20
29.9474 	-0.172464 	0.627953 	2.02108 	-7.92969e-20
30.0175 	-0.172464 	0.627953 	2.02108 	-7.92969e-20
30.0877 	-0.172464 	0.627953 	2.02108 	-7.92969e-20
30.1578 	-0.172464 	0.627953 	2.02108 	-7.92969e-20
30.2279 	-0.172464 	0.627953 	2.02108 	-7.92969e-20
30.2981 	-0.172464 	0.627953 	2.02108 	-7.92969e-20
30.3682 	-0.172464 	0.627953 	2.02108 	-7.92969e-20
30.4383 	-0.172464 	0.627953 	2.02108 	-7.92969e-20
30.5085 	-0.172464 	0.627953 	2.02108 	-7.92969e-20
30.5786 	-0.203315 	0.615506 	2.03015 	-1.38341e-21
30.6487 	-0.203315 	0.615506 	2.03015 	-1.38341e-21
30.7189 	-0.203315 	0.615506 	2.03015 	-1.38341e-21
30.789 	-0.203315 	0.615506 	2.03015 	-1.38341e-21
30.8591 	-0.203315 	0.615506 	2.03015 	-1.38341e-21
30.9293 	-0.203315 	0.615506 	2.03015 	-1.38341e-21
30.9994 	-0.203315 	0.615506 	2.03015 	-1.38341e-21
31.0695 	-0.203315 	0.615506 	2.03015 	-1.38341e-21
31.1397 	-0.203315 	0.615506 	2.03015 	-1.38341e-21
31.2098 	-0.203315 	0.615506 	2.03015 	-1.38341e-21
31.2799 	-0.203315 	0.615506 	2.03015 	-1.38341e-21
31.3501 	-0.203315 	0.615506 	2.03015 	-1.38341e-21
31.4202 	-0.203315 	0.615506 	2.03015 	-1.38341e-21
31.4903 	-0.203315 	0.615506 	2.03015 	-1.38341e-21
31.5605 	-0.258398 	0.513562 	1.66284 	-1.6148e-19
31.6306 	-0.258398 	0.513562 	1.66284 	-1.6148e-19
31.7007 	-0.278301 	0.495636 	1.67488 	9.93373e-20
31.7709 	-0.278301 	0.495636 	1.67488 	9.93373e-20
31.841 	-0.278301 	0.495636 	1.67488 	9.93373e-20
31.9111 	-0.278301 	0.495636 	1.67488 	9.93373e-20
31.9813 	-0.278301 	0.495636 	1.67488 	9.93373e-20
32.0514 	-0.278301 	0.495636 	1.67488 	9.93373e-20
32.1216 	-0.278301 	0.495636 	1.67488 	9.93373e-20
32.1917 	-0.278301 	0.495636 	1.67488 	9.93373e-20
32.2618 	-0.278301 	0.495636 	1.67488 	9.93373e-20
32.332 	-0.278301 	0.495636 	1.67488 	9.93373e-20
32.4021 	-0.278301 	0.495636 	1.67488 	9.93373e-20
32.4722 	-0.278301 	0.495636 	1.67488 	9.93373e-20
32.5424 	-0.278301 	0.495636 	1.67488 	9.93373e-20
32.6125 	-0.278301 	0.495636 	1.67488 	9.93373e-20
32.6826 	-0.278301 	0.495636 	1.67488 	9.93373e-20
32.7528 	-0.278301 	0.495636 	1.67488 	9.93373e-20
32.8229 	-0.278301 	0.495636 	1.67488 	9.93373e-20
32.893 	-0.278301 	0.495636 	1.67488 	9.93373e-20
32.9632 	-0.287362 	0.47524 	1.67886 	2.77718e-20
33.0333 	-0.287362 	0.47524 	1.67886 	2.77718e-20
33.1034 	-0.287362 	0.47524 	1.67886 	2.77718e-20
33.1736 	-0.287362 	0.47524 	1.67886 	2.77718e-20
33.2437 	-0.287362 	0.47524 	1.67886 	2.77718e-20
33.3138 	-0.287362 	0.47524 	1.67886 	2.77718e-20
33.384 	-0.287362 	0.47524 	1.67886 	2.77718e-20
33.4541 	-0.287362 	0.47524 	1.67886 	2.77718e-20
33.5242 	-0.287362 	0.47524 	1.67886 	2.77718e-20
33.5944 	-0.287362 	0.47524 	1.67886 	2.77718e-20
33.6645 	-0.287362 	0.47524 	1.67886 	2.77718e-20
33.7346 	-0.287362 	0.47524 	1.67886 	2.77718e-20
33.8048 	-0.287362 	0.47524 	1.67886 	2.77718e-20
33.8749 	-0.287362 	0.47524 	1.67886 	2.77718e-20
33.945 	-0.287362 	0.47524 	1.67886 	2.77718e-20
34.0152 	-0.287362 	0.47524 	1.67886 	2.77718e-20
34.0853 	-0.287362 	0.47524 	1.67886 	2.77718e-20
34.1554 	-0.287362 	0.47524 	1.67886 	2.77718e-20
34.2256 	-0.282564 	0.451458 	1.67195 	-2.20501e-20
34.2957 	-0.282564 	0.451458 	1.67195 	-2.20501e-20
34.3659 	-0.282564 	0.451458 	1.67195 	-2.20501e-20
34.436 	-0.282564 	0.451458 	1.67195 	-2.20501e-20
34.5061 	-0.282564 	0.451458 	1.67195 	-2.20501e-20
34.5763 	-0.282564 	0.451458 	1.67195 	-2.20501e-20
34.6464 	-0.282564 	0.451458 	1.67195 	-2.20501e-20
34.7165 	-0.282564 	0.451458 	1.67195 	-2.20501e-20
34.7867 	-0.282564 	0.451458 	1.67195 	-2.20501e-20
34.8568 	-0.282564 	0.451458 	1.67195 	-2.20501e-20
34.9269 	-0.282564 	0.451458 	1.67195 	-2.20501e-20
34.9971 	-0.282564 	0.451458 	1.67195 	-2.20501e-20
35.0672 	-0.282564 	0.451458 	1.67195 	-2.20501e-20
35.1373 	-0.282564 	0.451458 	1.67195 	-2.20501e-20
35.2075 	-0.282564 	0.451458 	1.67195 	-2.20501e-20
35.2776 	-0.282564 	0.451458 	1.67195 	-2.20501e-20
35.3477 	-0.282564 	0.451458 	1.67195 	-2.20501e-20
35.4179 	-0.282564 	0.451458 	1.67195 	-2.20501e-20
35.488 	-0.282564 	0.451458 	1.67195 	-2.20501e-20
35.5581 	-0.282564 	0.451458 	1.67195 	-2.20501e-20
35.6283 	-0.263077 	0.423675 	1.65952 	-5.92e-21
35.6984 	-0.263077 	0.423675 	1.65952 	-5.92e-21
35.7685 	-0.263077 	0.423675 	1.65952 	-5.92e-21
35.8387 	-0.263077 	0.423675 	1.65952 	-5.92e-21
35.9088 	-0.263077 	0.423675 	1.65952 	-5.92e-21
35.9789 	-0.263077 	0.423675 	1.65952 	-5.92e-21
36.0491 	-0.263077 	0.423675 	1.65952 	-5.92e-21
36.1192 	-0.263077 	0.423675 	1.65952 	-5.92e-21
36.1893 	-0.263077 	0.423675 	1.65952 	-5.92e-21
36.2595 	-0.263077 	0.423675 	1.65952 	-5.92e-21
36.3296 	-0.263077 	0.423675 	1.65952 	-5.92e-21
36.3997 	-0.263077 	0.423675 	1.65952 	-5.92e-21
36.4699 	-0.263077 	0.423675 	1.65952 	-5.92e-21
36.54 	-0.263077 	0.423675 	1.65952 	-5.92e-21
36.6102 	-0.263077 	0.423675 	1.65952 	-5.92e-21
36.6803 	-0.263077 	0.423675 	1.65952 	-5.92e-21
36.7504 	-0.263077 	0.423675 	1.65952 	-5.92e-21
36.8206 	-0.263077 	0.423675 	1.65952 	-5.92e-21
36.8907 	-0.263077 	0.423675 	1.65952 	-5.92e-21
36.9608 	-0.263077 	0.423675 	1.65952 	-5.92e-21
37.031 	-0.263077 	0.423675 	1.65952 	-5.92e-21
37.1011 	-0.236409 	0.388573 	1.64341 	0
37.1712 	-0.236409 	0.388573 	1.64341 	0
37.2414 	-0.236409 	0.388573 	1.64341 	0
37.3115 	-0.236409 	0.388573 	1.64341 	0
37.3816 	-0.236409 	0.388573 	1.64341 	0
37.4518 	-0.236409 	0.388573 	1.64341 	0
37.5219 	-0.236409 	0.388573 	1.64341 	0
37.592 	-0.236409 	0.388573 	1.64341 	0
37.6622 	-0.236409 	0.388573 	1.64341 	0
37.7323 	-0.236409 	0.388573 	1.64341 	0
37.8024 	-0.236409 	0.388573 	1.64341 	0
37.8726 	-0.236409 	0.388573 	1.64341 	0
37.9427 	-0.236409 	0.388573 	1.64341 	0
38.0128 	-0.236409 	0.388573 	1.64341 	0
38.083 	-0.236409 	0.388573 	1.64341 	0
38.1531 	-0.236409 	0.388573 	1.64341 	0
38.2232 	-0.236409 	0.388573 	1.64341 	0
38.2934 	-0.214196 	0.345996 	1.63107 	0
38.3635 	-0.214196 	0.345996 	1.63107 	0
38.4336 	-0.214196 	0.345996 	1.63107 	0
38.5038 	-0.214196 	0.345996 	1.63107 	0
38.5739 	-0.214196 	0.345996 	1.63107 	0
38.644 	-0.214196 	0.345996 	1.63107 	0
38.7142 	-0.214196 	0.345996 	1.63107 	0
38.7843 	-0.214196 	0.345996 	1.63107 	0
38.8545 	-0.214196 	0.345996 	1.63107 	0
38.9246 	-0.214196 	0.345996 	1.63107 	0
38.9947 	-0.214196 	0.345996 	1.63107 	0
39.0649 	-0.214196 	0.345996 	1.63107 	0
39.135 	-0.214196 	0.345996 	1.63107 	0
39.2051 	-0.214196 	0.345996 	1.63107 	0
39.2753 	-0.214196 	0.345996 	1.63107 	0
39.3454 	-0.214196 	0.345996 	1.63107 	0
39.4155 	-0.214196 	0.345996 	1.63107 	0
39.4857 	-0.214196 	0.345996 	1.63107 	0
39.5558 	-0.200039 	0.297544 	1.62434 	0
39.6259 	-0.200039 	0.297544 	1.62434 	0
39.6961 	-0.200039 	0.297544 	1.62434 	0
39.7662 	-0.200039 	0.297544 	1.62434 	0
39.8363 	-0.200039 	0.297544 	1.62434 	0
39.9065 	-0.200039 	0.297544 	1.62434 	0
39.9766 	-0.200039 	0.297544 	1.62434 	0
40.0467 	-0.200039 	0.297544 	1.62434 	0
40.1169 	-0.200039 	0.297544 	1.62434 	0
40.187 	-0.200039 	0.297544 	1.62434 	0
40.2571 	-0.200039 	0.297544 	1.62434 	0
40.3273 	-0.200039 	0.297544 	1.62434 	0
40.3974 	-0.200039 	0.297544 	1.62434 	0
40.4675 	-0.200039 	0.297544 	1.62434 	0
40.5377 	-0.200039 	0.297544 	1.62434 	0
40.6078 	-0.200039 	0.297544 	1.62434 	0
40.6779 	-0.200039 	0.297544 	1.62434 	0
40.7481 	-0.196755 	0.247655 	1.62482 	0
40.8182 	-0.196755 	0.247655 	1.62482 	0
40.8883 	-0.196755 	0.247655 	1.62482 	0
40.9585 	-0.196755 	0.247655 	1.62482 	0
41.0286 	-0.196755 	0.247655 	1.62482 	0
41.0988 	-0.196755 	0.247655 	1.62482 	0
41.1689 	-0.196755 	0.247655 	1.62482 	0
41.239 	-0.196755 	0.247655 	1.62482 	0
41.3092 	-0.196755 	0.247655 	1.62482 	0
41.3793 	-0.196755 	0.247655 	1.62482 	0
41.4494 	-0.196755 	0.247655 	1.62482 	0
41.5196 	-0.196755 	0.247655 	1.62482 	0
41.5897 	-0.196755 	0.247655 	1.62482 	0
41.6598 	-0.196755 	0.247655 	1.62482 	0
41.73 	-0.196755 	0.247655 	1.62482 	0
41.8001 	-0.196755 	0.247655 	1.62482 	0
41.8702 	-0.196755 	0.247655 	1.62482 	0
41.9404 	-0.196755 	0.247655 	1.62482 	0
42.0105 	-0.205096 	0.198274 	1.63189 	0
42.0806 	-0.205096 	0.198274 	1.63189 	0
42.1508 	-0.205096 	0.198274 	1.63189 	0
42.2209 	-0.205096 	0.198274 	1.63189 	0
42.291 	-0.205096 	0.198274 	1.63189 	0
42.3612 	-0.205096 	0.198274 	1.63189 	0
42.4313 	-0.205096 	0.198274 	1.63189 	0
42.5014 	-0.205096 	0.198274 	1.63189 	0
42.5716 	-0.205096 	0.198274 	1.63189 	0
42.6417 	-0.205096 	0.198274 	1.63189 	0
42.7118 	-0.205096 	0.198274 	1.63189 	0
42.782 	-0.205096 	0.198274 	1.63189 	0
42.8521 	-0.205096 	0.198274 	1.63189 	0
42.9222 	-0.205096 	0.198274 	1.63189 	0
42.9924 	-0.205096 	0.198274 	1.63189 	0
43.0625 	-0.205096 	0.198274 	1.63189 	0
43.1327 	-0.205096 	0.198274 	1.63189 	0
43.2028 	-0.220248 	0.152467 	1.64212 	0
43.2729 	-0.220248 	0.152467 	1.64212 	0
43.3431 	-0.220248 	0.152467 	1.64212 	0
43.4132 	-0.220248 	0.152467 	1.64212 	0
43.4833 	-0.220248 	0.152467 	1.64212 	0
43.5535 	-0.220248 	0.152467 	1.64212 	0
43.6236 	-0.220248 	0.152467 	1.64212 	0
43.6937 	-0.220248 	0.152467 	1.64212 	0
43.7639 	-0.220248 	0.152467 	1.64212 	0
43.834 	-0.220248 	0.152467 	1.64212 	0
43.9041 	-0.220248 	0.152467 	1.64212 	0
43.9743 	-0.220248 	0.152467 	1.64212 	0
44.0444 	-0.220248 	0.152467 	1.64212 	0
44.1145 	-0.220248 	0.152467 	1.64212 	0
44.1847 	-0.220248 	0.152467 	1.64212 	0
44.2548 	-0.220248 	0.152467 	1.64212 	0
44.3249 	-0.220248 	0.152467 	1.64212 	0
44.3951 	-0.220248 	0.152467 	1.64212 	0
44.4652 	-0.237577 	0.110099 	1.65371 	0
44.5353 	-0.237577 	0.110099 	1.65371 	0
44.6055 	-0.237577 	0.110099 	1.65371 	0
44.6756 	-0.237577 	0.110099 	1.65371 	0
44.7457 	-0.237577 	0.110099 	1.65371 	0
44.8159 	-0.237577 	0.110099 	1.65371 	0
44.886 	-0.237577 	0.110099 	1.65371 	0
44.9561 	-0.237577 	0.110099 	1.65371 	0
45.0263 	-0.237577 	0.110099 	1.65371 	0
45.0964 	-0.237577 	0.110099 	1.65371 	0
45.1665 	-0.237577 	0.110099 	1.65371 	0
45.2367 	-0.237577 	0.110099 	1.65371 	0
45.3068 	-0.237577 	0.110099 	1.65371 	0
45.377 	-0.237577 	0.110099 	1.65371 	0
45.4471 	-0.237577 	0.110099 	1.65371 	0
45.5172 	-0.237577 	0.110099 	1.65371 	0
45.5874 	-0.237577 	0.110099 	1.65371 	0
45.6575 	-0.25194 	0.0692017 	1.66214 	0
45.7276 	-0.25194 	0.0692017 	1.66214 	0
45.7978 	-0.25194 	0.0692017 	1.66214 	0
45.8679 	-0.25194 	0.0692017 	1.66214 	0
45.938 	-0.25194 	0.0692017 	1.66214 	0
46.0082 	-0.25194 	0.0692017 	1.66214 	0
46.0783 	-0.25194 	0.0692017 	1.66214 	0
46.1484 	-0.25194 	0.0692017 	1.66214 	0
46.2186 	-0.25194 	0.0692017 	1.66214 	0
46.2887 	-0.25194 	0.0692017 	1.66214 	0
46.3588 	-0.25194 	0.0692017 	1.66214 	0
46.429 	-0.25194 	0.0692017 	1.66214 	0
46.4991 	-0.25194 	0.0692017 	1.66214 	0
46.5692 	-0.25194 	0.0692017 	1.66214 	0
46.6394 	-0.25194 	0.0692017 	1.66214 	0
46.7095 	-0.25194 	0.0692017 	1.66214 	0
46.7796 	-0.171121 	0.0880764 	1.68131 	0
46.8498 	-0.171121 	0.0880764 	1.68131 	0
46.9199 	-0.18696 	0.0574286 	1.68756 	0
46.99 	-0.18696 	0.0574286 	1.68756 	0
47.0602 	-0.18696 	0.0574286 	1.68756 	0
47.1303 	-0.18696 	0.0574286 	1.68756 	0
47.2004 	-0.18696 	0.0574286 	1.68756 	0
47.2706 	-0.18696 	0.0574286 	1.68756 	0
47.3407 	-0.18696 	0.0574286 	1.68756 	0
47.4108 	-0.18696 	0.0574286 	1.68756 	0
47.481 	-0.18696 	0.0574286 	1.68756 	0
47.5511 	-0.18696 	0.0574286 	1.68756 	0
47.6213 	-0.18696 	0.0574286 	1.68756 	0
47.6914 	-0.18696 	0.0574286 	1.68756 	0
47.7615 	-0.18696 	0.0574286 	1.68756 	0
47.8317 	-0.18696 	0.0574286 	1.68756 	0
47.9018 	-0.18696 	0.0574286 	1.68756 	0
47.9719 	-0.18696 	0.0574286 	1.68756 	0
48.0421 	-0.18696 	0.0574286 	1.68756 	0
48.1122 	-0.18696 	0.0574286 	1.68756 	0
48.1823 	-0.19689 	0.0291548 	1.69143 	0
48.2525 	-0.19689 	0.0291548 	1.69143 	0
48.3226 	-0.19689 	0.0291548 	1.69143 	0
48.3927 	-0.19689 	0.0291548 	1.69143 	0
48.4629 	-0.19689 	0.0291548 	1.69143 	0
48.533 	-0.19689 	0.0291548 	1.69143 	0
48.6031 	-0.19689 	0.0291548 	1.69143 	0
48.6733 	-0.19689 	0.0291548 	1.69143 	0
48.7434 	-0.19689 	0.0291548 	1.69143 	0
48.8135 	-0.19689 	0.0291548 	1.69143 	0
48.8837 	-0.19689 	0.0291548 	1.69143 	0
48.9538 	-0.19689 	0.0291548 	1.69143 	0
49.0239 	-0.19689 	0.0291548 	1.69143 	0
49.0941 	-0.19689 	0.0291548 	1.69143 	0
49.1642 	-0.19689 	0.0291548 	1.69143 	0
49.2343 	-0.19689 	0.0291548 	1.69143 	0
49.3045 	-0.19689 	0.0291548 	1.69143 	0
49.3746 	-0.199295 	0.00426487 	1.6896 	0
49.4447 	-0.199295 	0.00426487 	1.6896 	0
49.5149 	-0.199295 	0.00426487 	1.6896 	0
49.585 	-0.199295 	0.00426487 	1.6896 	0
49.6551 	-0.199295 	0.00426487 	1.6896 	0
49.7253 	-0.199295 	0.00426487 	1.6896 	0
49.7954 	-0.199295 	0.00426487 	1.6896 	0
49.8656 	-0.199295 	0.00426487 	1.6896 	0
49.9357 	-0.199295 	0.00426487 	1.6896 	0
50.0058 	-0.199295 	0.00426487 	1.6896 	0
50.076 	-0.199295 	0.00426487 	1.6896 	0
50.1461 	-0.199295 	0.00426487 	1.6896 	0
50.2162 	-0.199295 	0.00426487 	1.6896 	0
50.2864 	-0.199295 	0.00426487 	1.6896 	0
50.3565 	-0.199295 	0.00426487 	1.6896 	0
50.4266 	-0.199295 	0.00426487 	1.6896 	0
50.4968 	-0.199295 	0.00426487 	1.6896 	0
50.5669 	-0.199295 	0.00426487 	1.6896 	0
50.637 	-0.192739 	-0.0170051 	1.68407 	0
50.7072 	-0.192739 	-0.0170051 	1.68407 	0
50.7773 	-0.192739 	-0.0170051 	1.68407 	0
50.8474 	-0.192739 	-0.0170051 	1.68407 	0
50.9176 	-0.192739 	-0.0170051 	1.68407 	0
50.9877 	-0.192739 	-0.0170051 	1.68407 	0
51.0578 	-0.192739 	-0.0170051 	1.68407 	0
51.128 	-0.192739 	-0.0170051 	1.68407 	0
51.1981 	-0.192739 	-0.0170051 	1.68407 	0
51.2682 	-0.192739 	-0.0170051 	1.68407 	0
51.3384 	-0.192739 	-0.0170051 	1.68407 	0
51.4085 	-0.192739 	-0.0170051 	1.68407 	0
51.4786 	-0.192739 	-0.0170051 	1.68407 	0
51.5488 	-0.192739 	-0.0170051 	1.68407 	0
51.6189 	-0.192739 	-0.0170051 	1.68407 	0
51.689 	-0.192739 	-0.0170051 	1.68407 	0
51.7592 	-0.192739 	-0.0170051 	1.68407 	0
51.8293 	-0.176267 	-0.0330615 	1.67229 	0
51.8994 	-0.176267 	-0.0330615 	1.67229 	0
51.9696 	-0.176267 	-0.0330615 	1.67229 	0
52.0397 	-0.176267 	-0.0330615 	1.67229 	0
52.1099 	-0.176267 	-0.0330615 	1.67229 	0
52.18 	-0.176267 	-0.0330615 	1.67229 	0
52.2501 	-0.176267 	-0.0330615 	1.67229 	0
52.3203 	-0.176267 	-0.0330615 	1.67229 	0
52.3904 	-0.176267 	-0.0330615 	1.67229 	0
52.4605 	-0.176267 	-0.0330615 	1.67229 	0
52.5307 	-0.176267 	-0.0330615 	1.67229 	0
52.6008 	-0.176267 	-0.0330615 	1.67229 	0
52.6709 	-0.176267 	-0.0330615 	1.67229 	0
52.7411 	-0.176267 	-0.0330615 	1.67229 	0
52.8112 	-0.176267 	-0.0330615 	1.67229 	0
52.8813 	-0.176267 	-0.0330615 	1.67229 	0
52.9515 	-0.176267 	-0.0330615 	1.67229 	0
53.0216 	-0.176267 	-0.0330615 	1.67229 	0
53.0917 	-0.150465 	-0.0429192 	1.65613 	0
53.1619 	-0.150465 	-0.0429192 	1.65613 	0
53.232 	-0.150465 	-0.0429192 	1.65613 	0
53.3021 	-0.150465 	-0.0429192 	1.65613 	0
53.3723 	-0.150465 	-0.0429192 	1.65613 	0
53.4424 	-0.150465 	-0.0429192 	1.65613 	0
53.5125 	-0.150465 	-0.0429192 	1.65613 	0
53.5827 	-0.150465 	-0.0429192 	1.65613 	0
53.6528 	-0.150465 	-0.0429192 	1.65613 	0
53.7229 	-0.150465 	-0.0429192 	1.65613 	0
53.7931 	-0.150465 	-0.0429192 	1.65613 	0
53.8632 	-0.150465 	-0.0429192 	1.65613 	0
53.9333 	-0.150465 	-0.0429192 	1.65613 	0
54.0035 	-0.150465 	-0.0429192 	1.65613 	0
54.0736 	-0.150465 	-0.0429192 	1.65613 	0
54.1437 	-0.150465 	-0.0429192 	1.65613 	0
54.2139 	-0.150465 	-0.0429192 	1.65613 	0
54.284 	-0.11905 	-0.0459664 	1.63634 	0
54.3542 	-0.11905 	-0.0459664 	1.63634 	0
54.4243 	-0.11905 	-0.0459664 	1.63634 	0
54.4944 	-0.11905 	-0.0459664 	1.63634 	0
54.5646 	-0.11905 	-0.0459664 	1.63634 	0
54.6347 	-0.11905 	-0.0459664 	1.63634 	0
54.7048 	-0.11905 	-0.0459664 	1.63634 	0
54.775 	-0.11905 	-0.0459664 	1.63634 	0
54.8451 	-0.11905 	-0.0459664 	1.63634 	0
54.9152 	-0.11905 	-0.0459664 	1.63634 	0
54.9854 	-0.11905 	-0.0459664 	1.63634 	0
55.0555 	-0.11905 	-0.0459664 	1.63634 	0
55.1256 	-0.11905 	-0.0459664 	1.63634 	0
55.1958 	-0.11905 	-0.0459664 	1.63634 	0
55.2659 	-0.11905 	-0.0459664 	1.63634 	0
55.336 	-0.11905 	-0.0459664 	1.63634 	0
55.4062 	-0.11905 	-0.0459664 	1.63634 	0
55.4763 	-0.11905 	-0.0459664 	1.63634 	0
55.5464 	-0.0875398 	-0.0439945 	1.61763 	0
55.6166 	-0.0875398 	-0.0439945 	1.61763 	0
55.6867 	-0.0875398 	-0.0439945 	1.61763 	0
55.7568 	-0.0875398 	-0.0439945 	1.61763 	0
55.827 	-0.0875398 	-0.0439945 	1.61763 	0
55.8971 	-0.0875398 	-0.0439945 	1.61763 	0
55.9672 	-0.0875398 	-0.0439945 	1.61763 	0
56.0374 	-0.0875398 	-0.0439945 	1.61763 	0
56.1075 	-0.0875398 	-0.0439945 	1.61763 	0
56.1776 	-0.0875398 	-0.0439945 	1.61763 	0
56.2478 	-0.0875398 	-0.0439945 	1.61763 	0
56.3179 	-0.0875398 	-0.0439945 	1.61763 	0
56.3881 	-0.0875398 	-0.0439945 	1.61763 	0
56.4582 	-0.0875398 	-0.0439945 	1.61763 	0
56.5283 	-0.0875398 	-0.0439945 	1.61763 	0
56.5985 	-0.0875398 	-0.0439945 	1.61763 	0
56.6686 	-0.0875398 	-0.0439945 	1.61763 	0
56.7387 	-0.0875398 	-0.0439945 	1.61763 	0
56.8089 	-0.0606733 	-0.0385283 	1.60127 	0
56.879 	-0.0606733 	-0.0385283 	1.60127 	0
56.9491 	-0.0606733 	-0.0385283 	1.60127 	0
57.0193 	-0.0606733 	-0.0385283 	1.60127 	0
57.0894 	-0.0606733 	-0.0385283 	1.60127 	0
57.1595 	-0.0606733 	-0.0385283 	1.60127 	0
57.2297 	-0.0606733 	-0.0385283 	1.60127 	0
57.2998 	-0.0606733 	-0.0385283 	1.60127 	0
57.3699 	-0.0606733 	-0.0385283 	1.60127 	0
57.4401 	-0.0606733 	-0.0385283 	1.60127 	0
57.5102 	-0.0606733 	-0.0385283 	1.60127 	0
57.5803 	-0.0606733 	-0.0385283 	1.60127 	0
57.6505 	-0.0606733 	-0.0385283 	1.60127 	0
57.7206 	-0.0606733 	-0.0385283 	1.60127 	0
57.7907 	-0.0606733 	-0.0385283 	1.60127 	0
57.8609 	-0.0606733 	-0.0385283 	1.60127 	0
57.931 	-0.0606733 	-0.0385283 	1.60127 	0
58.0011 	-0.0416362 	-0.0334255 	1.5912 	0
58.0713 	-0.0416362 	-0.0334255 	1.5912 	0
58.1414 	-0.0416362 	-0.0334255 	1.5912 	0
58.2115 	-0.0416362 	-0.0334255 	1.5912 	0
58.2817 	-0.0416362 	-0.0334255 	1.5912 	0
58.3518 	-0.0416362 	-0.0334255 	1.5912 	0
58.4219 	-0.0416362 	-0.0334255 	1.5912 	0
58.4921 	-0.0416362 	-0.0334255 	1.5912 	0
58.5622 	-0.0416362 	-0.0334255 	1.5912 	0
58.6324 	-0.0416362 	-0.0334255 	1.5912 	0
58.7025 	-0.0416362 	-0.0334255 	1.5912 	0
58.7726 	-0.0416362 	-0.0334255 	1.5912 	0
58.8428 	-0.0416362 	-0.0334255 	1.5912 	0
58.9129 	-0.0416362 	-0.0334255 	1.5912 	0
58.983 	-0.0416362 	-0.0334255 	1.5912 	0
59.0532 	-0.0416362 	-0.0334255 	1.5912 	0
59.1233 	-0.0416362 	-0.0334255 	1.5912 	0
59.1934 	-0.0416362 	-0.0334255 	1.5912 	0
59.2636 	-0.0293833 	-0.0286836 	1.58483 	0
59.3337 	-0.0293833 	-0.0286836 	1.58483 	0
59.4038 	-0.0293833 	-0.0286836 	1.58483 	0
59.474 	-0.0293833 	-0.0286836 	1.58483 	0
59.5441 	-0.0293833 	-0.0286836 	1.58483 	0
59.6142 	-0.0293833 	-0.0286836 	1.58483 	0
59.6844 	-0.0293833 	-0.0286836 	1.58483 	0
59.7545 	-0.0293833 	-0.0286836 	1.58483 	0
59.8246 	-0.0293833 	-0.0286836 	1.58483 	0
59.8948 	-0.0293833 	-0.0286836 	1.58483 	0
59.9649 	-0.0293833 	-0.0286836 	1.58483 	0
60.035 	-0.0293833 	-0.0286836 	1.58483 	0
60.1052 	-0.0293833 	-0.0286836 	1.58483 	0
60.1753 	-0.0293833 	-0.0286836 	1.58483 	0
60.2454 	-0.0293833 	-0.0286836 	1.58483 	0
60.3156 	-0.0293833 	-0.0286836 	1.58483 	0
60.3857 	-0.0293833 	-0.0286836 	1.58483 	0
60.4558 	-0.0209411 	-0.024778 	1.58163 	0
60.526 	-0.0209411 	-0.024778 	1.58163 	0
60.5961 	-0.0209411 	-0.024778 	1.58163 	0
60.6662 	-0.0209411 	-0.024778 	1.58163 	0
60.7364 	-0.0209411 	-0.024778 	1.58163 	0
60.8065 	-0.0209411 	-0.024778 	1.58163 	0
60.8767 	-0.0209411 	-0.024778 	1.58163 	0
60.9468 	-0.0209411 	-0.024778 	1.58163 	0
61.0169 	-0.0209411 	-0.024778 	1.58163 	0
61.0871 	-0.0209411 	-0.024778 	1.58163 	0
61.1572 	-0.0209411 	-0.024778 	1.58163 	0
61.2273 	-0.0209411 	-0.024778 	1.58163 	0
61.2975 	-0.0209411 	-0.024778 	1.58163 	0
61.3676 	-0.0209411 	-0.024778 	1.58163 	0
61.4377 	-0.0209411 	-0.024778 	1.58163 	0
61.5079 	-0.0209411 	-0.024778 	1.58163 	0
61.578 	-0.0209411 	-0.024778 	1.58163 	0
61.6481 	-0.0209411 	-0.024778 	1.58163 	0
61.7183 	-0.01411 	-0.0209585 	1.57858 	0
61.7884 	-0.01411 	-0.0209585 	1.57858 	0
61.8585 	-0.01411 	-0.0209585 	1.57858 	0
61.9287 	-0.01411 	-0.0209585 	1.57858 	0
61.9988 	-0.01411 	-0.0209585 	1.57858 	0
62.0689 	-0.01411 	-0.0209585 	1.57858 	0
62.1391 	-0.01411 	-0.0209585 	1.57858 	0
62.2092 	-0.01411 	-0.0209585 	1.57858 	0
62.2793 	-0.01411 	-0.0209585 	1.57858 	0
62.3495 	-0.01411 	-0.0209585 	1.57858 	0
62.4196 	-0.01411 	-0.0209585 	1.57858 	0
62.4897 	-0.01411 	-0.0209585 	1.57858 	0
62.5599 	-0.01411 	-0.0209585 	1.57858 	0
62.63 	-0.01411 	-0.0209585 	1.57858 	0
62.7001 	-0.01411 	-0.0209585 	1.57858 	0
62.7703 	-0.01411 	-0.0209585 	1.57858 	0
62.8404 	-0.01411 	-0.0209585 	1.57858 	0
62.9105 	-0.00806788 	-0.0172151 	1.5766 	0
62.9807 	-0.00806788 	-0.0172151 	1.5766 	0
63.0508 	-0.00806788 	-0.0172151 	1.5766 	0
63.121 	-0.00806788 	-0.0172151 	1.5766 	0
63.1911 	-0.00806788 	-0.0172151 	1.5766 	0
63.2612 	-0.00806788 	-0.0172151 	1.5766 	0
63.3314 	-0.00806788 	-0.0172151 	1.5766 	0
63.4015 	-0.00806788 	-0.0172151 	1.5766 	0
63.4716 	-0.00806788 	-0.0172151 	1.5766 	0
63.5418 	-0.00806788 	-0.0172151 	1.5766 	0
63.6119 	-0.00806788 	-0.0172151 	1.5766 	0
63.682 	-0.00806788 	-0.0172151 	1.5766 	0
63.7522 	-0.00806788 	-0.0172151 	1.5766 	0
63.8223 	-0.00806788 	-0.0172151 	1.5766 	0
63.8924 	-0.00806788 	-0.0172151 	1.5766 	0
63.9626 	-0.00806788 	-0.0172151 	1.5766 	0
64.0327 	-0.00806788 	-0.0172151 	1.5766 	0
64.1028 	-0.00806788 	-0.0172151 	1.5766 	0
64.173 	-0.00350984 	-0.0144493 	1.57492 	0
64.2431 	-0.00350984 	-0.0144493 	1.57492 	0
64.3132 	-0.00350984 	-0.0144493 	1.57492 	0
64.3834 	-0.00350984 	-0.0144493 	1.57492 	0
64.4535 	-0.00350984 	-0.0144493 	1.57492 	0
64.5236 	-0.00350984 	-0.0144493 	1.57492 	0
64.5938 	-0.00350984 	-0.0144493 	1.57492 	0
64.6639 	-0.00350984 	-0.0144493 	1.57492 	0
64.734 	-0.00350984 	-0.0144493 	1.57492 	0
64.8042 	-0.00350984 	-0.0144493 	1.57492 	0
64.8743 	-0.00350984 	-0.0144493 	1.57492 	0
64.9444 	-0.00350984 	-0.0144493 	1.57492 	0
65.0146 	-0.00350984 	-0.0144493 	1.57492 	0
65.0847 	-0.00350984 	-0.0144493 	1.57492 	0
65.1548 	-0.00350984 	-0.0144493 	1.57492 	0
65.225 	-0.00350984 	-0.0144493 	1.57492 	0
65.2951 	-0.00350984 	-0.0144493 	1.57492 	0
65.3653 	-0.00350984 	-0.0144493 	1.57492 	0
65.4354 	-0.0010609 	-0.0131661 	1.57553 	0
65.5055 	-0.0010609 	-0.0131661 	1.57553 	0
65.5757 	-0.0010609 	-0.0131661 	1.57553 	0
65.6458 	-0.0010609 	-0.0131661 	1.57553 	0
65.7159 	-0.0010609 	-0.0131661 	1.57553 	0
65.7861 	-0.0010609 	-0.0131661 	1.57553 	0
65.8562 	-0.0010609 	-0.0131661 	1.57553 	0
65.9263 	-0.0010609 	-0.0131661 	1.57553 	0
65.9965 	-0.0010609 	-0.0131661 	1.57553 	0
66.0666 	-0.0010609 	-0.0131661 	1.57553 	0
66.1367 	-0.0010609 	-0.0131661 	1.57553 	0
66.2069 	-0.0010609 	-0.0131661 	1.57553 	0
66.277 	-0.0010609 	-0.0131661 	1.57553 	0
66.3471 	-0.0010609 	-0.0131661 	1.57553 	0
66.4173 	-0.0010609 	-0.0131661 	1.57553 	0
66.4874 	-0.0010609 	-0.0131661 	1.57553 	0
66.5575 	-0.0010609 	-0.0131661 	1.57553 	0
66.6277 	-0.000241722 	-0.0119903 	1.57647 	0
66.6978 	-0.000241722 	-0.0119903 	1.57647 	0
66.7679 	-0.000241722 	-0.0119903 	1.57647 	0
66.8381 	-0.000241722 	-0.0119903 	1.57647 	0
66.9082 	-0.000241722 	-0.0119903 	1.57647 	0
66.9783 	-0.000241722 	-0.0119903 	1.57647 	0
67.0485 	-0.000241722 	-0.0119903 	1.57647 	0
67.1186 	-0.000241722 	-0.0119903 	1.57647 	0
67.1887 	-0.000241722 	-0.0119903 	1.57647 	0
67.2589 	-0.000241722 	-0.0119903 	1.57647 	0
67.329 	-0.000241722 	-0.0119903 	1.57647 	0
67.3991 	-0.000241722 	-0.0119903 	1.57647 	0
67.4693 	-0.000241722 	-0.0119903 	1.57647 	0
67.5394 	-0.000241722 	-0.0119903 	1.57647 	0
67.6096 	-0.000241722 	-0.0119903 	1.57647 	0
67.6797 	-0.000241722 	-0.0119903 	1.57647 	0
67.7498 	-0.000241722 	-0.0119903 	1.57647 	0
67.82 	-0.000241722 	-0.0119903 	1.57647 	0
67.8901 	3.00468e-05 	-0.0119262 	1.57928 	0
67.9602 	3.00468e-05 	-0.0119262 	1.57928 	0
68.0304 	3.00468e-05 	-0.0119262 	1.57928 	0
68.1005 	3.00468e-05 	-0.0119262 	1.57928 	0
68.1706 	3.00468e-05 	-0.0119262 	1.57928 	0
68.2408 	3.00468e-05 	-0.0119262 	1.57928 	0
68.3109 	3.00468e-05 	-0.0119262 	1.57928 	0
68.381 	3.00468e-05 	-0.0119262 	1.57928 	0
68.4512 	3.00468e-05 	-0.0119262 	1.57928 	0
68.5213 	3.00468e-05 	-0.0119262 	1.57928 	0
68.5914 	3.00468e-05 	-0.0119262 	1.57928 	0
68.6616 	3.00468e-05 	-0.0119262 	1.57928 	0
68.7317 	3.00468e-05 	-0.0119262 	1.57928 	0
68.8018 	3.00468e-05 	-0.0119262 	1.57928 	0
68.872 	3.00468e-05 	-0.0119262 	1.57928 	0
68.9421 	3.00468e-05 	-0.0119262 	1.57928 	0
69.0122 	3.00468e-05 	-0.0119262 	1.57928 	0
