0.490941 	1.41026 	0.00598297 	3.00056 	-4.33708e-20
0.561075 	1.41026 	0.00598297 	3.00056 	-4.33708e-20
0.63121 	1.41026 	0.00598297 	3.00056 	-4.33708e-20
0.701344 	1.41026 	0.00598297 	3.00056 	-4.33708e-20
0.771478 	1.41026 	0.00598297 	3.00056 	-4.33708e-20
0.841613 	1.41026 	0.00598297 	3.00056 	-4.33708e-20
0.911747 	1.41026 	0.00598297 	3.00056 	-4.33708e-20
0.981881 	1.41026 	0.00598297 	3.00056 	-4.33708e-20
1.05202 	1.41026 	0.00598297 	3.00056 	-4.33708e-20
1.12215 	1.41026 	0.00598297 	3.00056 	-4.33708e-20
1.19228 	1.41026 	0.00598297 	3.00056 	-4.33708e-20
1.26242 	1.41026 	0.00598297 	3.00056 	-4.33708e-20
1.33255 	1.37095 	0.0139561 	3.01471 	-4.37781e-20
1.40269 	1.37095 	0.0139561 	3.01471 	-4.37781e-20
1.47282 	1.37095 	0.0139561 	3.01471 	-4.37781e-20
1.54296 	1.37095 	0.0139561 	3.01471 	-4.37781e-20
1.61309 	1.37095 	0.0139561 	3.01471 	-4.37781e-20
1.68323 	1.37095 	0.0139561 	3.01471 	-4.37781e-20
1.75336 	1.37095 	0.0139561 	3.01471 	-4.37781e-20
1.82349 	1.37095 	0.0139561 	3.01471 	-4.37781e-20
1.89363 	1.37095 	0.0139561 	3.01471 	-4.37781e-20
1.96376 	1.37095 	0.0139561 	3.01471 	-4.37781e-20
2.0339 	1.37095 	0.0139561 	3.01471 	-4.37781e-20
2.10403 	1.37095 	0.0139561 	3.01471 	-4.37781e-20
2.17417 	1.31055 	0.0142892 	3.03136 	9.2083e-20
2.2443 	1.31055 	0.0142892 	3.03136 	9.2083e-20
2.31443 	1.31055 	0.0142892 	3.03136 	9.2083e-20
2.38457 	1.31055 	0.0142892 	3.03136 	9.2083e-20
2.4547 	1.31055 	0.0142892 	3.03136 	9.2083e-20
2.52484 	1.31055 	0.0142892 	3.03136 	9.2083e-20
2.59497 	1.31055 	0.0142892 	3.03136 	9.2083e-20
2.66511 	1.31055 	0.0142892 	3.03136 	9.2083e-20
2.73524 	1.31055 	0.0142892 	3.03136 	9.2083e-20
2.80538 	1.31055 	0.0142892 	3.03136 	9.2083e-20
2.87551 	1.31055 	0.0142892 	3.03136 	9.2083e-20
2.94564 	1.31055 	0.0142892 	3.03136 	9.2083e-20
3.01578 	1.23654 	0.0163041 	3.05913 	-1.05115e-20
3.08591 	1.23654 	0.0163041 	3.05913 	-1.05115e-20
3.15605 	1.23654 	0.0163041 	3.05913 	-1.05115e-20
3.22618 	1.23654 	0.0163041 	3.05913 	-1.05115e-20
3.29632 	1.23654 	0.0163041 	3.05913 	-1.05115e-20
3.36645 	1.23654 	0.0163041 	3.05913 	-1.05115e-20
3.43659 	1.23654 	0.0163041 	3.05913 	-1.05115e-20
3.50672 	1.23654 	0.0163041 	3.05913 	-1.05115e-20
3.57685 	1.23654 	0.0163041 	3.05913 	-1.05115e-20
3.64699 	1.23654 	0.0163041 	3.05913 	-1.05115e-20
3.71712 	1.23654 	0.0163041 	3.05913 	-1.05115e-20
3.78726 	1.22936 	0.00752399 	3.05476 	2.06165e-20
3.85739 	1.15049 	-0.000848974 	3.08438 	-1.48587e-19
3.92753 	1.15049 	-0.000848974 	3.08438 	-1.48587e-19
3.99766 	1.15049 	-0.000848974 	3.08438 	-1.48587e-19
4.06779 	1.15049 	-0.000848974 	3.08438 	-1.48587e-19
4.13793 	1.15049 	-0.000848974 	3.08438 	-1.48587e-19
4.20806 	1.15049 	-0.000848974 	3.08438 	-1.48587e-19
4.2782 	1.15049 	-0.000848974 	3.08438 	-1.48587e-19
4.34833 	1.15049 	-0.000848974 	3.08438 	-1.48587e-19
4.41847 	1.15049 	-0.000848974 	3.08438 	-1.48587e-19
4.4886 	1.15049 	-0.000848974 	3.08438 	-1.48587e-19
4.55874 	1.15049 	-0.000848974 	3.08438 	-1.48587e-19
4.62887 	1.15049 	-0.000848974 	3.08438 	-1.48587e-19
4.699 	1.15049 	-0.000848974 	3.08438 	-1.48587e-19
4.76914 	1.07165 	0.00563804 	3.10575 	2.86777e-19
4.83927 	1.07165 	0.00563804 	3.10575 	2.86777e-19
4.90941 	1.07165 	0.00563804 	3.10575 	2.86777e-19
4.97954 	1.07165 	0.00563804 	3.10575 	2.86777e-19
5.04968 	1.07165 	0.00563804 	3.10575 	2.86777e-19
5.11981 	1.07165 	0.00563804 	3.10575 	2.86777e-19
5.18994 	1.07165 	0.00563804 	3.10575 	2.86777e-19
5.26008 	1.07165 	0.00563804 	3.10575 	2.86777e-19
5.33021 	1.07165 	0.00563804 	3.10575 	2.86777e-19
5.40035 	1.07165 	0.00563804 	3.10575 	2.86777e-19
5.47048 	1.07165 	0.00563804 	3.10575 	2.86777e-19
5.54062 	1.07165 	0.00563804 	3.10575 	2.86777e-19
5.61075 	0.996212 	-0.00197043 	3.13423 	-1.37953e-19
5.68089 	0.996212 	-0.00197043 	3.13423 	-1.37953e-19
5.75102 	0.996212 	-0.00197043 	3.13423 	-1.37953e-19
5.82115 	0.996212 	-0.00197043 	3.13423 	-1.37953e-19
5.89129 	0.996212 	-0.00197043 	3.13423 	-1.37953e-19
5.96142 	0.996212 	-0.00197043 	3.13423 	-1.37953e-19
6.03156 	0.996212 	-0.00197043 	3.13423 	-1.37953e-19
6.10169 	0.996212 	-0.00197043 	3.13423 	-1.37953e-19
6.17183 	0.996212 	-0.00197043 	3.13423 	-1.37953e-19
6.24196 	0.996212 	-0.00197043 	3.13423 	-1.37953e-19
6.3121 	0.996212 	-0.00197043 	3.13423 	-1.37953e-19
6.38223 	0.996212 	-0.00197043 	3.13423 	-1.37953e-19
6.45236 	0.924541 	0.00606227 	3.1531 	0
6.5225 	0.924541 	0.00606227 	3.1531 	0
6.59263 	0.924541 	0.00606227 	3.1531 	0
6.66277 	0.924541 	0.00606227 	3.1531 	0
6.7329 	0.924541 	0.00606227 	3.1531 	0
6.80304 	0.924541 	0.00606227 	3.1531 	0
6.87317 	0.924541 	0.00606227 	3.1531 	0
6.9433 	0.924541 	0.00606227 	3.1531 	0
7.01344 	0.924541 	0.00606227 	3.1531 	0
7.08357 	0.924541 	0.00606227 	3.1531 	0
7.15371 	0.924541 	0.00606227 	3.1531 	0
7.22384 	0.924541 	0.00606227 	3.1531 	0
7.29398 	0.857309 	-0.000415835 	3.17832 	0
7.36411 	0.857309 	-0.000415835 	3.17832 	0
7.43425 	0.857309 	-0.000415835 	3.17832 	0
7.50438 	0.857309 	-0.000415835 	3.17832 	0
7.57451 	0.857309 	-0.000415835 	3.17832 	0
7.64465 	0.857309 	-0.000415835 	3.17832 	0
7.71478 	0.857309 	-0.000415835 	3.17832 	0
7.78492 	0.857309 	-0.000415835 	3.17832 	0
7.85505 	0.857309 	-0.000415835 	3.17832 	0
7.92519 	0.857309 	-0.000415835 	3.17832 	0
7.99532 	0.857309 	-0.000415835 	3.17832 	0
8.06545 	0.857309 	-0.000415835 	3.17832 	0
8.13559 	0.857309 	-0.000415835 	3.17832 	0
8.20572 	0.790174 	0.0104405 	3.19478 	3.97483e-22
8.27586 	0.790174 	0.0104405 	3.19478 	3.97483e-22
8.34599 	0.790174 	0.0104405 	3.19478 	3.97483e-22
8.41613 	0.790174 	0.0104405 	3.19478 	3.97483e-22
8.48626 	0.790174 	0.0104405 	3.19478 	3.97483e-22
8.5564 	0.790174 	0.0104405 	3.19478 	3.97483e-22
8.62653 	0.790174 	0.0104405 	3.19478 	3.97483e-22
8.69666 	0.790174 	0.0104405 	3.19478 	3.97483e-22
8.7668 	0.790174 	0.0104405 	3.19478 	3.97483e-22
8.83693 	0.790174 	0.0104405 	3.19478 	3.97483e-22
8.90707 	0.790174 	0.0104405 	3.19478 	3.97483e-22
8.9772 	0.790174 	0.0104405 	3.19478 	3.97483e-22
9.04734 	0.723226 	0.00653887 	3.22069 	1.84037e-19
9.11747 	0.723226 	0.00653887 	3.22069 	1.84037e-19
9.18761 	0.723226 	0.00653887 	3.22069 	1.84037e-19
9.25774 	0.723226 	0.00653887 	3.22069 	1.84037e-19
9.32787 	0.723226 	0.00653887 	3.22069 	1.84037e-19
9.39801 	0.723226 	0.00653887 	3.22069 	1.84037e-19
9.46814 	0.723226 	0.00653887 	3.22069 	1.84037e-19
9.53828 	0.723226 	0.00653887 	3.22069 	1.84037e-19
9.60841 	0.723226 	0.00653887 	3.22069 	1.84037e-19
9.67855 	0.723226 	0.00653887 	3.22069 	1.84037e-19
9.74868 	0.723226 	0.00653887 	3.22069 	1.84037e-19
9.81881 	0.723226 	0.00653887 	3.22069 	1.84037e-19
9.88895 	0.723226 	0.00653887 	3.22069 	1.84037e-19
9.95908 	0.655472 	0.0240493 	3.2369 	-7.84047e-21
10.0292 	0.655472 	0.0240493 	3.2369 	-7.84047e-21
10.0994 	0.655472 	0.0240493 	3.2369 	-7.84047e-21
10.1695 	0.655472 	0.0240493 	3.2369 	-7.84047e-21
10.2396 	0.655472 	0.0240493 	3.2369 	-7.84047e-21
10.3098 	0.655472 	0.0240493 	3.2369 	-7.84047e-21
10.3799 	0.655472 	0.0240493 	3.2369 	-7.84047e-21
10.45 	0.655472 	0.0240493 	3.2369 	-7.84047e-21
10.5202 	0.655472 	0.0240493 	3.2369 	-7.84047e-21
10.5903 	0.655472 	0.0240493 	3.2369 	-7.84047e-21
10.6604 	0.655472 	0.0240493 	3.2369 	-7.84047e-21
10.7306 	0.655472 	0.0240493 	3.2369 	-7.84047e-21
10.8007 	0.585616 	0.0333414 	3.26339 	-1.73835e-19
10.8708 	0.585616 	0.0333414 	3.26339 	-1.73835e-19
10.941 	0.585616 	0.0333414 	3.26339 	-1.73835e-19
11.0111 	0.585616 	0.0333414 	3.26339 	-1.73835e-19
11.0812 	0.585616 	0.0333414 	3.26339 	-1.73835e-19
11.1514 	0.585616 	0.0333414 	3.26339 	-1.73835e-19
11.2215 	0.585616 	0.0333414 	3.26339 	-1.73835e-19
11.2916 	0.585616 	0.0333414 	3.26339 	-1.73835e-19
11.3618 	0.585616 	0.0333414 	3.26339 	-1.73835e-19
11.4319 	0.585616 	0.0333414 	3.26339 	-1.73835e-19
11.502 	0.585616 	0.0333414 	3.26339 	-1.73835e-19
11.5722 	0.585616 	0.0333414 	3.26339 	-1.73835e-19
11.6423 	0.585616 	0.0333414 	3.26339 	-1.73835e-19
11.7124 	0.505765 	0.071841 	3.28352 	-2.35008e-19
11.7826 	0.505765 	0.071841 	3.28352 	-2.35008e-19
11.8527 	0.505765 	0.071841 	3.28352 	-2.35008e-19
11.9228 	0.505765 	0.071841 	3.28352 	-2.35008e-19
11.993 	0.505765 	0.071841 	3.28352 	-2.35008e-19
12.0631 	0.505765 	0.071841 	3.28352 	-2.35008e-19
12.1332 	0.505765 	0.071841 	3.28352 	-2.35008e-19
12.2034 	0.505765 	0.071841 	3.28352 	-2.35008e-19
12.2735 	0.505765 	0.071841 	3.28352 	-2.35008e-19
12.3437 	0.505765 	0.071841 	3.28352 	-2.35008e-19
12.4138 	0.505765 	0.071841 	3.28352 	-2.35008e-19
12.4839 	0.505765 	0.071841 	3.28352 	-2.35008e-19
12.5541 	0.505765 	0.071841 	3.28352 	-2.35008e-19
12.6242 	0.408567 	0.103643 	3.31565 	4.21962e-19
12.6943 	0.408567 	0.103643 	3.31565 	4.21962e-19
12.7645 	0.408567 	0.103643 	3.31565 	4.21962e-19
12.8346 	0.408567 	0.103643 	3.31565 	4.21962e-19
12.9047 	0.408567 	0.103643 	3.31565 	4.21962e-19
12.9749 	0.408567 	0.103643 	3.31565 	4.21962e-19
13.045 	0.408567 	0.103643 	3.31565 	4.21962e-19
13.1151 	0.408567 	0.103643 	3.31565 	4.21962e-19
13.1853 	0.408567 	0.103643 	3.31565 	4.21962e-19
13.2554 	0.408567 	0.103643 	3.31565 	4.21962e-19
13.3255 	0.408567 	0.103643 	3.31565 	4.21962e-19
13.3957 	0.408567 	0.103643 	3.31565 	4.21962e-19
13.4658 	0.408567 	0.103643 	3.31565 	4.21962e-19
13.5359 	0.273385 	0.193872 	3.35713 	-1.84691e-19
13.6061 	0.273385 	0.193872 	3.35713 	-1.84691e-19
13.6762 	0.273385 	0.193872 	3.35713 	-1.84691e-19
13.7463 	0.273385 	0.193872 	3.35713 	-1.84691e-19
13.8165 	0.273385 	0.193872 	3.35713 	-1.84691e-19
13.8866 	0.273385 	0.193872 	3.35713 	-1.84691e-19
13.9567 	0.273385 	0.193872 	3.35713 	-1.84691e-19
14.0269 	0.273385 	0.193872 	3.35713 	-1.84691e-19
14.097 	0.273385 	0.193872 	3.35713 	-1.84691e-19
14.1671 	0.273385 	0.193872 	3.35713 	-1.84691e-19
14.2373 	0.273385 	0.193872 	3.35713 	-1.84691e-19
14.3074 	0.273385 	0.193872 	3.35713 	-1.84691e-19
14.3776 	0.141163 	0.222622 	3.38774 	0
14.4477 	-0.0963416 	0.219162 	3.4547 	-8.36539e-20
14.5178 	-0.0963416 	0.219162 	3.4547 	-8.36539e-20
14.588 	-0.0963416 	0.219162 	3.4547 	-8.36539e-20
14.6581 	-0.0963416 	0.219162 	3.4547 	-8.36539e-20
14.7282 	-0.0963416 	0.219162 	3.4547 	-8.36539e-20
14.7984 	-0.0963416 	0.219162 	3.4547 	-8.36539e-20
14.8685 	-0.0743854 	0.247635 	3.44589 	1.65373e-19
14.9386 	-0.0743854 	0.247635 	3.44589 	1.65373e-19
15.0088 	-0.0743854 	0.247635 	3.44589 	1.65373e-19
15.0789 	-0.0743854 	0.247635 	3.44589 	1.65373e-19
15.149 	-0.0743854 	0.247635 	3.44589 	1.65373e-19
15.2192 	-0.351154 	0.321828 	3.52516 	-5.68881e-19
15.2893 	-0.351154 	0.321828 	3.52516 	-5.68881e-19
15.3594 	-0.351154 	0.321828 	3.52516 	-5.68881e-19
15.4296 	-0.214465 	0.405885 	3.48175 	2.47877e-19
15.4997 	-0.214465 	0.405885 	3.48175 	2.47877e-19
15.5698 	-0.214465 	0.405885 	3.48175 	2.47877e-19
15.64 	-0.214465 	0.405885 	3.48175 	2.47877e-19
15.7101 	-0.214465 	0.405885 	3.48175 	2.47877e-19
15.7802 	-0.214465 	0.405885 	3.48175 	2.47877e-19
15.8504 	-0.214465 	0.405885 	3.48175 	2.47877e-19
15.9205 	-0.525603 	0.40756 	3.57799 	1.17668e-19
15.9906 	-0.525603 	0.40756 	3.57799 	1.17668e-19
16.0608 	-0.525603 	0.40756 	3.57799 	1.17668e-19
16.1309 	-0.284755 	0.507216 	3.48563 	-1.04708e-19
16.201 	-0.284755 	0.507216 	3.48563 	-1.04708e-19
16.2712 	-0.284755 	0.507216 	3.48563 	-1.04708e-19
16.3413 	-0.284755 	0.507216 	3.48563 	-1.04708e-19
16.4114 	-0.284755 	0.507216 	3.48563 	-1.04708e-19
16.4816 	-0.284755 	0.507216 	3.48563 	-1.04708e-19
16.5517 	-0.284755 	0.507216 	3.48563 	-1.04708e-19
16.6219 	-0.523369 	0.619999 	3.57532 	0
16.692 	-0.523369 	0.619999 	3.57532 	0
16.7621 	-0.523369 	0.619999 	3.57532 	0
16.8323 	-0.523369 	0.619999 	3.57532 	0
16.9024 	-0.523369 	0.619999 	3.57532 	0
16.9725 	-0.238252 	0.62472 	3.44877 	-6.99951e-20
17.0427 	-0.238252 	0.62472 	3.44877 	-6.99951e-20
17.1128 	-0.238252 	0.62472 	3.44877 	-6.99951e-20
17.1829 	-0.238252 	0.62472 	3.44877 	-6.99951e-20
17.2531 	-0.437113 	0.731975 	3.53535 	-4.52319e-19
17.3232 	-0.437113 	0.731975 	3.53535 	-4.52319e-19
17.3933 	-0.437113 	0.731975 	3.53535 	-4.52319e-19
17.4635 	-0.437113 	0.731975 	3.53535 	-4.52319e-19
17.5336 	-0.437113 	0.731975 	3.53535 	-4.52319e-19
17.6037 	-0.437113 	0.731975 	3.53535 	-4.52319e-19
17.6739 	-0.437113 	0.731975 	3.53535 	-4.52319e-19
17.744 	-0.437113 	0.731975 	3.53535 	-4.52319e-19
17.8141 	-0.437113 	0.731975 	3.53535 	-4.52319e-19
17.8843 	-0.437113 	0.731975 	3.53535 	-4.52319e-19
17.9544 	-0.315014 	0.764408 	3.40225 	0
18.0245 	-0.315014 	0.764408 	3.40225 	0
18.0947 	-0.315014 	0.764408 	3.40225 	0
18.1648 	-0.315014 	0.764408 	3.40225 	0
18.2349 	-0.315014 	0.764408 	3.40225 	0
18.3051 	-0.315014 	0.764408 	3.40225 	0
18.3752 	-0.315014 	0.764408 	3.40225 	0
18.4453 	-0.315014 	0.764408 	3.40225 	0
18.5155 	-0.315014 	0.764408 	3.40225 	0
18.5856 	-0.441016 	0.87585 	3.46712 	0
18.6557 	-0.441016 	0.87585 	3.46712 	0
18.7259 	-0.441016 	0.87585 	3.46712 	0
18.796 	-0.441016 	0.87585 	3.46712 	0
18.8662 	-0.441016 	0.87585 	3.46712 	0
18.9363 	-0.441016 	0.87585 	3.46712 	0
19.0064 	-0.441016 	0.87585 	3.46712 	0
19.0766 	-0.441016 	0.87585 	3.46712 	0
19.1467 	-0.441016 	0.87585 	3.46712 	0
19.2168 	-0.517733 	0.959595 	3.47105 	2.74045e-19
19.287 	-0.199347 	0.858798 	3.09041 	1.28334e-19
19.3571 	-0.199347 	0.858798 	3.09041 	1.28334e-19
19.4272 	-0.199347 	0.858798 	3.09041 	1.28334e-19
19.4974 	-0.199347 	0.858798 	3.09041 	1.28334e-19
19.5675 	-0.199347 	0.858798 	3.09041 	1.28334e-19
19.6376 	-0.199347 	0.858798 	3.09041 	1.28334e-19
19.7078 	-0.199347 	0.858798 	3.09041 	1.28334e-19
19.7779 	-0.199347 	0.858798 	3.09041 	1.28334e-19
19.848 	-0.199347 	0.858798 	3.09041 	1.28334e-19
19.9182 	-0.247222 	0.947886 	3.19898 	2.3114e-19
19.9883 	-0.247222 	0.947886 	3.19898 	2.3114e-19
20.0584 	-0.247222 	0.947886 	3.19898 	2.3114e-19
20.1286 	-0.247222 	0.947886 	3.19898 	2.3114e-19
20.1987 	-0.247222 	0.947886 	3.19898 	2.3114e-19
20.2688 	-0.247222 	0.947886 	3.19898 	2.3114e-19
20.339 	-0.247222 	0.947886 	3.19898 	2.3114e-19
20.4091 	-0.247222 	0.947886 	3.19898 	2.3114e-19
20.4792 	-0.247222 	0.947886 	3.19898 	2.3114e-19
20.5494 	-0.247222 	0.947886 	3.19898 	2.3114e-19
20.6195 	-0.305035 	1.02702 	3.25056 	1.76324e-19
20.6896 	-0.305035 	1.02702 	3.25056 	1.76324e-19
20.7598 	-0.305035 	1.02702 	3.25056 	1.76324e-19
20.8299 	-0.305035 	1.02702 	3.25056 	1.76324e-19
20.9 	-0.131812 	0.819776 	2.38791 	1.13974e-19
20.9702 	-0.131812 	0.819776 	2.38791 	1.13974e-19
21.0403 	-0.131812 	0.819776 	2.38791 	1.13974e-19
21.1105 	-0.131812 	0.819776 	2.38791 	1.13974e-19
21.1806 	-0.131812 	0.819776 	2.38791 	1.13974e-19
21.2507 	-0.131812 	0.819776 	2.38791 	1.13974e-19
21.3209 	-0.155659 	0.886861 	2.54522 	0
21.391 	-0.155659 	0.886861 	2.54522 	0
21.4611 	-0.155659 	0.886861 	2.54522 	0
21.5313 	-0.155659 	0.886861 	2.54522 	0
21.6014 	-0.155659 	0.886861 	2.54522 	0
21.6715 	-0.155659 	0.886861 	2.54522 	0
21.7417 	-0.155659 	0.886861 	2.54522 	0
21.8118 	-0.155659 	0.886861 	2.54522 	0
21.8819 	-0.155659 	0.886861 	2.54522 	0
21.9521 	-0.155659 	0.886861 	2.54522 	0
22.0222 	-0.155659 	0.886861 	2.54522 	0
22.0923 	-0.166928 	0.968271 	2.63194 	9.63883e-20
22.1625 	-0.166928 	0.968271 	2.63194 	9.63883e-20
22.2326 	-0.166928 	0.968271 	2.63194 	9.63883e-20
22.3027 	-0.166928 	0.968271 	2.63194 	9.63883e-20
22.3729 	-0.166928 	0.968271 	2.63194 	9.63883e-20
22.443 	-0.166928 	0.968271 	2.63194 	9.63883e-20
22.5131 	-0.166928 	0.968271 	2.63194 	9.63883e-20
22.5833 	-0.166928 	0.968271 	2.63194 	9.63883e-20
22.6534 	-0.166928 	0.968271 	2.63194 	9.63883e-20
22.7235 	-0.166928 	0.968271 	2.63194 	9.63883e-20
22.7937 	-0.166928 	0.968271 	2.63194 	9.63883e-20
22.8638 	-0.197033 	1.0805 	2.69264 	-3.47219e-19
22.9339 	-0.197033 	1.0805 	2.69264 	-3.47219e-19
23.0041 	-0.197033 	1.0805 	2.69264 	-3.47219e-19
23.0742 	-0.0638598 	0.808549 	1.77329 	1.00612e-20
23.1443 	-0.0638598 	0.808549 	1.77329 	1.00612e-20
23.2145 	-0.0638598 	0.808549 	1.77329 	1.00612e-20
23.2846 	-0.0638598 	0.808549 	1.77329 	1.00612e-20
23.3548 	-0.0638598 	0.808549 	1.77329 	1.00612e-20
23.4249 	-0.0638598 	0.808549 	1.77329 	1.00612e-20
23.495 	-0.0638598 	0.808549 	1.77329 	1.00612e-20
23.5652 	-0.0638598 	0.808549 	1.77329 	1.00612e-20
23.6353 	-0.0638598 	0.808549 	1.77329 	1.00612e-20
23.7054 	-0.118322 	0.917595 	1.85836 	2.76562e-20
23.7756 	-0.118322 	0.917595 	1.85836 	2.76562e-20
23.8457 	-0.118322 	0.917595 	1.85836 	2.76562e-20
23.9158 	-0.118322 	0.917595 	1.85836 	2.76562e-20
23.986 	-0.118322 	0.917595 	1.85836 	2.76562e-20
24.0561 	-0.118322 	0.917595 	1.85836 	2.76562e-20
24.1262 	-0.118322 	0.917595 	1.85836 	2.76562e-20
24.1964 	-0.118322 	0.917595 	1.85836 	2.76562e-20
24.2665 	-0.118322 	0.917595 	1.85836 	2.76562e-20
24.3366 	-0.118322 	0.917595 	1.85836 	2.76562e-20
24.4068 	-0.118322 	0.917595 	1.85836 	2.76562e-20
24.4769 	-0.118322 	0.917595 	1.85836 	2.76562e-20
24.547 	-0.118322 	0.917595 	1.85836 	2.76562e-20
24.6172 	-0.226332 	1.08067 	1.94272 	-3.29422e-19
24.6873 	-0.226332 	1.08067 	1.94272 	-3.29422e-19
24.7574 	-0.226332 	1.08067 	1.94272 	-3.29422e-19
24.8276 	-0.226332 	1.08067 	1.94272 	-3.29422e-19
24.8977 	-0.226332 	1.08067 	1.94272 	-3.29422e-19
24.9678 	-0.226332 	1.08067 	1.94272 	-3.29422e-19
25.038 	-0.226332 	1.08067 	1.94272 	-3.29422e-19
25.1081 	-0.226332 	1.08067 	1.94272 	-3.29422e-19
25.1782 	-0.226332 	1.08067 	1.94272 	-3.29422e-19
25.2484 	-0.226332 	1.08067 	1.94272 	-3.29422e-19
25.3185 	-0.226332 	1.08067 	1.94272 	-3.29422e-19
25.3886 	-0.226332 	1.08067 	1.94272 	-3.29422e-19
25.4588 	-0.414975 	1.29703 	2.00051 	4.69465e-19
25.5289 	-0.414975 	1.29703 	2.00051 	4.69465e-19
25.5991 	-0.414975 	1.29703 	2.00051 	4.69465e-19
25.6692 	-0.414975 	1.29703 	2.00051 	4.69465e-19
25.7393 	-0.414975 	1.29703 	2.00051 	4.69465e-19
25.8095 	-0.414975 	1.29703 	2.00051 	4.69465e-19
25.8796 	-0.414975 	1.29703 	2.00051 	4.69465e-19
25.9497 	-0.414975 	1.29703 	2.00051 	4.69465e-19
26.0199 	-0.414975 	1.29703 	2.00051 	4.69465e-19
26.09 	-0.447108 	1.14035 	1.40022 	8.27063e-20
26.1601 	-0.447108 	1.14035 	1.40022 	8.27063e-20
26.2303 	-0.447108 	1.14035 	1.40022 	8.27063e-20
26.3004 	-0.447108 	1.14035 	1.40022 	8.27063e-20
26.3705 	-0.447108 	1.14035 	1.40022 	8.27063e-20
26.4407 	-0.688081 	1.13979 	1.40391 	-1.53313e-19
26.5108 	-0.688081 	1.13979 	1.40391 	-1.53313e-19
26.5809 	-0.688081 	1.13979 	1.40391 	-1.53313e-19
26.6511 	-0.688081 	1.13979 	1.40391 	-1.53313e-19
26.7212 	-0.688081 	1.13979 	1.40391 	-1.53313e-19
26.7913 	-0.688081 	1.13979 	1.40391 	-1.53313e-19
26.8615 	-0.688081 	1.13979 	1.40391 	-1.53313e-19
26.9316 	-0.688081 	1.13979 	1.40391 	-1.53313e-19
27.0017 	-0.688081 	1.13979 	1.40391 	-1.53313e-19
27.0719 	-0.688081 	1.13979 	1.40391 	-1.53313e-19
27.142 	-0.688081 	1.13979 	1.40391 	-1.53313e-19
27.2121 	-0.688081 	1.13979 	1.40391 	-1.53313e-19
27.2823 	-0.688081 	1.13979 	1.40391 	-1.53313e-19
27.3524 	-0.972105 	1.04233 	1.4209 	0
27.4225 	-0.972105 	1.04233 	1.4209 	0
27.4927 	-0.972105 	1.04233 	1.4209 	0
27.5628 	-0.972105 	1.04233 	1.4209 	0
27.6329 	-0.972105 	1.04233 	1.4209 	0
27.7031 	-0.972105 	1.04233 	1.4209 	0
27.7732 	-0.972105 	1.04233 	1.4209 	0
27.8434 	-0.972105 	1.04233 	1.4209 	0
27.9135 	-0.972105 	1.04233 	1.4209 	0
27.9836 	-0.972105 	1.04233 	1.4209 	0
28.0538 	-0.972105 	1.04233 	1.4209 	0
28.1239 	-0.972105 	1.04233 	1.4209 	0
28.194 	-0.972105 	1.04233 	1.4209 	0
28.2642 	-0.972105 	1.04233 	1.4209 	0
28.3343 	-0.972105 	1.04233 	1.4209 	0
28.4044 	-1.23262 	0.717706 	1.48093 	0
28.4746 	-1.23262 	0.717706 	1.48093 	0
28.5447 	-1.23262 	0.717706 	1.48093 	0
28.6148 	-1.23262 	0.717706 	1.48093 	0
28.685 	-1.23262 	0.717706 	1.48093 	0
28.7551 	-1.23262 	0.717706 	1.48093 	0
28.8252 	-1.23262 	0.717706 	1.48093 	0
28.8954 	-1.23262 	0.717706 	1.48093 	0
28.9655 	-1.23262 	0.717706 	1.48093 	0
29.0356 	-1.23262 	0.717706 	1.48093 	0
29.1058 	-1.23262 	0.717706 	1.48093 	0
29.1759 	-1.23262 	0.717706 	1.48093 	0
29.246 	-1.23262 	0.717706 	1.48093 	0
29.3162 	-1.23262 	0.717706 	1.48093 	0
29.3863 	-1.23262 	0.717706 	1.48093 	0
29.4564 	-1.32352 	0.280461 	1.56115 	-5.11804e-19
29.5266 	-1.32352 	0.280461 	1.56115 	-5.11804e-19
29.5967 	-1.32352 	0.280461 	1.56115 	-5.11804e-19
29.6668 	-1.32352 	0.280461 	1.56115 	-5.11804e-19
29.737 	-1.32352 	0.280461 	1.56115 	-5.11804e-19
29.8071 	-1.32352 	0.280461 	1.56115 	-5.11804e-19
29.8773 	-1.32352 	0.280461 	1.56115 	-5.11804e-19
29.9474 	-1.32352 	0.280461 	1.56115 	-5.11804e-19
30.0175 	-1.32352 	0.280461 	1.56115 	-5.11804e-19
30.0877 	-1.32352 	0.280461 	1.56115 	-5.11804e-19
30.1578 	-1.32352 	0.280461 	1.56115 	-5.11804e-19
30.2279 	-1.32352 	0.280461 	1.56115 	-5.11804e-19
30.2981 	-1.32352 	0.280461 	1.56115 	-5.11804e-19
30.3682 	-1.32352 	0.280461 	1.56115 	-5.11804e-19
30.4383 	-1.32352 	0.280461 	1.56115 	-5.11804e-19
30.5085 	-1.32352 	0.280461 	1.56115 	-5.11804e-19
30.5786 	-1.08456 	-0.118429 	1.68131 	1.20098e-19
30.6487 	-1.08456 	-0.118429 	1.68131 	1.20098e-19
30.7189 	-1.08456 	-0.118429 	1.68131 	1.20098e-19
30.789 	-1.08456 	-0.118429 	1.68131 	1.20098e-19
30.8591 	-1.08456 	-0.118429 	1.68131 	1.20098e-19
30.9293 	-1.08456 	-0.118429 	1.68131 	1.20098e-19
30.9994 	-1.08456 	-0.118429 	1.68131 	1.20098e-19
31.0695 	-1.08456 	-0.118429 	1.68131 	1.20098e-19
31.1397 	-1.08456 	-0.118429 	1.68131 	1.20098e-19
31.2098 	-1.08456 	-0.118429 	1.68131 	1.20098e-19
31.2799 	-1.08456 	-0.118429 	1.68131 	1.20098e-19
31.3501 	-1.08456 	-0.118429 	1.68131 	1.20098e-19
31.4202 	-1.08456 	-0.118429 	1.68131 	1.20098e-19
31.4903 	-1.08456 	-0.118429 	1.68131 	1.20098e-19
31.5605 	-0.724154 	-0.0441447 	1.21672 	-4.55618e-19
31.6306 	-0.724154 	-0.0441447 	1.21672 	-4.55618e-19
31.7007 	-0.522375 	-0.239941 	1.36387 	2.82463e-19
31.7709 	-0.522375 	-0.239941 	1.36387 	2.82463e-19
31.841 	-0.522375 	-0.239941 	1.36387 	2.82463e-19
31.9111 	-0.522375 	-0.239941 	1.36387 	2.82463e-19
31.9813 	-0.522375 	-0.239941 	1.36387 	2.82463e-19
32.0514 	-0.522375 	-0.239941 	1.36387 	2.82463e-19
32.1216 	-0.522375 	-0.239941 	1.36387 	2.82463e-19
32.1917 	-0.522375 	-0.239941 	1.36387 	2.82463e-19
32.2618 	-0.522375 	-0.239941 	1.36387 	2.82463e-19
32.332 	-0.522375 	-0.239941 	1.36387 	2.82463e-19
32.4021 	-0.522375 	-0.239941 	1.36387 	2.82463e-19
32.4722 	-0.522375 	-0.239941 	1.36387 	2.82463e-19
32.5424 	-0.522375 	-0.239941 	1.36387 	2.82463e-19
32.6125 	-0.522375 	-0.239941 	1.36387 	2.82463e-19
32.6826 	-0.522375 	-0.239941 	1.36387 	2.82463e-19
32.7528 	-0.522375 	-0.239941 	1.36387 	2.82463e-19
32.8229 	-0.522375 	-0.239941 	1.36387 	2.82463e-19
32.893 	-0.522375 	-0.239941 	1.36387 	2.82463e-19
32.9632 	-0.301535 	-0.307748 	1.50334 	5.10395e-20
33.0333 	-0.301535 	-0.307748 	1.50334 	5.10395e-20
33.1034 	-0.301535 	-0.307748 	1.50334 	5.10395e-20
33.1736 	-0.301535 	-0.307748 	1.50334 	5.10395e-20
33.2437 	-0.301535 	-0.307748 	1.50334 	5.10395e-20
33.3138 	-0.301535 	-0.307748 	1.50334 	5.10395e-20
33.384 	-0.301535 	-0.307748 	1.50334 	5.10395e-20
33.4541 	-0.301535 	-0.307748 	1.50334 	5.10395e-20
33.5242 	-0.301535 	-0.307748 	1.50334 	5.10395e-20
33.5944 	-0.301535 	-0.307748 	1.50334 	5.10395e-20
33.6645 	-0.301535 	-0.307748 	1.50334 	5.10395e-20
33.7346 	-0.301535 	-0.307748 	1.50334 	5.10395e-20
33.8048 	-0.301535 	-0.307748 	1.50334 	5.10395e-20
33.8749 	-0.301535 	-0.307748 	1.50334 	5.10395e-20
33.945 	-0.301535 	-0.307748 	1.50334 	5.10395e-20
34.0152 	-0.301535 	-0.307748 	1.50334 	5.10395e-20
34.0853 	-0.301535 	-0.307748 	1.50334 	5.10395e-20
34.1554 	-0.301535 	-0.307748 	1.50334 	5.10395e-20
34.2256 	-0.126434 	-0.276136 	1.626 	-5.362e-21
34.2957 	-0.126434 	-0.276136 	1.626 	-5.362e-21
34.3659 	-0.126434 	-0.276136 	1.626 	-5.362e-21
34.436 	-0.126434 	-0.276136 	1.626 	-5.362e-21
34.5061 	-0.126434 	-0.276136 	1.626 	-5.362e-21
34.5763 	-0.126434 	-0.276136 	1.626 	-5.362e-21
34.6464 	-0.126434 	-0.276136 	1.626 	-5.362e-21
34.7165 	-0.126434 	-0.276136 	1.626 	-5.362e-21
34.7867 	-0.126434 	-0.276136 	1.626 	-5.362e-21
34.8568 	-0.126434 	-0.276136 	1.626 	-5.362e-21
34.9269 	-0.126434 	-0.276136 	1.626 	-5.362e-21
34.9971 	-0.126434 	-0.276136 	1.626 	-5.362e-21
35.0672 	-0.126434 	-0.276136 	1.626 	-5.362e-21
35.1373 	-0.126434 	-0.276136 	1.626 	-5.362e-21
35.2075 	-0.126434 	-0.276136 	1.626 	-5.362e-21
35.2776 	-0.126434 	-0.276136 	1.626 	-5.362e-21
35.3477 	-0.126434 	-0.276136 	1.626 	-5.362e-21
35.4179 	-0.126434 	-0.276136 	1.626 	-5.362e-21
35.488 	-0.126434 	-0.276136 	1.626 	-5.362e-21
35.5581 	-0.126434 	-0.276136 	1.626 	-5.362e-21
35.6283 	-0.0173064 	-0.209019 	1.71403 	-1.64267e-21
35.6984 	-0.0173064 	-0.209019 	1.71403 	-1.64267e-21
35.7685 	-0.0173064 	-0.209019 	1.71403 	-1.64267e-21
35.8387 	-0.0173064 	-0.209019 	1.71403 	-1.64267e-21
35.9088 	-0.0173064 	-0.209019 	1.71403 	-1.64267e-21
35.9789 	-0.0173064 	-0.209019 	1.71403 	-1.64267e-21
36.0491 	-0.0173064 	-0.209019 	1.71403 	-1.64267e-21
36.1192 	-0.0173064 	-0.209019 	1.71403 	-1.64267e-21
36.1893 	-0.0173064 	-0.209019 	1.71403 	-1.64267e-21
36.2595 	-0.0173064 	-0.209019 	1.71403 	-1.64267e-21
36.3296 	-0.0173064 	-0.209019 	1.71403 	-1.64267e-21
36.3997 	-0.0173064 	-0.209019 	1.71403 	-1.64267e-21
36.4699 	-0.0173064 	-0.209019 	1.71403 	-1.64267e-21
36.54 	-0.0173064 	-0.209019 	1.71403 	-1.64267e-21
36.6102 	-0.0173064 	-0.209019 	1.71403 	-1.64267e-21
36.6803 	-0.0173064 	-0.209019 	1.71403 	-1.64267e-21
36.7504 	-0.0173064 	-0.209019 	1.71403 	-1.64267e-21
36.8206 	-0.0173064 	-0.209019 	1.71403 	-1.64267e-21
36.8907 	-0.0173064 	-0.209019 	1.71403 	-1.64267e-21
36.9608 	-0.0173064 	-0.209019 	1.71403 	-1.64267e-21
37.031 	-0.0173064 	-0.209019 	1.71403 	-1.64267e-21
37.1011 	0.0222117 	-0.152669 	1.76368 	0
37.1712 	0.0222117 	-0.152669 	1.76368 	0
37.2414 	0.0222117 	-0.152669 	1.76368 	0
37.3115 	0.0222117 	-0.152669 	1.76368 	0
37.3816 	0.0222117 	-0.152669 	1.76368 	0
37.4518 	0.0222117 	-0.152669 	1.76368 	0
37.5219 	0.0222117 	-0.152669 	1.76368 	0
37.592 	0.0222117 	-0.152669 	1.76368 	0
37.6622 	0.0222117 	-0.152669 	1.76368 	0
37.7323 	0.0222117 	-0.152669 	1.76368 	0
37.8024 	0.0222117 	-0.152669 	1.76368 	0
37.8726 	0.0222117 	-0.152669 	1.76368 	0
37.9427 	0.0222117 	-0.152669 	1.76368 	0
38.0128 	0.0222117 	-0.152669 	1.76368 	0
38.083 	0.0222117 	-0.152669 	1.76368 	0
38.1531 	0.0222117 	-0.152669 	1.76368 	0
38.2232 	0.0222117 	-0.152669 	1.76368 	0
38.2934 	0.0411915 	-0.113772 	1.79208 	0
38.3635 	0.0411915 	-0.113772 	1.79208 	0
38.4336 	0.0411915 	-0.113772 	1.79208 	0
38.5038 	0.0411915 	-0.113772 	1.79208 	0
38.5739 	0.0411915 	-0.113772 	1.79208 	0
38.644 	0.0411915 	-0.113772 	1.79208 	0
38.7142 	0.0411915 	-0.113772 	1.79208 	0
38.7843 	0.0411915 	-0.113772 	1.79208 	0
38.8545 	0.0411915 	-0.113772 	1.79208 	0
38.9246 	0.0411915 	-0.113772 	1.79208 	0
38.9947 	0.0411915 	-0.113772 	1.79208 	0
39.0649 	0.0411915 	-0.113772 	1.79208 	0
39.135 	0.0411915 	-0.113772 	1.79208 	0
39.2051 	0.0411915 	-0.113772 	1.79208 	0
39.2753 	0.0411915 	-0.113772 	1.79208 	0
39.3454 	0.0411915 	-0.113772 	1.79208 	0
39.4155 	0.0411915 	-0.113772 	1.79208 	0
39.4857 	0.0411915 	-0.113772 	1.79208 	0
39.5558 	0.0523818 	-0.0875071 	1.8092 	0
39.6259 	0.0523818 	-0.0875071 	1.8092 	0
39.6961 	0.0523818 	-0.0875071 	1.8092 	0
39.7662 	0.0523818 	-0.0875071 	1.8092 	0
39.8363 	0.0523818 	-0.0875071 	1.8092 	0
39.9065 	0.0523818 	-0.0875071 	1.8092 	0
39.9766 	0.0523818 	-0.0875071 	1.8092 	0
40.0467 	0.0523818 	-0.0875071 	1.8092 	0
40.1169 	0.0523818 	-0.0875071 	1.8092 	0
40.187 	0.0523818 	-0.0875071 	1.8092 	0
40.2571 	0.0523818 	-0.0875071 	1.8092 	0
40.3273 	0.0523818 	-0.0875071 	1.8092 	0
40.3974 	0.0523818 	-0.0875071 	1.8092 	0
40.4675 	0.0523818 	-0.0875071 	1.8092 	0
40.5377 	0.0523818 	-0.0875071 	1.8092 	0
40.6078 	0.0523818 	-0.0875071 	1.8092 	0
40.6779 	0.0523818 	-0.0875071 	1.8092 	0
40.7481 	0.0602113 	-0.0698719 	1.8192 	0
40.8182 	0.0602113 	-0.0698719 	1.8192 	0
40.8883 	0.0602113 	-0.0698719 	1.8192 	0
40.9585 	0.0602113 	-0.0698719 	1.8192 	0
41.0286 	0.0602113 	-0.0698719 	1.8192 	0
41.0988 	0.0602113 	-0.0698719 	1.8192 	0
41.1689 	0.0602113 	-0.0698719 	1.8192 	0
41.239 	0.0602113 	-0.0698719 	1.8192 	0
41.3092 	0.0602113 	-0.0698719 	1.8192 	0
41.3793 	0.0602113 	-0.0698719 	1.8192 	0
41.4494 	0.0602113 	-0.0698719 	1.8192 	0
41.5196 	0.0602113 	-0.0698719 	1.8192 	0
41.5897 	0.0602113 	-0.0698719 	1.8192 	0
41.6598 	0.0602113 	-0.0698719 	1.8192 	0
41.73 	0.0602113 	-0.0698719 	1.8192 	0
41.8001 	0.0602113 	-0.0698719 	1.8192 	0
41.8702 	0.0602113 	-0.0698719 	1.8192 	0
41.9404 	0.0602113 	-0.0698719 	1.8192 	0
42.0105 	0.0668086 	-0.0566485 	1.82419 	0
42.0806 	0.0668086 	-0.0566485 	1.82419 	0
42.1508 	0.0668086 	-0.0566485 	1.82419 	0
42.2209 	0.0668086 	-0.0566485 	1.82419 	0
42.291 	0.0668086 	-0.0566485 	1.82419 	0
42.3612 	0.0668086 	-0.0566485 	1.82419 	0
42.4313 	0.0668086 	-0.0566485 	1.82419 	0
42.5014 	0.0668086 	-0.0566485 	1.82419 	0
42.5716 	0.0668086 	-0.0566485 	1.82419 	0
42.6417 	0.0668086 	-0.0566485 	1.82419 	0
42.7118 	0.0668086 	-0.0566485 	1.82419 	0
42.782 	0.0668086 	-0.0566485 	1.82419 	0
42.8521 	0.0668086 	-0.0566485 	1.82419 	0
42.9222 	0.0668086 	-0.0566485 	1.82419 	0
42.9924 	0.0668086 	-0.0566485 	1.82419 	0
43.0625 	0.0668086 	-0.0566485 	1.82419 	0
43.1327 	0.0668086 	-0.0566485 	1.82419 	0
43.2028 	0.072656 	-0.0464766 	1.82655 	0
43.2729 	0.072656 	-0.0464766 	1.82655 	0
43.3431 	0.072656 	-0.0464766 	1.82655 	0
43.4132 	0.072656 	-0.0464766 	1.82655 	0
43.4833 	0.072656 	-0.0464766 	1.82655 	0
43.5535 	0.072656 	-0.0464766 	1.82655 	0
43.6236 	0.072656 	-0.0464766 	1.82655 	0
43.6937 	0.072656 	-0.0464766 	1.82655 	0
43.7639 	0.072656 	-0.0464766 	1.82655 	0
43.834 	0.072656 	-0.0464766 	1.82655 	0
43.9041 	0.072656 	-0.0464766 	1.82655 	0
43.9743 	0.072656 	-0.0464766 	1.82655 	0
44.0444 	0.072656 	-0.0464766 	1.82655 	0
44.1145 	0.072656 	-0.0464766 	1.82655 	0
44.1847 	0.072656 	-0.0464766 	1.82655 	0
44.2548 	0.072656 	-0.0464766 	1.82655 	0
44.3249 	0.072656 	-0.0464766 	1.82655 	0
44.3951 	0.072656 	-0.0464766 	1.82655 	0
44.4652 	0.0771899 	-0.0378658 	1.82671 	0
44.5353 	0.0771899 	-0.0378658 	1.82671 	0
44.6055 	0.0771899 	-0.0378658 	1.82671 	0
44.6756 	0.0771899 	-0.0378658 	1.82671 	0
44.7457 	0.0771899 	-0.0378658 	1.82671 	0
44.8159 	0.0771899 	-0.0378658 	1.82671 	0
44.886 	0.0771899 	-0.0378658 	1.82671 	0
44.9561 	0.0771899 	-0.0378658 	1.82671 	0
45.0263 	0.0771899 	-0.0378658 	1.82671 	0
45.0964 	0.0771899 	-0.0378658 	1.82671 	0
45.1665 	0.0771899 	-0.0378658 	1.82671 	0
45.2367 	0.0771899 	-0.0378658 	1.82671 	0
45.3068 	0.0771899 	-0.0378658 	1.82671 	0
45.377 	0.0771899 	-0.0378658 	1.82671 	0
45.4471 	0.0771899 	-0.0378658 	1.82671 	0
45.5172 	0.0771899 	-0.0378658 	1.82671 	0
45.5874 	0.0771899 	-0.0378658 	1.82671 	0
45.6575 	0.078883 	-0.0305723 	1.82722 	0
45.7276 	0.078883 	-0.0305723 	1.82722 	0
45.7978 	0.078883 	-0.0305723 	1.82722 	0
45.8679 	0.078883 	-0.0305723 	1.82722 	0
45.938 	0.078883 	-0.0305723 	1.82722 	0
46.0082 	0.078883 	-0.0305723 	1.82722 	0
46.0783 	0.078883 	-0.0305723 	1.82722 	0
46.1484 	0.078883 	-0.0305723 	1.82722 	0
46.2186 	0.078883 	-0.0305723 	1.82722 	0
46.2887 	0.078883 	-0.0305723 	1.82722 	0
46.3588 	0.078883 	-0.0305723 	1.82722 	0
46.429 	0.078883 	-0.0305723 	1.82722 	0
46.4991 	0.078883 	-0.0305723 	1.82722 	0
46.5692 	0.078883 	-0.0305723 	1.82722 	0
46.6394 	0.078883 	-0.0305723 	1.82722 	0
46.7095 	0.078883 	-0.0305723 	1.82722 	0
46.7796 	0.105375 	-0.0306297 	1.83578 	0
46.8498 	0.105375 	-0.0306297 	1.83578 	0
46.9199 	0.0981843 	-0.0248954 	1.83496 	0
46.99 	0.0981843 	-0.0248954 	1.83496 	0
47.0602 	0.0981843 	-0.0248954 	1.83496 	0
47.1303 	0.0981843 	-0.0248954 	1.83496 	0
47.2004 	0.0981843 	-0.0248954 	1.83496 	0
47.2706 	0.0981843 	-0.0248954 	1.83496 	0
47.3407 	0.0981843 	-0.0248954 	1.83496 	0
47.4108 	0.0981843 	-0.0248954 	1.83496 	0
47.481 	0.0981843 	-0.0248954 	1.83496 	0
47.5511 	0.0981843 	-0.0248954 	1.83496 	0
47.6213 	0.0981843 	-0.0248954 	1.83496 	0
47.6914 	0.0981843 	-0.0248954 	1.83496 	0
47.7615 	0.0981843 	-0.0248954 	1.83496 	0
47.8317 	0.0981843 	-0.0248954 	1.83496 	0
47.9018 	0.0981843 	-0.0248954 	1.83496 	0
47.9719 	0.0981843 	-0.0248954 	1.83496 	0
48.0421 	0.0981843 	-0.0248954 	1.83496 	0
48.1122 	0.0981843 	-0.0248954 	1.83496 	0
48.1823 	0.0909261 	-0.0206523 	1.83451 	0
48.2525 	0.0909261 	-0.0206523 	1.83451 	0
48.3226 	0.0909261 	-0.0206523 	1.83451 	0
48.3927 	0.0909261 	-0.0206523 	1.83451 	0
48.4629 	0.0909261 	-0.0206523 	1.83451 	0
48.533 	0.0909261 	-0.0206523 	1.83451 	0
48.6031 	0.0909261 	-0.0206523 	1.83451 	0
48.6733 	0.0909261 	-0.0206523 	1.83451 	0
48.7434 	0.0909261 	-0.0206523 	1.83451 	0
48.8135 	0.0909261 	-0.0206523 	1.83451 	0
48.8837 	0.0909261 	-0.0206523 	1.83451 	0
48.9538 	0.0909261 	-0.0206523 	1.83451 	0
49.0239 	0.0909261 	-0.0206523 	1.83451 	0
49.0941 	0.0909261 	-0.0206523 	1.83451 	0
49.1642 	0.0909261 	-0.0206523 	1.83451 	0
49.2343 	0.0909261 	-0.0206523 	1.83451 	0
49.3045 	0.0909261 	-0.0206523 	1.83451 	0
49.3746 	0.0843783 	-0.017299 	1.83372 	0
49.4447 	0.0843783 	-0.017299 	1.83372 	0
49.5149 	0.0843783 	-0.017299 	1.83372 	0
49.585 	0.0843783 	-0.017299 	1.83372 	0
49.6551 	0.0843783 	-0.017299 	1.83372 	0
49.7253 	0.0843783 	-0.017299 	1.83372 	0
49.7954 	0.0843783 	-0.017299 	1.83372 	0
49.8656 	0.0843783 	-0.017299 	1.83372 	0
49.9357 	0.0843783 	-0.017299 	1.83372 	0
50.0058 	0.0843783 	-0.017299 	1.83372 	0
50.076 	0.0843783 	-0.017299 	1.83372 	0
50.1461 	0.0843783 	-0.017299 	1.83372 	0
50.2162 	0.0843783 	-0.017299 	1.83372 	0
50.2864 	0.0843783 	-0.017299 	1.83372 	0
50.3565 	0.0843783 	-0.017299 	1.83372 	0
50.4266 	0.0843783 	-0.017299 	1.83372 	0
50.4968 	0.0843783 	-0.017299 	1.83372 	0
50.5669 	0.0843783 	-0.017299 	1.83372 	0
50.637 	0.0784517 	-0.0143437 	1.83287 	0
50.7072 	0.0784517 	-0.0143437 	1.83287 	0
50.7773 	0.0784517 	-0.0143437 	1.83287 	0
50.8474 	0.0784517 	-0.0143437 	1.83287 	0
50.9176 	0.0784517 	-0.0143437 	1.83287 	0
50.9877 	0.0784517 	-0.0143437 	1.83287 	0
51.0578 	0.0784517 	-0.0143437 	1.83287 	0
51.128 	0.0784517 	-0.0143437 	1.83287 	0
51.1981 	0.0784517 	-0.0143437 	1.83287 	0
51.2682 	0.0784517 	-0.0143437 	1.83287 	0
51.3384 	0.0784517 	-0.0143437 	1.83287 	0
51.4085 	0.0784517 	-0.0143437 	1.83287 	0
51.4786 	0.0784517 	-0.0143437 	1.83287 	0
51.5488 	0.0784517 	-0.0143437 	1.83287 	0
51.6189 	0.0784517 	-0.0143437 	1.83287 	0
51.689 	0.0784517 	-0.0143437 	1.83287 	0
51.7592 	0.0784517 	-0.0143437 	1.83287 	0
51.8293 	0.072724 	-0.0117032 	1.83207 	0
51.8994 	0.072724 	-0.0117032 	1.83207 	0
51.9696 	0.072724 	-0.0117032 	1.83207 	0
52.0397 	0.072724 	-0.0117032 	1.83207 	0
52.1099 	0.072724 	-0.0117032 	1.83207 	0
52.18 	0.072724 	-0.0117032 	1.83207 	0
52.2501 	0.072724 	-0.0117032 	1.83207 	0
52.3203 	0.072724 	-0.0117032 	1.83207 	0
52.3904 	0.072724 	-0.0117032 	1.83207 	0
52.4605 	0.072724 	-0.0117032 	1.83207 	0
52.5307 	0.072724 	-0.0117032 	1.83207 	0
52.6008 	0.072724 	-0.0117032 	1.83207 	0
52.6709 	0.072724 	-0.0117032 	1.83207 	0
52.7411 	0.072724 	-0.0117032 	1.83207 	0
52.8112 	0.072724 	-0.0117032 	1.83207 	0
52.8813 	0.072724 	-0.0117032 	1.83207 	0
52.9515 	0.072724 	-0.0117032 	1.83207 	0
53.0216 	0.072724 	-0.0117032 	1.83207 	0
53.0917 	0.0669675 	-0.00962682 	1.83154 	0
53.1619 	0.0669675 	-0.00962682 	1.83154 	0
53.232 	0.0669675 	-0.00962682 	1.83154 	0
53.3021 	0.0669675 	-0.00962682 	1.83154 	0
53.3723 	0.0669675 	-0.00962682 	1.83154 	0
53.4424 	0.0669675 	-0.00962682 	1.83154 	0
53.5125 	0.0669675 	-0.00962682 	1.83154 	0
53.5827 	0.0669675 	-0.00962682 	1.83154 	0
53.6528 	0.0669675 	-0.00962682 	1.83154 	0
53.7229 	0.0669675 	-0.00962682 	1.83154 	0
53.7931 	0.0669675 	-0.00962682 	1.83154 	0
53.8632 	0.0669675 	-0.00962682 	1.83154 	0
53.9333 	0.0669675 	-0.00962682 	1.83154 	0
54.0035 	0.0669675 	-0.00962682 	1.83154 	0
54.0736 	0.0669675 	-0.00962682 	1.83154 	0
54.1437 	0.0669675 	-0.00962682 	1.83154 	0
54.2139 	0.0669675 	-0.00962682 	1.83154 	0
54.284 	0.0612878 	-0.00786778 	1.83103 	0
54.3542 	0.0612878 	-0.00786778 	1.83103 	0
54.4243 	0.0612878 	-0.00786778 	1.83103 	0
54.4944 	0.0612878 	-0.00786778 	1.83103 	0
54.5646 	0.0612878 	-0.00786778 	1.83103 	0
54.6347 	0.0612878 	-0.00786778 	1.83103 	0
54.7048 	0.0612878 	-0.00786778 	1.83103 	0
54.775 	0.0612878 	-0.00786778 	1.83103 	0
54.8451 	0.0612878 	-0.00786778 	1.83103 	0
54.9152 	0.0612878 	-0.00786778 	1.83103 	0
54.9854 	0.0612878 	-0.00786778 	1.83103 	0
55.0555 	0.0612878 	-0.00786778 	1.83103 	0
55.1256 	0.0612878 	-0.00786778 	1.83103 	0
55.1958 	0.0612878 	-0.00786778 	1.83103 	0
55.2659 	0.0612878 	-0.00786778 	1.83103 	0
55.336 	0.0612878 	-0.00786778 	1.83103 	0
55.4062 	0.0612878 	-0.00786778 	1.83103 	0
55.4763 	0.0612878 	-0.00786778 	1.83103 	0
55.5464 	0.0557632 	-0.0064155 	1.83051 	0
55.6166 	0.0557632 	-0.0064155 	1.83051 	0
55.6867 	0.0557632 	-0.0064155 	1.83051 	0
55.7568 	0.0557632 	-0.0064155 	1.83051 	0
55.827 	0.0557632 	-0.0064155 	1.83051 	0
55.8971 	0.0557632 	-0.0064155 	1.83051 	0
55.9672 	0.0557632 	-0.0064155 	1.83051 	0
56.0374 	0.0557632 	-0.0064155 	1.83051 	0
56.1075 	0.0557632 	-0.0064155 	1.83051 	0
56.1776 	0.0557632 	-0.0064155 	1.83051 	0
56.2478 	0.0557632 	-0.0064155 	1.83051 	0
56.3179 	0.0557632 	-0.0064155 	1.83051 	0
56.3881 	0.0557632 	-0.0064155 	1.83051 	0
56.4582 	0.0557632 	-0.0064155 	1.83051 	0
56.5283 	0.0557632 	-0.0064155 	1.83051 	0
56.5985 	0.0557632 	-0.0064155 	1.83051 	0
56.6686 	0.0557632 	-0.0064155 	1.83051 	0
56.7387 	0.0557632 	-0.0064155 	1.83051 	0
56.8089 	0.0503131 	-0.00519669 	1.83013 	0
56.879 	0.0503131 	-0.00519669 	1.83013 	0
56.9491 	0.0503131 	-0.00519669 	1.83013 	0
57.0193 	0.0503131 	-0.00519669 	1.83013 	0
57.0894 	0.0503131 	-0.00519669 	1.83013 	0
57.1595 	0.0503131 	-0.00519669 	1.83013 	0
57.2297 	0.0503131 	-0.00519669 	1.83013 	0
57.2998 	0.0503131 	-0.00519669 	1.83013 	0
57.3699 	0.0503131 	-0.00519669 	1.83013 	0
57.4401 	0.0503131 	-0.00519669 	1.83013 	0
57.5102 	0.0503131 	-0.00519669 	1.83013 	0
57.5803 	0.0503131 	-0.00519669 	1.83013 	0
57.6505 	0.0503131 	-0.00519669 	1.83013 	0
57.7206 	0.0503131 	-0.00519669 	1.83013 	0
57.7907 	0.0503131 	-0.00519669 	1.83013 	0
57.8609 	0.0503131 	-0.00519669 	1.83013 	0
57.931 	0.0503131 	-0.00519669 	1.83013 	0
58.0011 	0.0449233 	-0.0041792 	1.82977 	0
58.0713 	0.0449233 	-0.0041792 	1.82977 	0
58.1414 	0.0449233 	-0.0041792 	1.82977 	0
58.2115 	0.0449233 	-0.0041792 	1.82977 	0
58.2817 	0.0449233 	-0.0041792 	1.82977 	0
58.3518 	0.0449233 	-0.0041792 	1.82977 	0
58.4219 	0.0449233 	-0.0041792 	1.82977 	0
58.4921 	0.0449233 	-0.0041792 	1.82977 	0
58.5622 	0.0449233 	-0.0041792 	1.82977 	0
58.6324 	0.0449233 	-0.0041792 	1.82977 	0
58.7025 	0.0449233 	-0.0041792 	1.82977 	0
58.7726 	0.0449233 	-0.0041792 	1.82977 	0
58.8428 	0.0449233 	-0.0041792 	1.82977 	0
58.9129 	0.0449233 	-0.0041792 	1.82977 	0
58.983 	0.0449233 	-0.0041792 	1.82977 	0
59.0532 	0.0449233 	-0.0041792 	1.82977 	0
59.1233 	0.0449233 	-0.0041792 	1.82977 	0
59.1934 	0.0449233 	-0.0041792 	1.82977 	0
59.2636 	0.0395634 	-0.00335657 	1.82951 	0
59.3337 	0.0395634 	-0.00335657 	1.82951 	0
59.4038 	0.0395634 	-0.00335657 	1.82951 	0
59.474 	0.0395634 	-0.00335657 	1.82951 	0
59.5441 	0.0395634 	-0.00335657 	1.82951 	0
59.6142 	0.0395634 	-0.00335657 	1.82951 	0
59.6844 	0.0395634 	-0.00335657 	1.82951 	0
59.7545 	0.0395634 	-0.00335657 	1.82951 	0
59.8246 	0.0395634 	-0.00335657 	1.82951 	0
59.8948 	0.0395634 	-0.00335657 	1.82951 	0
59.9649 	0.0395634 	-0.00335657 	1.82951 	0
60.035 	0.0395634 	-0.00335657 	1.82951 	0
60.1052 	0.0395634 	-0.00335657 	1.82951 	0
60.1753 	0.0395634 	-0.00335657 	1.82951 	0
60.2454 	0.0395634 	-0.00335657 	1.82951 	0
60.3156 	0.0395634 	-0.00335657 	1.82951 	0
60.3857 	0.0395634 	-0.00335657 	1.82951 	0
60.4558 	0.0342278 	-0.00268532 	1.82933 	0
60.526 	0.0342278 	-0.00268532 	1.82933 	0
60.5961 	0.0342278 	-0.00268532 	1.82933 	0
60.6662 	0.0342278 	-0.00268532 	1.82933 	0
60.7364 	0.0342278 	-0.00268532 	1.82933 	0
60.8065 	0.0342278 	-0.00268532 	1.82933 	0
60.8767 	0.0342278 	-0.00268532 	1.82933 	0
60.9468 	0.0342278 	-0.00268532 	1.82933 	0
61.0169 	0.0342278 	-0.00268532 	1.82933 	0
61.0871 	0.0342278 	-0.00268532 	1.82933 	0
61.1572 	0.0342278 	-0.00268532 	1.82933 	0
61.2273 	0.0342278 	-0.00268532 	1.82933 	0
61.2975 	0.0342278 	-0.00268532 	1.82933 	0
61.3676 	0.0342278 	-0.00268532 	1.82933 	0
61.4377 	0.0342278 	-0.00268532 	1.82933 	0
61.5079 	0.0342278 	-0.00268532 	1.82933 	0
61.578 	0.0342278 	-0.00268532 	1.82933 	0
61.6481 	0.0342278 	-0.00268532 	1.82933 	0
61.7183 	0.0289338 	-0.00214573 	1.82915 	0
61.7884 	0.0289338 	-0.00214573 	1.82915 	0
61.8585 	0.0289338 	-0.00214573 	1.82915 	0
61.9287 	0.0289338 	-0.00214573 	1.82915 	0
61.9988 	0.0289338 	-0.00214573 	1.82915 	0
62.0689 	0.0289338 	-0.00214573 	1.82915 	0
62.1391 	0.0289338 	-0.00214573 	1.82915 	0
62.2092 	0.0289338 	-0.00214573 	1.82915 	0
62.2793 	0.0289338 	-0.00214573 	1.82915 	0
62.3495 	0.0289338 	-0.00214573 	1.82915 	0
62.4196 	0.0289338 	-0.00214573 	1.82915 	0
62.4897 	0.0289338 	-0.00214573 	1.82915 	0
62.5599 	0.0289338 	-0.00214573 	1.82915 	0
62.63 	0.0289338 	-0.00214573 	1.82915 	0
62.7001 	0.0289338 	-0.00214573 	1.82915 	0
62.7703 	0.0289338 	-0.00214573 	1.82915 	0
62.8404 	0.0289338 	-0.00214573 	1.82915 	0
62.9105 	0.0236517 	-0.00165896 	1.82904 	0
62.9807 	0.0236517 	-0.00165896 	1.82904 	0
63.0508 	0.0236517 	-0.00165896 	1.82904 	0
63.121 	0.0236517 	-0.00165896 	1.82904 	0
63.1911 	0.0236517 	-0.00165896 	1.82904 	0
63.2612 	0.0236517 	-0.00165896 	1.82904 	0
63.3314 	0.0236517 	-0.00165896 	1.82904 	0
63.4015 	0.0236517 	-0.00165896 	1.82904 	0
63.4716 	0.0236517 	-0.00165896 	1.82904 	0
63.5418 	0.0236517 	-0.00165896 	1.82904 	0
63.6119 	0.0236517 	-0.00165896 	1.82904 	0
63.682 	0.0236517 	-0.00165896 	1.82904 	0
63.7522 	0.0236517 	-0.00165896 	1.82904 	0
63.8223 	0.0236517 	-0.00165896 	1.82904 	0
63.8924 	0.0236517 	-0.00165896 	1.82904 	0
63.9626 	0.0236517 	-0.00165896 	1.82904 	0
64.0327 	0.0236517 	-0.00165896 	1.82904 	0
64.1028 	0.0236517 	-0.00165896 	1.82904 	0
64.173 	0.0183784 	-0.00132086 	1.82896 	0
64.2431 	0.0183784 	-0.00132086 	1.82896 	0
64.3132 	0.0183784 	-0.00132086 	1.82896 	0
64.3834 	0.0183784 	-0.00132086 	1.82896 	0
64.4535 	0.0183784 	-0.00132086 	1.82896 	0
64.5236 	0.0183784 	-0.00132086 	1.82896 	0
64.5938 	0.0183784 	-0.00132086 	1.82896 	0
64.6639 	0.0183784 	-0.00132086 	1.82896 	0
64.734 	0.0183784 	-0.00132086 	1.82896 	0
64.8042 	0.0183784 	-0.00132086 	1.82896 	0
64.8743 	0.0183784 	-0.00132086 	1.82896 	0
64.9444 	0.0183784 	-0.00132086 	1.82896 	0
65.0146 	0.0183784 	-0.00132086 	1.82896 	0
65.0847 	0.0183784 	-0.00132086 	1.82896 	0
65.1548 	0.0183784 	-0.00132086 	1.82896 	0
65.225 	0.0183784 	-0.00132086 	1.82896 	0
65.2951 	0.0183784 	-0.00132086 	1.82896 	0
65.3653 	0.0183784 	-0.00132086 	1.82896 	0
65.4354 	0.0131241 	-0.000940636 	1.82889 	0
65.5055 	0.0131241 	-0.000940636 	1.82889 	0
65.5757 	0.0131241 	-0.000940636 	1.82889 	0
65.6458 	0.0131241 	-0.000940636 	1.82889 	0
65.7159 	0.0131241 	-0.000940636 	1.82889 	0
65.7861 	0.0131241 	-0.000940636 	1.82889 	0
65.8562 	0.0131241 	-0.000940636 	1.82889 	0
65.9263 	0.0131241 	-0.000940636 	1.82889 	0
65.9965 	0.0131241 	-0.000940636 	1.82889 	0
66.0666 	0.0131241 	-0.000940636 	1.82889 	0
66.1367 	0.0131241 	-0.000940636 	1.82889 	0
66.2069 	0.0131241 	-0.000940636 	1.82889 	0
66.277 	0.0131241 	-0.000940636 	1.82889 	0
66.3471 	0.0131241 	-0.000940636 	1.82889 	0
66.4173 	0.0131241 	-0.000940636 	1.82889 	0
66.4874 	0.0131241 	-0.000940636 	1.82889 	0
66.5575 	0.0131241 	-0.000940636 	1.82889 	0
66.6277 	0.0078755 	-0.000761004 	1.82884 	0
66.6978 	0.0078755 	-0.000761004 	1.82884 	0
66.7679 	0.0078755 	-0.000761004 	1.82884 	0
66.8381 	0.0078755 	-0.000761004 	1.82884 	0
66.9082 	0.0078755 	-0.000761004 	1.82884 	0
66.9783 	0.0078755 	-0.000761004 	1.82884 	0
67.0485 	0.0078755 	-0.000761004 	1.82884 	0
67.1186 	0.0078755 	-0.000761004 	1.82884 	0
67.1887 	0.0078755 	-0.000761004 	1.82884 	0
67.2589 	0.0078755 	-0.000761004 	1.82884 	0
67.329 	0.0078755 	-0.000761004 	1.82884 	0
67.3991 	0.0078755 	-0.000761004 	1.82884 	0
67.4693 	0.0078755 	-0.000761004 	1.82884 	0
67.5394 	0.0078755 	-0.000761004 	1.82884 	0
67.6096 	0.0078755 	-0.000761004 	1.82884 	0
67.6797 	0.0078755 	-0.000761004 	1.82884 	0
67.7498 	0.0078755 	-0.000761004 	1.82884 	0
67.82 	0.0078755 	-0.000761004 	1.82884 	0
67.8901 	0.00262241 	-0.000366723 	1.82881 	0
67.9602 	0.00262241 	-0.000366723 	1.82881 	0
68.0304 	0.00262241 	-0.000366723 	1.82881 	0
68.1005 	0.00262241 	-0.000366723 	1.82881 	0
68.1706 	0.00262241 	-0.000366723 	1.82881 	0
68.2408 	0.00262241 	-0.000366723 	1.82881 	0
68.3109 	0.00262241 	-0.000366723 	1.82881 	0
68.381 	0.00262241 	-0.000366723 	1.82881 	0
68.4512 	0.00262241 	-0.000366723 	1.82881 	0
68.5213 	0.00262241 	-0.000366723 	1.82881 	0
68.5914 	0.00262241 	-0.000366723 	1.82881 	0
68.6616 	0.00262241 	-0.000366723 	1.82881 	0
68.7317 	0.00262241 	-0.000366723 	1.82881 	0
68.8018 	0.00262241 	-0.000366723 	1.82881 	0
68.872 	0.00262241 	-0.000366723 	1.82881 	0
68.9421 	0.00262241 	-0.000366723 	1.82881 	0
69.0122 	0.00262241 	-0.000366723 	1.82881 	0
