0.490941 	2.15126 	0.00437117 	3.00033 	-3.04973e-20
0.561075 	2.15126 	0.00437117 	3.00033 	-3.04973e-20
0.63121 	2.15126 	0.00437117 	3.00033 	-3.04973e-20
0.701344 	2.15126 	0.00437117 	3.00033 	-3.04973e-20
0.771478 	2.15126 	0.00437117 	3.00033 	-3.04973e-20
0.841613 	2.15126 	0.00437117 	3.00033 	-3.04973e-20
0.911747 	2.12623 	0.0144628 	3.008 	-7.03086e-20
0.981881 	2.12623 	0.0144628 	3.008 	-7.03086e-20
1.05202 	2.12623 	0.0144628 	3.008 	-7.03086e-20
1.12215 	2.12623 	0.0144628 	3.008 	-7.03086e-20
1.19228 	2.12623 	0.0144628 	3.008 	-7.03086e-20
1.26242 	2.12623 	0.0144628 	3.008 	-7.03086e-20
1.33255 	2.08228 	0.0193291 	3.02331 	7.02603e-20
1.40269 	2.08228 	0.0193291 	3.02331 	7.02603e-20
1.47282 	2.08228 	0.0193291 	3.02331 	7.02603e-20
1.54296 	2.08228 	0.0193291 	3.02331 	7.02603e-20
1.61309 	2.08228 	0.0193291 	3.02331 	7.02603e-20
1.68323 	2.08228 	0.0193291 	3.02331 	7.02603e-20
1.75336 	2.02194 	0.024687 	3.04251 	3.36803e-20
1.82349 	2.02194 	0.024687 	3.04251 	3.36803e-20
1.89363 	2.02194 	0.024687 	3.04251 	3.36803e-20
1.96376 	2.02194 	0.024687 	3.04251 	3.36803e-20
2.0339 	2.02194 	0.024687 	3.04251 	3.36803e-20
2.10403 	2.02194 	0.024687 	3.04251 	3.36803e-20
2.17417 	1.95066 	0.0242419 	3.06668 	0
2.2443 	1.95066 	0.0242419 	3.06668 	0
2.31443 	1.95066 	0.0242419 	3.06668 	0
2.38457 	1.95066 	0.0242419 	3.06668 	0
2.4547 	1.95066 	0.0242419 	3.06668 	0
2.52484 	1.95066 	0.0242419 	3.06668 	0
2.59497 	1.87431 	0.0255915 	3.09073 	-1.53614e-19
2.66511 	1.87431 	0.0255915 	3.09073 	-1.53614e-19
2.73524 	1.87431 	0.0255915 	3.09073 	-1.53614e-19
2.80538 	1.87431 	0.0255915 	3.09073 	-1.53614e-19
2.87551 	1.87431 	0.0255915 	3.09073 	-1.53614e-19
2.94564 	1.87431 	0.0255915 	3.09073 	-1.53614e-19
3.01578 	1.79797 	0.0233275 	3.11626 	1.22289e-19
3.08591 	1.79797 	0.0233275 	3.11626 	1.22289e-19
3.15605 	1.79797 	0.0233275 	3.11626 	1.22289e-19
3.22618 	1.79797 	0.0233275 	3.11626 	1.22289e-19
3.29632 	1.79797 	0.0233275 	3.11626 	1.22289e-19
3.36645 	1.79797 	0.0233275 	3.11626 	1.22289e-19
3.43659 	1.72348 	0.0248921 	3.13926 	-2.24562e-19
3.50672 	1.72348 	0.0248921 	3.13926 	-2.24562e-19
3.57685 	1.72348 	0.0248921 	3.13926 	-2.24562e-19
3.64699 	1.72348 	0.0248921 	3.13926 	-2.24562e-19
3.71712 	1.72348 	0.0248921 	3.13926 	-2.24562e-19
3.78726 	1.71559 	0.0140669 	3.13809 	-2.49352e-19
3.85739 	1.64238 	0.0119274 	3.16279 	4.59573e-19
3.92753 	1.64238 	0.0119274 	3.16279 	4.59573e-19
3.99766 	1.64238 	0.0119274 	3.16279 	4.59573e-19
4.06779 	1.64238 	0.0119274 	3.16279 	4.59573e-19
4.13793 	1.64238 	0.0119274 	3.16279 	4.59573e-19
4.20806 	1.64238 	0.0119274 	3.16279 	4.59573e-19
4.2782 	1.57116 	0.0142357 	3.18382 	-2.63245e-19
4.34833 	1.57116 	0.0142357 	3.18382 	-2.63245e-19
4.41847 	1.57116 	0.0142357 	3.18382 	-2.63245e-19
4.4886 	1.57116 	0.0142357 	3.18382 	-2.63245e-19
4.55874 	1.57116 	0.0142357 	3.18382 	-2.63245e-19
4.62887 	1.57116 	0.0142357 	3.18382 	-2.63245e-19
4.699 	1.57116 	0.0142357 	3.18382 	-2.63245e-19
4.76914 	1.50174 	0.0118611 	3.20713 	-1.93237e-19
4.83927 	1.50174 	0.0118611 	3.20713 	-1.93237e-19
4.90941 	1.50174 	0.0118611 	3.20713 	-1.93237e-19
4.97954 	1.50174 	0.0118611 	3.20713 	-1.93237e-19
5.04968 	1.50174 	0.0118611 	3.20713 	-1.93237e-19
5.11981 	1.50174 	0.0118611 	3.20713 	-1.93237e-19
5.18994 	1.43402 	0.013924 	3.22665 	1.69659e-19
5.26008 	1.43402 	0.013924 	3.22665 	1.69659e-19
5.33021 	1.43402 	0.013924 	3.22665 	1.69659e-19
5.40035 	1.43402 	0.013924 	3.22665 	1.69659e-19
5.47048 	1.43402 	0.013924 	3.22665 	1.69659e-19
5.54062 	1.43402 	0.013924 	3.22665 	1.69659e-19
5.61075 	1.3689 	0.0112385 	3.24849 	-3.29553e-19
5.68089 	1.3689 	0.0112385 	3.24849 	-3.29553e-19
5.75102 	1.3689 	0.0112385 	3.24849 	-3.29553e-19
5.82115 	1.3689 	0.0112385 	3.24849 	-3.29553e-19
5.89129 	1.3689 	0.0112385 	3.24849 	-3.29553e-19
5.96142 	1.3689 	0.0112385 	3.24849 	-3.29553e-19
6.03156 	1.30696 	0.0134745 	3.26583 	3.51756e-19
6.10169 	1.30696 	0.0134745 	3.26583 	3.51756e-19
6.17183 	1.30696 	0.0134745 	3.26583 	3.51756e-19
6.24196 	1.30696 	0.0134745 	3.26583 	3.51756e-19
6.3121 	1.30696 	0.0134745 	3.26583 	3.51756e-19
6.38223 	1.30696 	0.0134745 	3.26583 	3.51756e-19
6.45236 	1.24902 	0.0109765 	3.28538 	2.04332e-20
6.5225 	1.24902 	0.0109765 	3.28538 	2.04332e-20
6.59263 	1.24902 	0.0109765 	3.28538 	2.04332e-20
6.66277 	1.24902 	0.0109765 	3.28538 	2.04332e-20
6.7329 	1.24902 	0.0109765 	3.28538 	2.04332e-20
6.80304 	1.24902 	0.0109765 	3.28538 	2.04332e-20
6.87317 	1.19517 	0.0137814 	3.2999 	-1.95397e-20
6.9433 	1.19517 	0.0137814 	3.2999 	-1.95397e-20
7.01344 	1.19517 	0.0137814 	3.2999 	-1.95397e-20
7.08357 	1.19517 	0.0137814 	3.2999 	-1.95397e-20
7.15371 	1.19517 	0.0137814 	3.2999 	-1.95397e-20
7.22384 	1.19517 	0.0137814 	3.2999 	-1.95397e-20
7.29398 	1.14559 	0.0116299 	3.31693 	0
7.36411 	1.14559 	0.0116299 	3.31693 	0
7.43425 	1.14559 	0.0116299 	3.31693 	0
7.50438 	1.14559 	0.0116299 	3.31693 	0
7.57451 	1.14559 	0.0116299 	3.31693 	0
7.64465 	1.14559 	0.0116299 	3.31693 	0
7.71478 	1.14559 	0.0116299 	3.31693 	0
7.78492 	1.09975 	0.0150489 	3.3287 	0
7.85505 	1.09975 	0.0150489 	3.3287 	0
7.92519 	1.09975 	0.0150489 	3.3287 	0
7.99532 	1.09975 	0.0150489 	3.3287 	0
8.06545 	1.09975 	0.0150489 	3.3287 	0
8.13559 	1.09975 	0.0150489 	3.3287 	0
8.20572 	1.05749 	0.0132324 	3.34361 	0
8.27586 	1.05749 	0.0132324 	3.34361 	0
8.34599 	1.05749 	0.0132324 	3.34361 	0
8.41613 	1.05749 	0.0132324 	3.34361 	0
8.48626 	1.05749 	0.0132324 	3.34361 	0
8.5564 	1.05749 	0.0132324 	3.34361 	0
8.62653 	1.01811 	0.0173994 	3.35313 	2.15065e-22
8.69666 	1.01811 	0.0173994 	3.35313 	2.15065e-22
8.7668 	1.01811 	0.0173994 	3.35313 	2.15065e-22
8.83693 	1.01811 	0.0173994 	3.35313 	2.15065e-22
8.90707 	1.01811 	0.0173994 	3.35313 	2.15065e-22
8.9772 	1.01811 	0.0173994 	3.35313 	2.15065e-22
9.04734 	0.981407 	0.0160903 	3.36653 	-2.37177e-19
9.11747 	0.981407 	0.0160903 	3.36653 	-2.37177e-19
9.18761 	0.981407 	0.0160903 	3.36653 	-2.37177e-19
9.25774 	0.967249 	0.0120499 	3.36907 	-2.51805e-20
9.32787 	0.967249 	0.0120499 	3.36907 	-2.51805e-20
9.39801 	0.967249 	0.0120499 	3.36907 	-2.51805e-20
9.46814 	0.967249 	0.0120499 	3.36907 	-2.51805e-20
9.53828 	0.931741 	0.0183045 	3.3778 	-2.45647e-19
9.60841 	0.931741 	0.0183045 	3.3778 	-2.45647e-19
9.67855 	0.931741 	0.0183045 	3.3778 	-2.45647e-19
9.74868 	0.931741 	0.0183045 	3.3778 	-2.45647e-19
9.81881 	0.931741 	0.0183045 	3.3778 	-2.45647e-19
9.88895 	0.931741 	0.0183045 	3.3778 	-2.45647e-19
9.95908 	0.897837 	0.0179719 	3.38983 	-1.46455e-20
10.0292 	0.897837 	0.0179719 	3.38983 	-1.46455e-20
10.0994 	0.897837 	0.0179719 	3.38983 	-1.46455e-20
10.1695 	0.897837 	0.0179719 	3.38983 	-1.46455e-20
10.2396 	0.897837 	0.0179719 	3.38983 	-1.46455e-20
10.3098 	0.897837 	0.0179719 	3.38983 	-1.46455e-20
10.3799 	0.865001 	0.0260907 	3.39747 	2.19522e-19
10.45 	0.865001 	0.0260907 	3.39747 	2.19522e-19
10.5202 	0.865001 	0.0260907 	3.39747 	2.19522e-19
10.5903 	0.865001 	0.0260907 	3.39747 	2.19522e-19
10.6604 	0.865001 	0.0260907 	3.39747 	2.19522e-19
10.7306 	0.865001 	0.0260907 	3.39747 	2.19522e-19
10.8007 	0.833089 	0.0274712 	3.40909 	-2.33104e-19
10.8708 	0.833089 	0.0274712 	3.40909 	-2.33104e-19
10.941 	0.833089 	0.0274712 	3.40909 	-2.33104e-19
11.0111 	0.833089 	0.0274712 	3.40909 	-2.33104e-19
11.0812 	0.833089 	0.0274712 	3.40909 	-2.33104e-19
11.1514 	0.833089 	0.0274712 	3.40909 	-2.33104e-19
11.2215 	0.833089 	0.0274712 	3.40909 	-2.33104e-19
11.2916 	0.801511 	0.0386158 	3.416 	-4.059e-19
11.3618 	0.801511 	0.0386158 	3.416 	-4.059e-19
11.4319 	0.801511 	0.0386158 	3.416 	-4.059e-19
11.502 	0.801511 	0.0386158 	3.416 	-4.059e-19
11.5722 	0.801511 	0.0386158 	3.416 	-4.059e-19
11.6423 	0.801511 	0.0386158 	3.416 	-4.059e-19
11.7124 	0.76989 	0.0429531 	3.4277 	3.92821e-19
11.7826 	0.76989 	0.0429531 	3.4277 	3.92821e-19
11.8527 	0.76989 	0.0429531 	3.4277 	3.92821e-19
11.9228 	0.76989 	0.0429531 	3.4277 	3.92821e-19
11.993 	0.76989 	0.0429531 	3.4277 	3.92821e-19
12.0631 	0.76989 	0.0429531 	3.4277 	3.92821e-19
12.1332 	0.737287 	0.0589499 	3.43456 	0
12.2034 	0.737287 	0.0589499 	3.43456 	0
12.2735 	0.737287 	0.0589499 	3.43456 	0
12.3437 	0.737287 	0.0589499 	3.43456 	0
12.4138 	0.737287 	0.0589499 	3.43456 	0
12.4839 	0.737287 	0.0589499 	3.43456 	0
12.5541 	0.737287 	0.0589499 	3.43456 	0
12.6242 	0.703039 	0.067363 	3.44699 	-1.09756e-20
12.6943 	0.703039 	0.067363 	3.44699 	-1.09756e-20
12.7645 	0.703039 	0.067363 	3.44699 	-1.09756e-20
12.8346 	0.703039 	0.067363 	3.44699 	-1.09756e-20
12.9047 	0.703039 	0.067363 	3.44699 	-1.09756e-20
12.9749 	0.703039 	0.067363 	3.44699 	-1.09756e-20
13.045 	0.666239 	0.0903508 	3.45469 	1.10547e-20
13.1151 	0.666239 	0.0903508 	3.45469 	1.10547e-20
13.1853 	0.666239 	0.0903508 	3.45469 	1.10547e-20
13.2554 	0.666239 	0.0903508 	3.45469 	1.10547e-20
13.3255 	0.666239 	0.0903508 	3.45469 	1.10547e-20
13.3957 	0.666239 	0.0903508 	3.45469 	1.10547e-20
13.4658 	0.666239 	0.0903508 	3.45469 	1.10547e-20
13.5359 	0.626743 	0.103672 	3.46833 	0
13.6061 	0.626743 	0.103672 	3.46833 	0
13.6762 	0.626743 	0.103672 	3.46833 	0
13.7463 	0.626743 	0.103672 	3.46833 	0
13.8165 	0.626743 	0.103672 	3.46833 	0
13.8866 	0.626743 	0.103672 	3.46833 	0
13.9567 	0.584918 	0.148221 	3.48042 	8.03276e-22
14.0269 	0.584918 	0.148221 	3.48042 	8.03276e-22
14.097 	0.584918 	0.148221 	3.48042 	8.03276e-22
14.1671 	0.584918 	0.148221 	3.48042 	8.03276e-22
14.2373 	0.584918 	0.148221 	3.48042 	8.03276e-22
14.3074 	0.584918 	0.148221 	3.48042 	8.03276e-22
14.3776 	0.566754 	0.14661 	3.48433 	1.14706e-19
14.4477 	0.469407 	0.149215 	3.51096 	-1.62875e-20
14.5178 	0.469407 	0.149215 	3.51096 	-1.62875e-20
14.588 	0.469407 	0.149215 	3.51096 	-1.62875e-20
14.6581 	0.48888 	0.162317 	3.50404 	0
14.7282 	0.48888 	0.162317 	3.50404 	0
14.7984 	0.407127 	0.176815 	3.52746 	-1.66195e-19
14.8685 	0.43717 	0.199718 	3.51751 	-1.67915e-19
14.9386 	0.43717 	0.199718 	3.51751 	-1.67915e-19
15.0088 	0.43717 	0.199718 	3.51751 	-1.67915e-19
15.0789 	0.43717 	0.199718 	3.51751 	-1.67915e-19
15.149 	0.474636 	0.216557 	3.50682 	1.65095e-19
15.2192 	0.380256 	0.233525 	3.54078 	1.39406e-19
15.2893 	0.380256 	0.233525 	3.54078 	1.39406e-19
15.3594 	0.380256 	0.233525 	3.54078 	1.39406e-19
15.4296 	0.417635 	0.253894 	3.52023 	-4.79625e-19
15.4997 	0.417635 	0.253894 	3.52023 	-4.79625e-19
15.5698 	0.323821 	0.269391 	3.54862 	2.47714e-19
15.64 	0.323821 	0.269391 	3.54862 	2.47714e-19
15.7101 	0.323821 	0.269391 	3.54862 	2.47714e-19
15.7802 	0.365679 	0.287219 	3.54063 	-4.15596e-19
15.8504 	0.365679 	0.287219 	3.54063 	-4.15596e-19
15.9205 	0.272103 	0.306358 	3.55666 	-1.15638e-19
15.9906 	0.272103 	0.306358 	3.55666 	-1.15638e-19
16.0608 	0.272103 	0.306358 	3.55666 	-1.15638e-19
16.1309 	0.324388 	0.330908 	3.53698 	0
16.201 	0.324388 	0.330908 	3.53698 	0
16.2712 	0.231108 	0.344191 	3.56911 	0
16.3413 	0.231108 	0.344191 	3.56911 	0
16.4114 	0.231108 	0.344191 	3.56911 	0
16.4816 	0.231108 	0.344191 	3.56911 	0
16.5517 	0.299987 	0.360432 	3.54675 	-1.59218e-19
16.6219 	0.211527 	0.394791 	3.56594 	5.45962e-20
16.692 	0.211527 	0.394791 	3.56594 	5.45962e-20
16.7621 	0.211527 	0.394791 	3.56594 	5.45962e-20
16.8323 	0.211527 	0.394791 	3.56594 	5.45962e-20
16.9024 	0.211527 	0.394791 	3.56594 	5.45962e-20
16.9725 	0.218351 	0.434537 	3.55879 	0
17.0427 	0.218351 	0.434537 	3.55879 	0
17.1128 	0.218351 	0.434537 	3.55879 	0
17.1829 	0.218351 	0.434537 	3.55879 	0
17.2531 	0.14271 	0.461765 	3.5779 	0
17.3232 	0.14271 	0.461765 	3.5779 	0
17.3933 	0.14271 	0.461765 	3.5779 	0
17.4635 	0.244262 	0.486433 	3.55937 	1.48165e-19
17.5336 	0.244262 	0.486433 	3.55937 	1.48165e-19
17.6037 	0.177828 	0.506089 	3.56772 	0
17.6739 	0.177828 	0.506089 	3.56772 	0
17.744 	0.177828 	0.506089 	3.56772 	0
17.8141 	0.177828 	0.506089 	3.56772 	0
17.8843 	0.177828 	0.506089 	3.56772 	0
17.9544 	0.21963 	0.562006 	3.55712 	1.17075e-19
18.0245 	0.21963 	0.562006 	3.55712 	1.17075e-19
18.0947 	0.21963 	0.562006 	3.55712 	1.17075e-19
18.1648 	0.21963 	0.562006 	3.55712 	1.17075e-19
18.2349 	0.165122 	0.576635 	3.56734 	-1.76807e-19
18.3051 	0.165122 	0.576635 	3.56734 	-1.76807e-19
18.3752 	0.165122 	0.576635 	3.56734 	-1.76807e-19
18.4453 	0.165122 	0.576635 	3.56734 	-1.76807e-19
18.5155 	0.165122 	0.576635 	3.56734 	-1.76807e-19
18.5856 	0.203936 	0.618221 	3.54944 	-2.56531e-19
18.6557 	0.203936 	0.618221 	3.54944 	-2.56531e-19
18.7259 	0.203936 	0.618221 	3.54944 	-2.56531e-19
18.796 	0.203936 	0.618221 	3.54944 	-2.56531e-19
18.8662 	0.1527 	0.635592 	3.56078 	2.01329e-19
18.9363 	0.1527 	0.635592 	3.56078 	2.01329e-19
19.0064 	0.1527 	0.635592 	3.56078 	2.01329e-19
19.0766 	0.1527 	0.635592 	3.56078 	2.01329e-19
19.1467 	0.1527 	0.635592 	3.56078 	2.01329e-19
19.2168 	0.104164 	0.660238 	3.57754 	2.40112e-20
19.287 	0.194443 	0.659577 	3.53468 	1.48678e-19
19.3571 	0.194443 	0.659577 	3.53468 	1.48678e-19
19.4272 	0.194443 	0.659577 	3.53468 	1.48678e-19
19.4974 	0.194443 	0.659577 	3.53468 	1.48678e-19
19.5675 	0.145017 	0.680452 	3.54906 	1.72589e-20
19.6376 	0.145017 	0.680452 	3.54906 	1.72589e-20
19.7078 	0.145017 	0.680452 	3.54906 	1.72589e-20
19.7779 	0.145017 	0.680452 	3.54906 	1.72589e-20
19.848 	0.145017 	0.680452 	3.54906 	1.72589e-20
19.9182 	0.0975472 	0.708491 	3.56704 	-6.02369e-20
19.9883 	0.0975472 	0.708491 	3.56704 	-6.02369e-20
20.0584 	0.189135 	0.684465 	3.49995 	0
20.1286 	0.189135 	0.684465 	3.49995 	0
20.1987 	0.189135 	0.684465 	3.49995 	0
20.2688 	0.139309 	0.709546 	3.52584 	4.18681e-20
20.339 	0.139309 	0.709546 	3.52584 	4.18681e-20
20.4091 	0.139309 	0.709546 	3.52584 	4.18681e-20
20.4792 	0.139309 	0.709546 	3.52584 	4.18681e-20
20.5494 	0.139309 	0.709546 	3.52584 	4.18681e-20
20.6195 	0.0905945 	0.741718 	3.55035 	-2.79683e-20
20.6896 	0.0905945 	0.741718 	3.55035 	-2.79683e-20
20.7598 	0.0905945 	0.741718 	3.55035 	-2.79683e-20
20.8299 	0.0905945 	0.741718 	3.55035 	-2.79683e-20
20.9 	0.182425 	0.691279 	3.39715 	2.57283e-19
20.9702 	0.132636 	0.720164 	3.45514 	8.77092e-20
21.0403 	0.132636 	0.720164 	3.45514 	8.77092e-20
21.1105 	0.132636 	0.720164 	3.45514 	8.77092e-20
21.1806 	0.132636 	0.720164 	3.45514 	8.77092e-20
21.2507 	0.132636 	0.720164 	3.45514 	8.77092e-20
21.3209 	0.0857897 	0.755189 	3.50184 	-6.42858e-20
21.391 	0.0857897 	0.755189 	3.50184 	-6.42858e-20
21.4611 	0.0857897 	0.755189 	3.50184 	-6.42858e-20
21.5313 	0.0857897 	0.755189 	3.50184 	-6.42858e-20
21.6014 	0.0857897 	0.755189 	3.50184 	-6.42858e-20
21.6715 	0.0857897 	0.755189 	3.50184 	-6.42858e-20
21.7417 	0.0425683 	0.778328 	3.52718 	-4.14349e-22
21.8118 	0.0425683 	0.778328 	3.52718 	-4.14349e-22
21.8819 	0.0425683 	0.778328 	3.52718 	-4.14349e-22
21.9521 	0.12026 	0.711447 	3.2639 	3.17463e-20
22.0222 	0.12026 	0.711447 	3.2639 	3.17463e-20
22.0923 	0.0823912 	0.748002 	3.35507 	6.41081e-20
22.1625 	0.0823912 	0.748002 	3.35507 	6.41081e-20
22.2326 	0.0823912 	0.748002 	3.35507 	6.41081e-20
22.3027 	0.0823912 	0.748002 	3.35507 	6.41081e-20
22.3729 	0.0823912 	0.748002 	3.35507 	6.41081e-20
22.443 	0.0823912 	0.748002 	3.35507 	6.41081e-20
22.5131 	0.040487 	0.776544 	3.42195 	-3.70626e-20
22.5833 	0.040487 	0.776544 	3.42195 	-3.70626e-20
22.6534 	0.040487 	0.776544 	3.42195 	-3.70626e-20
22.7235 	0.040487 	0.776544 	3.42195 	-3.70626e-20
22.7937 	0.040487 	0.776544 	3.42195 	-3.70626e-20
22.8638 	-0.00299043 	0.808651 	3.47329 	-2.43558e-20
22.9339 	-0.00299043 	0.808651 	3.47329 	-2.43558e-20
23.0041 	-0.00299043 	0.808651 	3.47329 	-2.43558e-20
23.0742 	0.0371352 	0.702737 	2.93966 	4.98398e-20
23.1443 	0.0371352 	0.702737 	2.93966 	4.98398e-20
23.2145 	0.0371352 	0.702737 	2.93966 	4.98398e-20
23.2846 	0.00207595 	0.742259 	3.09964 	-4.30306e-21
23.3548 	0.00207595 	0.742259 	3.09964 	-4.30306e-21
23.4249 	0.00207595 	0.742259 	3.09964 	-4.30306e-21
23.495 	0.00207595 	0.742259 	3.09964 	-4.30306e-21
23.5652 	0.00207595 	0.742259 	3.09964 	-4.30306e-21
23.6353 	0.00207595 	0.742259 	3.09964 	-4.30306e-21
23.7054 	-0.0312729 	0.774801 	3.20815 	-8.01013e-21
23.7756 	-0.0312729 	0.774801 	3.20815 	-8.01013e-21
23.8457 	-0.0312729 	0.774801 	3.20815 	-8.01013e-21
23.9158 	-0.0312729 	0.774801 	3.20815 	-8.01013e-21
23.986 	-0.0312729 	0.774801 	3.20815 	-8.01013e-21
24.0561 	-0.0312729 	0.774801 	3.20815 	-8.01013e-21
24.1262 	-0.0665197 	0.805688 	3.30141 	0
24.1964 	-0.0665197 	0.805688 	3.30141 	0
24.2665 	-0.0665197 	0.805688 	3.30141 	0
24.3366 	-0.0665197 	0.805688 	3.30141 	0
24.4068 	-0.0665197 	0.805688 	3.30141 	0
24.4769 	-0.0533632 	0.660714 	2.50088 	-2.46681e-20
24.547 	-0.0533632 	0.660714 	2.50088 	-2.46681e-20
24.6172 	-0.0893272 	0.682801 	2.60253 	-1.03161e-19
24.6873 	-0.0893272 	0.682801 	2.60253 	-1.03161e-19
24.7574 	-0.0893272 	0.682801 	2.60253 	-1.03161e-19
24.8276 	-0.0893272 	0.682801 	2.60253 	-1.03161e-19
24.8977 	-0.0893272 	0.682801 	2.60253 	-1.03161e-19
24.9678 	-0.0893272 	0.682801 	2.60253 	-1.03161e-19
25.038 	-0.123183 	0.728718 	2.78563 	3.22379e-20
25.1081 	-0.123183 	0.728718 	2.78563 	3.22379e-20
25.1782 	-0.123183 	0.728718 	2.78563 	3.22379e-20
25.2484 	-0.123183 	0.728718 	2.78563 	3.22379e-20
25.3185 	-0.123183 	0.728718 	2.78563 	3.22379e-20
25.3886 	-0.123183 	0.728718 	2.78563 	3.22379e-20
25.4588 	-0.155581 	0.750497 	2.86938 	0
25.5289 	-0.155581 	0.750497 	2.86938 	0
25.5991 	-0.155581 	0.750497 	2.86938 	0
25.6692 	-0.155581 	0.750497 	2.86938 	0
25.7393 	-0.155581 	0.750497 	2.86938 	0
25.8095 	-0.155581 	0.750497 	2.86938 	0
25.8796 	-0.155581 	0.750497 	2.86938 	0
25.9497 	-0.187601 	0.792336 	3.01479 	-1.26022e-19
26.0199 	-0.187601 	0.792336 	3.01479 	-1.26022e-19
26.09 	-0.16557 	0.618881 	2.13481 	-9.70922e-20
26.1601 	-0.16557 	0.618881 	2.13481 	-9.70922e-20
26.2303 	-0.16557 	0.618881 	2.13481 	-9.70922e-20
26.3004 	-0.16557 	0.618881 	2.13481 	-9.70922e-20
26.3705 	-0.16557 	0.618881 	2.13481 	-9.70922e-20
26.4407 	-0.19667 	0.633415 	2.18488 	2.49026e-19
26.5108 	-0.19667 	0.633415 	2.18488 	2.49026e-19
26.5809 	-0.19667 	0.633415 	2.18488 	2.49026e-19
26.6511 	-0.19667 	0.633415 	2.18488 	2.49026e-19
26.7212 	-0.19667 	0.633415 	2.18488 	2.49026e-19
26.7913 	-0.19667 	0.633415 	2.18488 	2.49026e-19
26.8615 	-0.19667 	0.633415 	2.18488 	2.49026e-19
26.9316 	-0.227636 	0.663641 	2.30022 	-1.6394e-19
27.0017 	-0.227636 	0.663641 	2.30022 	-1.6394e-19
27.0719 	-0.227636 	0.663641 	2.30022 	-1.6394e-19
27.142 	-0.227636 	0.663641 	2.30022 	-1.6394e-19
27.2121 	-0.227636 	0.663641 	2.30022 	-1.6394e-19
27.2823 	-0.227636 	0.663641 	2.30022 	-1.6394e-19
27.3524 	-0.258976 	0.67733 	2.34433 	-6.34602e-20
27.4225 	-0.258976 	0.67733 	2.34433 	-6.34602e-20
27.4927 	-0.258976 	0.67733 	2.34433 	-6.34602e-20
27.5628 	-0.258976 	0.67733 	2.34433 	-6.34602e-20
27.6329 	-0.258976 	0.67733 	2.34433 	-6.34602e-20
27.7031 	-0.258976 	0.67733 	2.34433 	-6.34602e-20
27.7732 	-0.258976 	0.67733 	2.34433 	-6.34602e-20
27.8434 	-0.258976 	0.67733 	2.34433 	-6.34602e-20
27.9135 	-0.287658 	0.704878 	2.44574 	-7.27261e-20
27.9836 	-0.287658 	0.704878 	2.44574 	-7.27261e-20
28.0538 	-0.287658 	0.704878 	2.44574 	-7.27261e-20
28.1239 	-0.287658 	0.704878 	2.44574 	-7.27261e-20
28.194 	-0.287658 	0.704878 	2.44574 	-7.27261e-20
28.2642 	-0.287658 	0.704878 	2.44574 	-7.27261e-20
28.3343 	-0.292404 	0.559038 	1.84982 	7.79422e-20
28.4044 	-0.31915 	0.560332 	1.86884 	-1.38472e-19
28.4746 	-0.31915 	0.560332 	1.86884 	-1.38472e-19
28.5447 	-0.31915 	0.560332 	1.86884 	-1.38472e-19
28.6148 	-0.31915 	0.560332 	1.86884 	-1.38472e-19
28.685 	-0.31915 	0.560332 	1.86884 	-1.38472e-19
28.7551 	-0.31915 	0.560332 	1.86884 	-1.38472e-19
28.8252 	-0.31915 	0.560332 	1.86884 	-1.38472e-19
28.8954 	-0.31915 	0.560332 	1.86884 	-1.38472e-19
28.9655 	-0.343397 	0.570206 	1.91113 	-1.60874e-19
29.0356 	-0.343397 	0.570206 	1.91113 	-1.60874e-19
29.1058 	-0.343397 	0.570206 	1.91113 	-1.60874e-19
29.1759 	-0.343397 	0.570206 	1.91113 	-1.60874e-19
29.246 	-0.343397 	0.570206 	1.91113 	-1.60874e-19
29.3162 	-0.343397 	0.570206 	1.91113 	-1.60874e-19
29.3863 	-0.343397 	0.570206 	1.91113 	-1.60874e-19
29.4564 	-0.366659 	0.569008 	1.92075 	1.49032e-19
29.5266 	-0.366659 	0.569008 	1.92075 	1.49032e-19
29.5967 	-0.366659 	0.569008 	1.92075 	1.49032e-19
29.6668 	-0.366659 	0.569008 	1.92075 	1.49032e-19
29.737 	-0.366659 	0.569008 	1.92075 	1.49032e-19
29.8071 	-0.366659 	0.569008 	1.92075 	1.49032e-19
29.8773 	-0.366659 	0.569008 	1.92075 	1.49032e-19
29.9474 	-0.366659 	0.569008 	1.92075 	1.49032e-19
30.0175 	-0.386344 	0.568434 	1.9459 	-1.55437e-19
30.0877 	-0.386344 	0.568434 	1.9459 	-1.55437e-19
30.1578 	-0.386344 	0.568434 	1.9459 	-1.55437e-19
30.2279 	-0.386344 	0.568434 	1.9459 	-1.55437e-19
30.2981 	-0.386344 	0.568434 	1.9459 	-1.55437e-19
30.3682 	-0.386344 	0.568434 	1.9459 	-1.55437e-19
30.4383 	-0.386344 	0.568434 	1.9459 	-1.55437e-19
30.5085 	-0.386344 	0.568434 	1.9459 	-1.55437e-19
30.5786 	-0.404106 	0.561233 	1.9436 	2.84169e-19
30.6487 	-0.404106 	0.561233 	1.9436 	2.84169e-19
30.7189 	-0.404106 	0.561233 	1.9436 	2.84169e-19
30.789 	-0.404106 	0.561233 	1.9436 	2.84169e-19
30.8591 	-0.404106 	0.561233 	1.9436 	2.84169e-19
30.9293 	-0.404106 	0.561233 	1.9436 	2.84169e-19
30.9994 	-0.404106 	0.561233 	1.9436 	2.84169e-19
31.0695 	-0.404106 	0.561233 	1.9436 	2.84169e-19
31.1397 	-0.411061 	0.556076 	1.95384 	-1.51044e-19
31.2098 	-0.411061 	0.556076 	1.95384 	-1.51044e-19
31.2799 	-0.411061 	0.556076 	1.95384 	-1.51044e-19
31.3501 	-0.411061 	0.556076 	1.95384 	-1.51044e-19
31.4202 	-0.411061 	0.556076 	1.95384 	-1.51044e-19
31.4903 	-0.411061 	0.556076 	1.95384 	-1.51044e-19
31.5605 	-0.424718 	0.507425 	1.73933 	2.59697e-19
31.6306 	-0.424718 	0.507425 	1.73933 	2.59697e-19
31.7007 	-0.434322 	0.499876 	1.74111 	-8.22301e-20
31.7709 	-0.434322 	0.499876 	1.74111 	-8.22301e-20
31.841 	-0.434322 	0.499876 	1.74111 	-8.22301e-20
31.9111 	-0.434322 	0.499876 	1.74111 	-8.22301e-20
31.9813 	-0.434322 	0.499876 	1.74111 	-8.22301e-20
32.0514 	-0.434322 	0.499876 	1.74111 	-8.22301e-20
32.1216 	-0.434322 	0.499876 	1.74111 	-8.22301e-20
32.1917 	-0.434322 	0.499876 	1.74111 	-8.22301e-20
32.2618 	-0.434322 	0.499876 	1.74111 	-8.22301e-20
32.332 	-0.43958 	0.490356 	1.75008 	0
32.4021 	-0.43958 	0.490356 	1.75008 	0
32.4722 	-0.43958 	0.490356 	1.75008 	0
32.5424 	-0.43958 	0.490356 	1.75008 	0
32.6125 	-0.43958 	0.490356 	1.75008 	0
32.6826 	-0.43958 	0.490356 	1.75008 	0
32.7528 	-0.43958 	0.490356 	1.75008 	0
32.8229 	-0.43958 	0.490356 	1.75008 	0
32.893 	-0.43958 	0.490356 	1.75008 	0
32.9632 	-0.442493 	0.480102 	1.75123 	0
33.0333 	-0.442493 	0.480102 	1.75123 	0
33.1034 	-0.442493 	0.480102 	1.75123 	0
33.1736 	-0.442493 	0.480102 	1.75123 	0
33.2437 	-0.442493 	0.480102 	1.75123 	0
33.3138 	-0.442493 	0.480102 	1.75123 	0
33.384 	-0.442493 	0.480102 	1.75123 	0
33.4541 	-0.442493 	0.480102 	1.75123 	0
33.5242 	-0.442493 	0.480102 	1.75123 	0
33.5944 	-0.443406 	0.470995 	1.76078 	4.05517e-20
33.6645 	-0.443406 	0.470995 	1.76078 	4.05517e-20
33.7346 	-0.443406 	0.470995 	1.76078 	4.05517e-20
33.8048 	-0.443406 	0.470995 	1.76078 	4.05517e-20
33.8749 	-0.443406 	0.470995 	1.76078 	4.05517e-20
33.945 	-0.443406 	0.470995 	1.76078 	4.05517e-20
34.0152 	-0.443406 	0.470995 	1.76078 	4.05517e-20
34.0853 	-0.443406 	0.470995 	1.76078 	4.05517e-20
34.1554 	-0.443406 	0.470995 	1.76078 	4.05517e-20
34.2256 	-0.444649 	0.464888 	1.76383 	-3.62381e-20
34.2957 	-0.444649 	0.464888 	1.76383 	-3.62381e-20
34.3659 	-0.444649 	0.464888 	1.76383 	-3.62381e-20
34.436 	-0.444649 	0.464888 	1.76383 	-3.62381e-20
34.5061 	-0.444649 	0.464888 	1.76383 	-3.62381e-20
34.5763 	-0.444649 	0.464888 	1.76383 	-3.62381e-20
34.6464 	-0.444649 	0.464888 	1.76383 	-3.62381e-20
34.7165 	-0.444649 	0.464888 	1.76383 	-3.62381e-20
34.7867 	-0.444649 	0.464888 	1.76383 	-3.62381e-20
34.8568 	-0.444649 	0.464888 	1.76383 	-3.62381e-20
34.9269 	-0.444489 	0.462656 	1.76525 	7.15698e-20
34.9971 	-0.444489 	0.462656 	1.76525 	7.15698e-20
35.0672 	-0.444489 	0.462656 	1.76525 	7.15698e-20
35.1373 	-0.444489 	0.462656 	1.76525 	7.15698e-20
35.2075 	-0.444489 	0.462656 	1.76525 	7.15698e-20
35.2776 	-0.444489 	0.462656 	1.76525 	7.15698e-20
35.3477 	-0.444489 	0.462656 	1.76525 	7.15698e-20
35.4179 	-0.444489 	0.462656 	1.76525 	7.15698e-20
35.488 	-0.444489 	0.462656 	1.76525 	7.15698e-20
35.5581 	-0.444489 	0.462656 	1.76525 	7.15698e-20
35.6283 	-0.438542 	0.463114 	1.75885 	-1.70991e-20
35.6984 	-0.438542 	0.463114 	1.75885 	-1.70991e-20
35.7685 	-0.438542 	0.463114 	1.75885 	-1.70991e-20
35.8387 	-0.438542 	0.463114 	1.75885 	-1.70991e-20
35.9088 	-0.438542 	0.463114 	1.75885 	-1.70991e-20
35.9789 	-0.438542 	0.463114 	1.75885 	-1.70991e-20
36.0491 	-0.438542 	0.463114 	1.75885 	-1.70991e-20
36.1192 	-0.438542 	0.463114 	1.75885 	-1.70991e-20
36.1893 	-0.438542 	0.463114 	1.75885 	-1.70991e-20
36.2595 	-0.438542 	0.463114 	1.75885 	-1.70991e-20
36.3296 	-0.425932 	0.466514 	1.74941 	1.64536e-20
36.3997 	-0.425932 	0.466514 	1.74941 	1.64536e-20
36.4699 	-0.425932 	0.466514 	1.74941 	1.64536e-20
36.54 	-0.425932 	0.466514 	1.74941 	1.64536e-20
36.6102 	-0.425932 	0.466514 	1.74941 	1.64536e-20
36.6803 	-0.425932 	0.466514 	1.74941 	1.64536e-20
36.7504 	-0.425932 	0.466514 	1.74941 	1.64536e-20
36.8206 	-0.425932 	0.466514 	1.74941 	1.64536e-20
36.8907 	-0.425932 	0.466514 	1.74941 	1.64536e-20
36.9608 	-0.425932 	0.466514 	1.74941 	1.64536e-20
37.031 	-0.425932 	0.466514 	1.74941 	1.64536e-20
37.1011 	-0.409506 	0.463379 	1.73695 	0
37.1712 	-0.409506 	0.463379 	1.73695 	0
37.2414 	-0.409506 	0.463379 	1.73695 	0
37.3115 	-0.409506 	0.463379 	1.73695 	0
37.3816 	-0.409506 	0.463379 	1.73695 	0
37.4518 	-0.409506 	0.463379 	1.73695 	0
37.5219 	-0.409506 	0.463379 	1.73695 	0
37.592 	-0.409506 	0.463379 	1.73695 	0
37.6622 	-0.394289 	0.451422 	1.72402 	0
37.7323 	-0.394289 	0.451422 	1.72402 	0
37.8024 	-0.394289 	0.451422 	1.72402 	0
37.8726 	-0.394289 	0.451422 	1.72402 	0
37.9427 	-0.394289 	0.451422 	1.72402 	0
38.0128 	-0.394289 	0.451422 	1.72402 	0
38.083 	-0.394289 	0.451422 	1.72402 	0
38.1531 	-0.394289 	0.451422 	1.72402 	0
38.2232 	-0.394289 	0.451422 	1.72402 	0
38.2934 	-0.380561 	0.434188 	1.71282 	0
38.3635 	-0.380561 	0.434188 	1.71282 	0
38.4336 	-0.380561 	0.434188 	1.71282 	0
38.5038 	-0.380561 	0.434188 	1.71282 	0
38.5739 	-0.380561 	0.434188 	1.71282 	0
38.644 	-0.380561 	0.434188 	1.71282 	0
38.7142 	-0.380561 	0.434188 	1.71282 	0
38.7843 	-0.380561 	0.434188 	1.71282 	0
38.8545 	-0.380561 	0.434188 	1.71282 	0
38.9246 	-0.36427 	0.414706 	1.69871 	0
38.9947 	-0.36427 	0.414706 	1.69871 	0
39.0649 	-0.36427 	0.414706 	1.69871 	0
39.135 	-0.36427 	0.414706 	1.69871 	0
39.2051 	-0.36427 	0.414706 	1.69871 	0
39.2753 	-0.36427 	0.414706 	1.69871 	0
39.3454 	-0.36427 	0.414706 	1.69871 	0
39.4155 	-0.36427 	0.414706 	1.69871 	0
39.4857 	-0.36427 	0.414706 	1.69871 	0
39.5558 	-0.34472 	0.39391 	1.68234 	0
39.6259 	-0.34472 	0.39391 	1.68234 	0
39.6961 	-0.34472 	0.39391 	1.68234 	0
39.7662 	-0.34472 	0.39391 	1.68234 	0
39.8363 	-0.34472 	0.39391 	1.68234 	0
39.9065 	-0.34472 	0.39391 	1.68234 	0
39.9766 	-0.34472 	0.39391 	1.68234 	0
40.0467 	-0.34472 	0.39391 	1.68234 	0
40.1169 	-0.325784 	0.370366 	1.66735 	0
40.187 	-0.325784 	0.370366 	1.66735 	0
40.2571 	-0.325784 	0.370366 	1.66735 	0
40.3273 	-0.325784 	0.370366 	1.66735 	0
40.3974 	-0.325784 	0.370366 	1.66735 	0
40.4675 	-0.325784 	0.370366 	1.66735 	0
40.5377 	-0.325784 	0.370366 	1.66735 	0
40.6078 	-0.325784 	0.370366 	1.66735 	0
40.6779 	-0.325784 	0.370366 	1.66735 	0
40.7481 	-0.311121 	0.344089 	1.65656 	0
40.8182 	-0.311121 	0.344089 	1.65656 	0
40.8883 	-0.311121 	0.344089 	1.65656 	0
40.9585 	-0.311121 	0.344089 	1.65656 	0
41.0286 	-0.311121 	0.344089 	1.65656 	0
41.0988 	-0.311121 	0.344089 	1.65656 	0
41.1689 	-0.311121 	0.344089 	1.65656 	0
41.239 	-0.311121 	0.344089 	1.65656 	0
41.3092 	-0.311121 	0.344089 	1.65656 	0
41.3793 	-0.301785 	0.315977 	1.64975 	0
41.4494 	-0.301785 	0.315977 	1.64975 	0
41.5196 	-0.301785 	0.315977 	1.64975 	0
41.5897 	-0.301785 	0.315977 	1.64975 	0
41.6598 	-0.301785 	0.315977 	1.64975 	0
41.73 	-0.301785 	0.315977 	1.64975 	0
41.8001 	-0.301785 	0.315977 	1.64975 	0
41.8702 	-0.301785 	0.315977 	1.64975 	0
41.9404 	-0.301785 	0.315977 	1.64975 	0
42.0105 	-0.296175 	0.28668 	1.64461 	0
42.0806 	-0.296175 	0.28668 	1.64461 	0
42.1508 	-0.296175 	0.28668 	1.64461 	0
42.2209 	-0.296175 	0.28668 	1.64461 	0
42.291 	-0.296175 	0.28668 	1.64461 	0
42.3612 	-0.296175 	0.28668 	1.64461 	0
42.4313 	-0.296175 	0.28668 	1.64461 	0
42.5014 	-0.296175 	0.28668 	1.64461 	0
42.5716 	-0.296175 	0.28668 	1.64461 	0
42.6417 	-0.29292 	0.257009 	1.64005 	0
42.7118 	-0.29292 	0.257009 	1.64005 	0
42.782 	-0.29292 	0.257009 	1.64005 	0
42.8521 	-0.29292 	0.257009 	1.64005 	0
42.9222 	-0.29292 	0.257009 	1.64005 	0
42.9924 	-0.29292 	0.257009 	1.64005 	0
43.0625 	-0.29292 	0.257009 	1.64005 	0
43.1327 	-0.29292 	0.257009 	1.64005 	0
43.2028 	-0.291377 	0.22799 	1.63629 	0
43.2729 	-0.291377 	0.22799 	1.63629 	0
43.3431 	-0.291377 	0.22799 	1.63629 	0
43.4132 	-0.291377 	0.22799 	1.63629 	0
43.4833 	-0.291377 	0.22799 	1.63629 	0
43.5535 	-0.291377 	0.22799 	1.63629 	0
43.6236 	-0.291377 	0.22799 	1.63629 	0
43.6937 	-0.291377 	0.22799 	1.63629 	0
43.7639 	-0.291377 	0.22799 	1.63629 	0
43.834 	-0.290098 	0.198982 	1.6323 	0
43.9041 	-0.290098 	0.198982 	1.6323 	0
43.9743 	-0.290098 	0.198982 	1.6323 	0
44.0444 	-0.290098 	0.198982 	1.6323 	0
44.1145 	-0.290098 	0.198982 	1.6323 	0
44.1847 	-0.290098 	0.198982 	1.6323 	0
44.2548 	-0.290098 	0.198982 	1.6323 	0
44.3249 	-0.290098 	0.198982 	1.6323 	0
44.3951 	-0.290098 	0.198982 	1.6323 	0
44.4652 	-0.288098 	0.168513 	1.6277 	0
44.5353 	-0.288098 	0.168513 	1.6277 	0
44.6055 	-0.288098 	0.168513 	1.6277 	0
44.6756 	-0.288098 	0.168513 	1.6277 	0
44.7457 	-0.288098 	0.168513 	1.6277 	0
44.8159 	-0.288098 	0.168513 	1.6277 	0
44.886 	-0.288098 	0.168513 	1.6277 	0
44.9561 	-0.288098 	0.168513 	1.6277 	0
45.0263 	-0.288098 	0.168513 	1.6277 	0
45.0964 	-0.285821 	0.137046 	1.62324 	0
45.1665 	-0.285821 	0.137046 	1.62324 	0
45.2367 	-0.285821 	0.137046 	1.62324 	0
45.3068 	-0.285821 	0.137046 	1.62324 	0
45.377 	-0.285821 	0.137046 	1.62324 	0
45.4471 	-0.285821 	0.137046 	1.62324 	0
45.5172 	-0.285821 	0.137046 	1.62324 	0
45.5874 	-0.285821 	0.137046 	1.62324 	0
45.6575 	-0.283437 	0.105097 	1.619 	0
45.7276 	-0.283437 	0.105097 	1.619 	0
45.7978 	-0.283437 	0.105097 	1.619 	0
45.8679 	-0.283437 	0.105097 	1.619 	0
45.938 	-0.283437 	0.105097 	1.619 	0
46.0082 	-0.283437 	0.105097 	1.619 	0
46.0783 	-0.283437 	0.105097 	1.619 	0
46.1484 	-0.283437 	0.105097 	1.619 	0
46.2186 	-0.283437 	0.105097 	1.619 	0
46.2887 	-0.280155 	0.0734065 	1.61443 	0
46.3588 	-0.280155 	0.0734065 	1.61443 	0
46.429 	-0.280155 	0.0734065 	1.61443 	0
46.4991 	-0.280155 	0.0734065 	1.61443 	0
46.5692 	-0.280155 	0.0734065 	1.61443 	0
46.6394 	-0.280155 	0.0734065 	1.61443 	0
46.7095 	-0.280155 	0.0734065 	1.61443 	0
46.7796 	-0.236133 	0.0761198 	1.57482 	0
46.8498 	-0.236133 	0.0761198 	1.57482 	0
46.9199 	-0.23346 	0.0470217 	1.57122 	0
46.99 	-0.23346 	0.0470217 	1.57122 	0
47.0602 	-0.23346 	0.0470217 	1.57122 	0
47.1303 	-0.23346 	0.0470217 	1.57122 	0
47.2004 	-0.23346 	0.0470217 	1.57122 	0
47.2706 	-0.23346 	0.0470217 	1.57122 	0
47.3407 	-0.23346 	0.0470217 	1.57122 	0
47.4108 	-0.23346 	0.0470217 	1.57122 	0
47.481 	-0.23346 	0.0470217 	1.57122 	0
47.5511 	-0.228687 	0.0198151 	1.56755 	0
47.6213 	-0.228687 	0.0198151 	1.56755 	0
47.6914 	-0.228687 	0.0198151 	1.56755 	0
47.7615 	-0.228687 	0.0198151 	1.56755 	0
47.8317 	-0.228687 	0.0198151 	1.56755 	0
47.9018 	-0.228687 	0.0198151 	1.56755 	0
47.9719 	-0.228687 	0.0198151 	1.56755 	0
48.0421 	-0.228687 	0.0198151 	1.56755 	0
48.1122 	-0.228687 	0.0198151 	1.56755 	0
48.1823 	-0.220999 	-0.00521472 	1.56303 	0
48.2525 	-0.220999 	-0.00521472 	1.56303 	0
48.3226 	-0.220999 	-0.00521472 	1.56303 	0
48.3927 	-0.220999 	-0.00521472 	1.56303 	0
48.4629 	-0.220999 	-0.00521472 	1.56303 	0
48.533 	-0.220999 	-0.00521472 	1.56303 	0
48.6031 	-0.220999 	-0.00521472 	1.56303 	0
48.6733 	-0.220999 	-0.00521472 	1.56303 	0
48.7434 	-0.209754 	-0.0266851 	1.5574 	0
48.8135 	-0.209754 	-0.0266851 	1.5574 	0
48.8837 	-0.209754 	-0.0266851 	1.5574 	0
48.9538 	-0.209754 	-0.0266851 	1.5574 	0
49.0239 	-0.209754 	-0.0266851 	1.5574 	0
49.0941 	-0.209754 	-0.0266851 	1.5574 	0
49.1642 	-0.209754 	-0.0266851 	1.5574 	0
49.2343 	-0.209754 	-0.0266851 	1.5574 	0
49.3045 	-0.209754 	-0.0266851 	1.5574 	0
49.3746 	-0.195333 	-0.0445763 	1.55037 	0
49.4447 	-0.195333 	-0.0445763 	1.55037 	0
49.5149 	-0.195333 	-0.0445763 	1.55037 	0
49.585 	-0.195333 	-0.0445763 	1.55037 	0
49.6551 	-0.195333 	-0.0445763 	1.55037 	0
49.7253 	-0.195333 	-0.0445763 	1.55037 	0
49.7954 	-0.195333 	-0.0445763 	1.55037 	0
49.8656 	-0.195333 	-0.0445763 	1.55037 	0
49.9357 	-0.195333 	-0.0445763 	1.55037 	0
50.0058 	-0.178761 	-0.058247 	1.54201 	0
50.076 	-0.178761 	-0.058247 	1.54201 	0
50.1461 	-0.178761 	-0.058247 	1.54201 	0
50.2162 	-0.178761 	-0.058247 	1.54201 	0
50.2864 	-0.178761 	-0.058247 	1.54201 	0
50.3565 	-0.178761 	-0.058247 	1.54201 	0
50.4266 	-0.178761 	-0.058247 	1.54201 	0
50.4968 	-0.178761 	-0.058247 	1.54201 	0
50.5669 	-0.178761 	-0.058247 	1.54201 	0
50.637 	-0.161353 	-0.0677491 	1.53289 	0
50.7072 	-0.161353 	-0.0677491 	1.53289 	0
50.7773 	-0.161353 	-0.0677491 	1.53289 	0
50.8474 	-0.161353 	-0.0677491 	1.53289 	0
50.9176 	-0.161353 	-0.0677491 	1.53289 	0
50.9877 	-0.161353 	-0.0677491 	1.53289 	0
51.0578 	-0.161353 	-0.0677491 	1.53289 	0
51.128 	-0.161353 	-0.0677491 	1.53289 	0
51.1981 	-0.161353 	-0.0677491 	1.53289 	0
51.2682 	-0.144298 	-0.0724773 	1.52333 	0
51.3384 	-0.144298 	-0.0724773 	1.52333 	0
51.4085 	-0.144298 	-0.0724773 	1.52333 	0
51.4786 	-0.144298 	-0.0724773 	1.52333 	0
51.5488 	-0.144298 	-0.0724773 	1.52333 	0
51.6189 	-0.144298 	-0.0724773 	1.52333 	0
51.689 	-0.144298 	-0.0724773 	1.52333 	0
51.7592 	-0.144298 	-0.0724773 	1.52333 	0
51.8293 	-0.127918 	-0.0732529 	1.51332 	0
51.8994 	-0.127918 	-0.0732529 	1.51332 	0
51.9696 	-0.127918 	-0.0732529 	1.51332 	0
52.0397 	-0.127918 	-0.0732529 	1.51332 	0
52.1099 	-0.127918 	-0.0732529 	1.51332 	0
52.18 	-0.127918 	-0.0732529 	1.51332 	0
52.2501 	-0.127918 	-0.0732529 	1.51332 	0
52.3203 	-0.127918 	-0.0732529 	1.51332 	0
52.3904 	-0.127918 	-0.0732529 	1.51332 	0
52.4605 	-0.112169 	-0.0710326 	1.50261 	0
52.5307 	-0.112169 	-0.0710326 	1.50261 	0
52.6008 	-0.112169 	-0.0710326 	1.50261 	0
52.6709 	-0.112169 	-0.0710326 	1.50261 	0
52.7411 	-0.112169 	-0.0710326 	1.50261 	0
52.8112 	-0.112169 	-0.0710326 	1.50261 	0
52.8813 	-0.112169 	-0.0710326 	1.50261 	0
52.9515 	-0.112169 	-0.0710326 	1.50261 	0
53.0216 	-0.112169 	-0.0710326 	1.50261 	0
53.0917 	-0.0977998 	-0.0669303 	1.49157 	0
53.1619 	-0.0977998 	-0.0669303 	1.49157 	0
53.232 	-0.0977998 	-0.0669303 	1.49157 	0
53.3021 	-0.0977998 	-0.0669303 	1.49157 	0
53.3723 	-0.0977998 	-0.0669303 	1.49157 	0
53.4424 	-0.0977998 	-0.0669303 	1.49157 	0
53.5125 	-0.0977998 	-0.0669303 	1.49157 	0
53.5827 	-0.0977998 	-0.0669303 	1.49157 	0
53.6528 	-0.0977998 	-0.0669303 	1.49157 	0
53.7229 	-0.0857626 	-0.0614487 	1.48091 	0
53.7931 	-0.0857626 	-0.0614487 	1.48091 	0
53.8632 	-0.0857626 	-0.0614487 	1.48091 	0
53.9333 	-0.0857626 	-0.0614487 	1.48091 	0
54.0035 	-0.0857626 	-0.0614487 	1.48091 	0
54.0736 	-0.0857626 	-0.0614487 	1.48091 	0
54.1437 	-0.0857626 	-0.0614487 	1.48091 	0
54.2139 	-0.0857626 	-0.0614487 	1.48091 	0
54.284 	-0.0764385 	-0.0551742 	1.47123 	0
54.3542 	-0.0764385 	-0.0551742 	1.47123 	0
54.4243 	-0.0764385 	-0.0551742 	1.47123 	0
54.4944 	-0.0764385 	-0.0551742 	1.47123 	0
54.5646 	-0.0764385 	-0.0551742 	1.47123 	0
54.6347 	-0.0764385 	-0.0551742 	1.47123 	0
54.7048 	-0.0764385 	-0.0551742 	1.47123 	0
54.775 	-0.0764385 	-0.0551742 	1.47123 	0
54.8451 	-0.0764385 	-0.0551742 	1.47123 	0
54.9152 	-0.0693844 	-0.0484222 	1.4621 	0
54.9854 	-0.0693844 	-0.0484222 	1.4621 	0
55.0555 	-0.0693844 	-0.0484222 	1.4621 	0
55.1256 	-0.0693844 	-0.0484222 	1.4621 	0
55.1958 	-0.0693844 	-0.0484222 	1.4621 	0
55.2659 	-0.0693844 	-0.0484222 	1.4621 	0
55.336 	-0.0693844 	-0.0484222 	1.4621 	0
55.4062 	-0.0693844 	-0.0484222 	1.4621 	0
55.4763 	-0.0693844 	-0.0484222 	1.4621 	0
55.5464 	-0.0640889 	-0.0418228 	1.45302 	0
55.6166 	-0.0640889 	-0.0418228 	1.45302 	0
55.6867 	-0.0640889 	-0.0418228 	1.45302 	0
55.7568 	-0.0640889 	-0.0418228 	1.45302 	0
55.827 	-0.0640889 	-0.0418228 	1.45302 	0
55.8971 	-0.0640889 	-0.0418228 	1.45302 	0
55.9672 	-0.0640889 	-0.0418228 	1.45302 	0
56.0374 	-0.0640889 	-0.0418228 	1.45302 	0
56.1075 	-0.0640889 	-0.0418228 	1.45302 	0
56.1776 	-0.0603773 	-0.0355003 	1.44415 	0
56.2478 	-0.0603773 	-0.0355003 	1.44415 	0
56.3179 	-0.0603773 	-0.0355003 	1.44415 	0
56.3881 	-0.0603773 	-0.0355003 	1.44415 	0
56.4582 	-0.0603773 	-0.0355003 	1.44415 	0
56.5283 	-0.0603773 	-0.0355003 	1.44415 	0
56.5985 	-0.0603773 	-0.0355003 	1.44415 	0
56.6686 	-0.0603773 	-0.0355003 	1.44415 	0
56.7387 	-0.0603773 	-0.0355003 	1.44415 	0
56.8089 	-0.0582581 	-0.0300065 	1.43549 	0
56.879 	-0.0582581 	-0.0300065 	1.43549 	0
56.9491 	-0.0582581 	-0.0300065 	1.43549 	0
57.0193 	-0.0582581 	-0.0300065 	1.43549 	0
57.0894 	-0.0582581 	-0.0300065 	1.43549 	0
57.1595 	-0.0582581 	-0.0300065 	1.43549 	0
57.2297 	-0.0582581 	-0.0300065 	1.43549 	0
57.2998 	-0.0582581 	-0.0300065 	1.43549 	0
57.3699 	-0.0576053 	-0.0251919 	1.42753 	0
57.4401 	-0.0576053 	-0.0251919 	1.42753 	0
57.5102 	-0.0576053 	-0.0251919 	1.42753 	0
57.5803 	-0.0576053 	-0.0251919 	1.42753 	0
57.6505 	-0.0576053 	-0.0251919 	1.42753 	0
57.7206 	-0.0576053 	-0.0251919 	1.42753 	0
57.7907 	-0.0576053 	-0.0251919 	1.42753 	0
57.8609 	-0.0576053 	-0.0251919 	1.42753 	0
57.931 	-0.0576053 	-0.0251919 	1.42753 	0
58.0011 	-0.0580372 	-0.0216515 	1.41981 	0
58.0713 	-0.0580372 	-0.0216515 	1.41981 	0
58.1414 	-0.0580372 	-0.0216515 	1.41981 	0
58.2115 	-0.0580372 	-0.0216515 	1.41981 	0
58.2817 	-0.0580372 	-0.0216515 	1.41981 	0
58.3518 	-0.0580372 	-0.0216515 	1.41981 	0
58.4219 	-0.0580372 	-0.0216515 	1.41981 	0
58.4921 	-0.0580372 	-0.0216515 	1.41981 	0
58.5622 	-0.0580372 	-0.0216515 	1.41981 	0
58.6324 	-0.0589567 	-0.0189461 	1.41273 	0
58.7025 	-0.0589567 	-0.0189461 	1.41273 	0
58.7726 	-0.0589567 	-0.0189461 	1.41273 	0
58.8428 	-0.0589567 	-0.0189461 	1.41273 	0
58.9129 	-0.0589567 	-0.0189461 	1.41273 	0
58.983 	-0.0589567 	-0.0189461 	1.41273 	0
59.0532 	-0.0589567 	-0.0189461 	1.41273 	0
59.1233 	-0.0589567 	-0.0189461 	1.41273 	0
59.1934 	-0.0589567 	-0.0189461 	1.41273 	0
59.2636 	-0.0598594 	-0.0181226 	1.40606 	0
59.3337 	-0.0598594 	-0.0181226 	1.40606 	0
59.4038 	-0.0598594 	-0.0181226 	1.40606 	0
59.474 	-0.0598594 	-0.0181226 	1.40606 	0
59.5441 	-0.0598594 	-0.0181226 	1.40606 	0
59.6142 	-0.0598594 	-0.0181226 	1.40606 	0
59.6844 	-0.0598594 	-0.0181226 	1.40606 	0
59.7545 	-0.0598594 	-0.0181226 	1.40606 	0
59.8246 	-0.0604691 	-0.018031 	1.40027 	0
59.8948 	-0.0604691 	-0.018031 	1.40027 	0
59.9649 	-0.0604691 	-0.018031 	1.40027 	0
60.035 	-0.0604691 	-0.018031 	1.40027 	0
60.1052 	-0.0604691 	-0.018031 	1.40027 	0
60.1753 	-0.0604691 	-0.018031 	1.40027 	0
60.2454 	-0.0604691 	-0.018031 	1.40027 	0
60.3156 	-0.0604691 	-0.018031 	1.40027 	0
60.3857 	-0.0604691 	-0.018031 	1.40027 	0
60.4558 	-0.0606803 	-0.0198574 	1.39556 	0
60.526 	-0.0606803 	-0.0198574 	1.39556 	0
60.5961 	-0.0606803 	-0.0198574 	1.39556 	0
60.6662 	-0.0606803 	-0.0198574 	1.39556 	0
60.7364 	-0.0606803 	-0.0198574 	1.39556 	0
60.8065 	-0.0606803 	-0.0198574 	1.39556 	0
60.8767 	-0.0606803 	-0.0198574 	1.39556 	0
60.9468 	-0.0606803 	-0.0198574 	1.39556 	0
61.0169 	-0.0606803 	-0.0198574 	1.39556 	0
61.0871 	-0.0601077 	-0.0221465 	1.39275 	0
61.1572 	-0.0601077 	-0.0221465 	1.39275 	0
61.2273 	-0.0601077 	-0.0221465 	1.39275 	0
61.2975 	-0.0601077 	-0.0221465 	1.39275 	0
61.3676 	-0.0601077 	-0.0221465 	1.39275 	0
61.4377 	-0.0601077 	-0.0221465 	1.39275 	0
61.5079 	-0.0601077 	-0.0221465 	1.39275 	0
61.578 	-0.0601077 	-0.0221465 	1.39275 	0
61.6481 	-0.0601077 	-0.0221465 	1.39275 	0
61.7183 	-0.0584679 	-0.0260903 	1.3908 	0
61.7884 	-0.0584679 	-0.0260903 	1.3908 	0
61.8585 	-0.0584679 	-0.0260903 	1.3908 	0
61.9287 	-0.0584679 	-0.0260903 	1.3908 	0
61.9988 	-0.0584679 	-0.0260903 	1.3908 	0
62.0689 	-0.0584679 	-0.0260903 	1.3908 	0
62.1391 	-0.0584679 	-0.0260903 	1.3908 	0
62.2092 	-0.0584679 	-0.0260903 	1.3908 	0
62.2793 	-0.0584679 	-0.0260903 	1.3908 	0
62.3495 	-0.0556232 	-0.0301996 	1.39198 	0
62.4196 	-0.0556232 	-0.0301996 	1.39198 	0
62.4897 	-0.0556232 	-0.0301996 	1.39198 	0
62.5599 	-0.0556232 	-0.0301996 	1.39198 	0
62.63 	-0.0556232 	-0.0301996 	1.39198 	0
62.7001 	-0.0556232 	-0.0301996 	1.39198 	0
62.7703 	-0.0556232 	-0.0301996 	1.39198 	0
62.8404 	-0.0556232 	-0.0301996 	1.39198 	0
62.9105 	-0.0516486 	-0.0346593 	1.39331 	0
62.9807 	-0.0516486 	-0.0346593 	1.39331 	0
63.0508 	-0.0516486 	-0.0346593 	1.39331 	0
63.121 	-0.0516486 	-0.0346593 	1.39331 	0
63.1911 	-0.0516486 	-0.0346593 	1.39331 	0
63.2612 	-0.0516486 	-0.0346593 	1.39331 	0
63.3314 	-0.0516486 	-0.0346593 	1.39331 	0
63.4015 	-0.0516486 	-0.0346593 	1.39331 	0
63.4716 	-0.0516486 	-0.0346593 	1.39331 	0
63.5418 	-0.0466402 	-0.0388029 	1.39796 	0
63.6119 	-0.0466402 	-0.0388029 	1.39796 	0
63.682 	-0.0466402 	-0.0388029 	1.39796 	0
63.7522 	-0.0466402 	-0.0388029 	1.39796 	0
63.8223 	-0.0466402 	-0.0388029 	1.39796 	0
63.8924 	-0.0466402 	-0.0388029 	1.39796 	0
63.9626 	-0.0466402 	-0.0388029 	1.39796 	0
64.0327 	-0.0466402 	-0.0388029 	1.39796 	0
64.1028 	-0.0466402 	-0.0388029 	1.39796 	0
64.173 	-0.0408099 	-0.0416508 	1.40254 	0
64.2431 	-0.0408099 	-0.0416508 	1.40254 	0
64.3132 	-0.0408099 	-0.0416508 	1.40254 	0
64.3834 	-0.0408099 	-0.0416508 	1.40254 	0
64.4535 	-0.0408099 	-0.0416508 	1.40254 	0
64.5236 	-0.0408099 	-0.0416508 	1.40254 	0
64.5938 	-0.0408099 	-0.0416508 	1.40254 	0
64.6639 	-0.0408099 	-0.0416508 	1.40254 	0
64.734 	-0.0408099 	-0.0416508 	1.40254 	0
64.8042 	-0.0344702 	-0.0443167 	1.40925 	0
64.8743 	-0.0344702 	-0.0443167 	1.40925 	0
64.9444 	-0.0344702 	-0.0443167 	1.40925 	0
65.0146 	-0.0344702 	-0.0443167 	1.40925 	0
65.0847 	-0.0344702 	-0.0443167 	1.40925 	0
65.1548 	-0.0344702 	-0.0443167 	1.40925 	0
65.225 	-0.0344702 	-0.0443167 	1.40925 	0
65.2951 	-0.0403645 	-0.0538634 	1.43403 	0
65.3653 	-0.0403645 	-0.0538634 	1.43403 	0
65.4354 	-0.0317084 	-0.0542525 	1.44268 	0
65.5055 	-0.0317084 	-0.0542525 	1.44268 	0
65.5757 	-0.0317084 	-0.0542525 	1.44268 	0
65.6458 	-0.0317084 	-0.0542525 	1.44268 	0
65.7159 	-0.0317084 	-0.0542525 	1.44268 	0
65.7861 	-0.0317084 	-0.0542525 	1.44268 	0
65.8562 	-0.0317084 	-0.0542525 	1.44268 	0
65.9263 	-0.0317084 	-0.0542525 	1.44268 	0
65.9965 	-0.0234912 	-0.0548099 	1.45026 	0
66.0666 	-0.0234912 	-0.0548099 	1.45026 	0
66.1367 	-0.0234912 	-0.0548099 	1.45026 	0
66.2069 	-0.0234912 	-0.0548099 	1.45026 	0
66.277 	-0.0234912 	-0.0548099 	1.45026 	0
66.3471 	-0.0234912 	-0.0548099 	1.45026 	0
66.4173 	-0.0234912 	-0.0548099 	1.45026 	0
66.4874 	-0.0234912 	-0.0548099 	1.45026 	0
66.5575 	-0.0234912 	-0.0548099 	1.45026 	0
66.6277 	-0.0159051 	-0.0520787 	1.46121 	0
66.6978 	-0.0159051 	-0.0520787 	1.46121 	0
66.7679 	-0.0159051 	-0.0520787 	1.46121 	0
66.8381 	-0.0159051 	-0.0520787 	1.46121 	0
66.9082 	-0.0159051 	-0.0520787 	1.46121 	0
66.9783 	-0.0159051 	-0.0520787 	1.46121 	0
67.0485 	-0.0159051 	-0.0520787 	1.46121 	0
67.1186 	-0.0159051 	-0.0520787 	1.46121 	0
67.1887 	-0.0159051 	-0.0520787 	1.46121 	0
67.2589 	-0.00943497 	-0.0455037 	1.46651 	0
67.329 	-0.00943497 	-0.0455037 	1.46651 	0
67.3991 	-0.00943497 	-0.0455037 	1.46651 	0
67.4693 	-0.00943497 	-0.0455037 	1.46651 	0
67.5394 	-0.00943497 	-0.0455037 	1.46651 	0
67.6096 	-0.00943497 	-0.0455037 	1.46651 	0
67.6797 	-0.00943497 	-0.0455037 	1.46651 	0
67.7498 	-0.00943497 	-0.0455037 	1.46651 	0
67.82 	-0.00943497 	-0.0455037 	1.46651 	0
67.8901 	-0.0049889 	-0.0415068 	1.47572 	0
67.9602 	-0.0049889 	-0.0415068 	1.47572 	0
68.0304 	-0.0049889 	-0.0415068 	1.47572 	0
68.1005 	-0.0049889 	-0.0415068 	1.47572 	0
68.1706 	-0.0049889 	-0.0415068 	1.47572 	0
68.2408 	-0.0049889 	-0.0415068 	1.47572 	0
68.3109 	-0.0049889 	-0.0415068 	1.47572 	0
68.381 	-0.0049889 	-0.0415068 	1.47572 	0
68.4512 	-0.000995905 	-0.0270631 	1.47966 	0
68.5213 	-0.000995905 	-0.0270631 	1.47966 	0
68.5914 	-0.000995905 	-0.0270631 	1.47966 	0
68.6616 	-0.000995905 	-0.0270631 	1.47966 	0
68.7317 	-0.000995905 	-0.0270631 	1.47966 	0
68.8018 	-0.000995905 	-0.0270631 	1.47966 	0
68.872 	-0.000995905 	-0.0270631 	1.47966 	0
68.9421 	-0.000995905 	-0.0270631 	1.47966 	0
69.0122 	-0.000995905 	-0.0270631 	1.47966 	0
