0.490941 	1.14914 	0.0061101 	3.00277 	0
0.561075 	1.14914 	0.0061101 	3.00277 	0
0.63121 	1.14914 	0.0061101 	3.00277 	0
0.701344 	1.14914 	0.0061101 	3.00277 	0
0.771478 	1.14914 	0.0061101 	3.00277 	0
0.841613 	1.14914 	0.0061101 	3.00277 	0
0.911747 	1.14914 	0.0061101 	3.00277 	0
0.981881 	1.14914 	0.0061101 	3.00277 	0
1.05202 	1.14914 	0.0061101 	3.00277 	0
1.12215 	1.14914 	0.0061101 	3.00277 	0
1.19228 	1.14914 	0.0061101 	3.00277 	0
1.26242 	1.123 	0.0114932 	3.00803 	0
1.33255 	1.123 	0.0114932 	3.00803 	0
1.40269 	1.123 	0.0114932 	3.00803 	0
1.47282 	1.123 	0.0114932 	3.00803 	0
1.54296 	1.123 	0.0114932 	3.00803 	0
1.61309 	1.123 	0.0114932 	3.00803 	0
1.68323 	1.123 	0.0114932 	3.00803 	0
1.75336 	1.123 	0.0114932 	3.00803 	0
1.82349 	1.07328 	0.0148614 	3.02381 	4.11129e-19
1.89363 	1.07328 	0.0148614 	3.02381 	4.11129e-19
1.96376 	1.07328 	0.0148614 	3.02381 	4.11129e-19
2.0339 	1.07328 	0.0148614 	3.02381 	4.11129e-19
2.10403 	1.07328 	0.0148614 	3.02381 	4.11129e-19
2.17417 	1.07328 	0.0148614 	3.02381 	4.11129e-19
2.2443 	1.07328 	0.0148614 	3.02381 	4.11129e-19
2.31443 	1.07328 	0.0148614 	3.02381 	4.11129e-19
2.38457 	1.07328 	0.0148614 	3.02381 	4.11129e-19
2.4547 	1.07328 	0.0148614 	3.02381 	4.11129e-19
2.52484 	1.07328 	0.0148614 	3.02381 	4.11129e-19
2.59497 	1.0385 	0.00736103 	3.03678 	-6.52165e-19
2.66511 	1.0385 	0.00736103 	3.03678 	-6.52165e-19
2.73524 	1.0385 	0.00736103 	3.03678 	-6.52165e-19
2.80538 	1.0385 	0.00736103 	3.03678 	-6.52165e-19
2.87551 	1.0385 	0.00736103 	3.03678 	-6.52165e-19
2.94564 	1.0385 	0.00736103 	3.03678 	-6.52165e-19
3.01578 	1.0385 	0.00736103 	3.03678 	-6.52165e-19
3.08591 	1.0385 	0.00736103 	3.03678 	-6.52165e-19
3.15605 	1.0385 	0.00736103 	3.03678 	-6.52165e-19
3.22618 	1.0385 	0.00736103 	3.03678 	-6.52165e-19
3.29632 	1.00597 	0.020164 	3.04342 	6.59494e-19
3.36645 	1.00597 	0.020164 	3.04342 	6.59494e-19
3.43659 	1.00597 	0.020164 	3.04342 	6.59494e-19
3.50672 	1.00597 	0.020164 	3.04342 	6.59494e-19
3.57685 	1.00597 	0.020164 	3.04342 	6.59494e-19
3.64699 	1.00597 	0.020164 	3.04342 	6.59494e-19
3.71712 	1.00597 	0.020164 	3.04342 	6.59494e-19
3.78726 	1.00597 	0.020164 	3.04342 	6.59494e-19
3.85739 	1.00597 	0.020164 	3.04342 	6.59494e-19
3.92753 	1.00597 	0.020164 	3.04342 	6.59494e-19
3.99766 	1.00597 	0.020164 	3.04342 	6.59494e-19
4.06779 	0.987733 	0.00368347 	3.05019 	-1.85295e-20
4.13793 	0.987733 	0.00368347 	3.05019 	-1.85295e-20
4.20806 	0.987733 	0.00368347 	3.05019 	-1.85295e-20
4.2782 	0.987733 	0.00368347 	3.05019 	-1.85295e-20
4.34833 	0.987733 	0.00368347 	3.05019 	-1.85295e-20
4.41847 	0.987733 	0.00368347 	3.05019 	-1.85295e-20
4.4886 	0.962744 	0.0166417 	3.0579 	0
4.55874 	0.962744 	0.0166417 	3.0579 	0
4.62887 	0.962744 	0.0166417 	3.0579 	0
4.699 	0.962744 	0.0166417 	3.0579 	0
4.76914 	0.962744 	0.0166417 	3.0579 	0
4.83927 	0.962744 	0.0166417 	3.0579 	0
4.90941 	0.962744 	0.0166417 	3.0579 	0
4.97954 	0.962744 	0.0166417 	3.0579 	0
5.04968 	0.962744 	0.0166417 	3.0579 	0
5.11981 	0.962744 	0.0166417 	3.0579 	0
5.18994 	0.940456 	0.0056319 	3.06473 	-8.76206e-21
5.26008 	0.940456 	0.0056319 	3.06473 	-8.76206e-21
5.33021 	0.940456 	0.0056319 	3.06473 	-8.76206e-21
5.40035 	0.940456 	0.0056319 	3.06473 	-8.76206e-21
5.47048 	0.940456 	0.0056319 	3.06473 	-8.76206e-21
5.54062 	0.940456 	0.0056319 	3.06473 	-8.76206e-21
5.61075 	0.940456 	0.0056319 	3.06473 	-8.76206e-21
5.68089 	0.911471 	0.0111948 	3.07445 	0
5.75102 	0.911471 	0.0111948 	3.07445 	0
5.82115 	0.911471 	0.0111948 	3.07445 	0
5.89129 	0.911471 	0.0111948 	3.07445 	0
5.96142 	0.911471 	0.0111948 	3.07445 	0
6.03156 	0.911471 	0.0111948 	3.07445 	0
6.10169 	0.911471 	0.0111948 	3.07445 	0
6.17183 	0.911471 	0.0111948 	3.07445 	0
6.24196 	0.911471 	0.0111948 	3.07445 	0
6.3121 	0.882557 	0.00729987 	3.08263 	0
6.38223 	0.882557 	0.00729987 	3.08263 	0
6.45236 	0.882557 	0.00729987 	3.08263 	0
6.5225 	0.882557 	0.00729987 	3.08263 	0
6.59263 	0.882557 	0.00729987 	3.08263 	0
6.66277 	0.882557 	0.00729987 	3.08263 	0
6.7329 	0.882557 	0.00729987 	3.08263 	0
6.80304 	0.882557 	0.00729987 	3.08263 	0
6.87317 	0.856988 	0.00618231 	3.0909 	2.93983e-19
6.9433 	0.856988 	0.00618231 	3.0909 	2.93983e-19
7.01344 	0.856988 	0.00618231 	3.0909 	2.93983e-19
7.08357 	0.856988 	0.00618231 	3.0909 	2.93983e-19
7.15371 	0.856988 	0.00618231 	3.0909 	2.93983e-19
7.22384 	0.856988 	0.00618231 	3.0909 	2.93983e-19
7.29398 	0.856988 	0.00618231 	3.0909 	2.93983e-19
7.36411 	0.856988 	0.00618231 	3.0909 	2.93983e-19
7.43425 	0.856988 	0.00618231 	3.0909 	2.93983e-19
7.50438 	0.824676 	0.0087014 	3.09986 	-2.18843e-18
7.57451 	0.824676 	0.0087014 	3.09986 	-2.18843e-18
7.64465 	0.824676 	0.0087014 	3.09986 	-2.18843e-18
7.71478 	0.824676 	0.0087014 	3.09986 	-2.18843e-18
7.78492 	0.824676 	0.0087014 	3.09986 	-2.18843e-18
7.85505 	0.824676 	0.0087014 	3.09986 	-2.18843e-18
7.92519 	0.824676 	0.0087014 	3.09986 	-2.18843e-18
7.99532 	0.824676 	0.0087014 	3.09986 	-2.18843e-18
8.06545 	0.806717 	0.00243671 	3.10603 	2.13725e-18
8.13559 	0.806717 	0.00243671 	3.10603 	2.13725e-18
8.20572 	0.806717 	0.00243671 	3.10603 	2.13725e-18
8.27586 	0.806717 	0.00243671 	3.10603 	2.13725e-18
8.34599 	0.806717 	0.00243671 	3.10603 	2.13725e-18
8.41613 	0.806717 	0.00243671 	3.10603 	2.13725e-18
8.48626 	0.806717 	0.00243671 	3.10603 	2.13725e-18
8.5564 	0.806717 	0.00243671 	3.10603 	2.13725e-18
8.62653 	0.806717 	0.00243671 	3.10603 	2.13725e-18
8.69666 	0.775505 	0.0161561 	3.11803 	1.97214e-18
8.7668 	0.775505 	0.0161561 	3.11803 	1.97214e-18
8.83693 	0.775505 	0.0161561 	3.11803 	1.97214e-18
8.90707 	0.775505 	0.0161561 	3.11803 	1.97214e-18
8.9772 	0.775505 	0.0161561 	3.11803 	1.97214e-18
9.04734 	0.775505 	0.0161561 	3.11803 	1.97214e-18
9.11747 	0.775505 	0.0161561 	3.11803 	1.97214e-18
9.18761 	0.775505 	0.0161561 	3.11803 	1.97214e-18
9.25774 	0.744677 	0.00182858 	3.1188 	-1.83918e-18
9.32787 	0.744677 	0.00182858 	3.1188 	-1.83918e-18
9.39801 	0.744677 	0.00182858 	3.1188 	-1.83918e-18
9.46814 	0.744677 	0.00182858 	3.1188 	-1.83918e-18
9.53828 	0.744677 	0.00182858 	3.1188 	-1.83918e-18
9.60841 	0.744677 	0.00182858 	3.1188 	-1.83918e-18
9.67855 	0.744677 	0.00182858 	3.1188 	-1.83918e-18
9.74868 	0.744677 	0.00182858 	3.1188 	-1.83918e-18
9.81881 	0.727997 	0.016256 	3.12983 	-5.64635e-19
9.88895 	0.727997 	0.016256 	3.12983 	-5.64635e-19
9.95908 	0.727997 	0.016256 	3.12983 	-5.64635e-19
10.0292 	0.727997 	0.016256 	3.12983 	-5.64635e-19
10.0994 	0.727997 	0.016256 	3.12983 	-5.64635e-19
10.1695 	0.727997 	0.016256 	3.12983 	-5.64635e-19
10.2396 	0.727997 	0.016256 	3.12983 	-5.64635e-19
10.3098 	0.727997 	0.016256 	3.12983 	-5.64635e-19
10.3799 	0.727997 	0.016256 	3.12983 	-5.64635e-19
10.45 	0.727997 	0.016256 	3.12983 	-5.64635e-19
10.5202 	0.727997 	0.016256 	3.12983 	-5.64635e-19
10.5903 	0.727997 	0.016256 	3.12983 	-5.64635e-19
10.6604 	0.751303 	0.0148205 	3.12585 	8.3104e-19
10.7306 	0.69771 	0.0362007 	3.14005 	0
10.8007 	0.69771 	0.0362007 	3.14005 	0
10.8708 	0.69771 	0.0362007 	3.14005 	0
10.941 	0.69771 	0.0362007 	3.14005 	0
11.0111 	0.69771 	0.0362007 	3.14005 	0
11.0812 	0.69771 	0.0362007 	3.14005 	0
11.1514 	0.69771 	0.0362007 	3.14005 	0
11.2215 	0.69771 	0.0362007 	3.14005 	0
11.2916 	0.69771 	0.0362007 	3.14005 	0
11.3618 	0.69771 	0.0362007 	3.14005 	0
11.4319 	0.69771 	0.0362007 	3.14005 	0
11.502 	0.69771 	0.0362007 	3.14005 	0
11.5722 	0.69771 	0.0362007 	3.14005 	0
11.6423 	0.69771 	0.0362007 	3.14005 	0
11.7124 	0.705764 	0.0235396 	3.12944 	0
11.7826 	0.644823 	0.077401 	3.16081 	9.41703e-19
11.8527 	0.644823 	0.077401 	3.16081 	9.41703e-19
11.9228 	0.644823 	0.077401 	3.16081 	9.41703e-19
11.993 	0.644823 	0.077401 	3.16081 	9.41703e-19
12.0631 	0.644823 	0.077401 	3.16081 	9.41703e-19
12.1332 	0.644823 	0.077401 	3.16081 	9.41703e-19
12.2034 	0.546754 	0.0700586 	3.18704 	-4.63886e-19
12.2735 	0.546754 	0.0700586 	3.18704 	-4.63886e-19
12.3437 	0.546754 	0.0700586 	3.18704 	-4.63886e-19
12.4138 	0.546754 	0.0700586 	3.18704 	-4.63886e-19
12.4839 	0.546754 	0.0700586 	3.18704 	-4.63886e-19
12.5541 	0.546754 	0.0700586 	3.18704 	-4.63886e-19
12.6242 	0.546754 	0.0700586 	3.18704 	-4.63886e-19
12.6943 	0.546754 	0.0700586 	3.18704 	-4.63886e-19
12.7645 	0.546754 	0.0700586 	3.18704 	-4.63886e-19
12.8346 	0.431761 	0.0365209 	3.17948 	4.27953e-19
12.9047 	0.41759 	0.137341 	3.22288 	-2.10848e-19
12.9749 	0.41759 	0.137341 	3.22288 	-2.10848e-19
13.045 	0.41759 	0.137341 	3.22288 	-2.10848e-19
13.1151 	0.41759 	0.137341 	3.22288 	-2.10848e-19
13.1853 	0.41759 	0.137341 	3.22288 	-2.10848e-19
13.2554 	0.41759 	0.137341 	3.22288 	-2.10848e-19
13.3255 	0.41759 	0.137341 	3.22288 	-2.10848e-19
13.3957 	0.644402 	0.142538 	3.19392 	1.44993e-18
13.4658 	0.644402 	0.142538 	3.19392 	1.44993e-18
13.5359 	0.644402 	0.142538 	3.19392 	1.44993e-18
13.6061 	0.644402 	0.142538 	3.19392 	1.44993e-18
13.6762 	0.644402 	0.142538 	3.19392 	1.44993e-18
13.7463 	0.644402 	0.142538 	3.19392 	1.44993e-18
13.8165 	0.724472 	0.115337 	2.86819 	-1.20605e-18
13.8866 	0.928408 	0.138563 	2.96244 	5.46116e-19
13.9567 	0.928408 	0.138563 	2.96244 	5.46116e-19
14.0269 	0.346029 	0.246602 	3.03553 	-1.81163e-18
14.097 	0.346029 	0.246602 	3.03553 	-1.81163e-18
14.1671 	0.346029 	0.246602 	3.03553 	-1.81163e-18
14.2373 	0.346029 	0.246602 	3.03553 	-1.81163e-18
14.3074 	0.346029 	0.246602 	3.03553 	-1.81163e-18
14.3776 	0.346029 	0.246602 	3.03553 	-1.81163e-18
14.4477 	0.346029 	0.246602 	3.03553 	-1.81163e-18
14.5178 	0.346029 	0.246602 	3.03553 	-1.81163e-18
14.588 	0.346029 	0.246602 	3.03553 	-1.81163e-18
14.6581 	0.346029 	0.246602 	3.03553 	-1.81163e-18
14.7282 	0.346029 	0.246602 	3.03553 	-1.81163e-18
14.7984 	0.346029 	0.246602 	3.03553 	-1.81163e-18
14.8685 	0.346029 	0.246602 	3.03553 	-1.81163e-18
14.9386 	0.168233 	0.341581 	3.19454 	0
15.0088 	0.168233 	0.341581 	3.19454 	0
15.0789 	0.168233 	0.341581 	3.19454 	0
15.149 	0.168233 	0.341581 	3.19454 	0
15.2192 	0.168233 	0.341581 	3.19454 	0
15.2893 	-0.339278 	0.34034 	3.42159 	-2.11326e-19
15.3594 	-0.339278 	0.34034 	3.42159 	-2.11326e-19
15.4296 	-0.339278 	0.34034 	3.42159 	-2.11326e-19
15.4997 	-0.339278 	0.34034 	3.42159 	-2.11326e-19
15.5698 	-0.339278 	0.34034 	3.42159 	-2.11326e-19
15.64 	-0.339278 	0.34034 	3.42159 	-2.11326e-19
15.7101 	-0.83489 	0.395765 	3.49266 	0
15.7802 	-0.83489 	0.395765 	3.49266 	0
15.8504 	-0.731384 	0.647827 	3.55059 	1.27657e-18
15.9205 	-0.731384 	0.647827 	3.55059 	1.27657e-18
15.9906 	-0.731384 	0.647827 	3.55059 	1.27657e-18
16.0608 	-0.731384 	0.647827 	3.55059 	1.27657e-18
16.1309 	-0.731384 	0.647827 	3.55059 	1.27657e-18
16.201 	-0.731384 	0.647827 	3.55059 	1.27657e-18
16.2712 	-0.731384 	0.647827 	3.55059 	1.27657e-18
16.3413 	-0.731384 	0.647827 	3.55059 	1.27657e-18
16.4114 	-0.731384 	0.647827 	3.55059 	1.27657e-18
16.4816 	-0.731384 	0.647827 	3.55059 	1.27657e-18
16.5517 	-0.731384 	0.647827 	3.55059 	1.27657e-18
16.6219 	-0.731384 	0.647827 	3.55059 	1.27657e-18
16.692 	-0.731384 	0.647827 	3.55059 	1.27657e-18
16.7621 	-0.731384 	0.647827 	3.55059 	1.27657e-18
16.8323 	-0.282022 	0.87252 	3.11814 	8.33882e-20
16.9024 	-0.282022 	0.87252 	3.11814 	8.33882e-20
16.9725 	-0.282022 	0.87252 	3.11814 	8.33882e-20
17.0427 	-0.282022 	0.87252 	3.11814 	8.33882e-20
17.1128 	-0.282022 	0.87252 	3.11814 	8.33882e-20
17.1829 	-0.282022 	0.87252 	3.11814 	8.33882e-20
17.2531 	-0.282022 	0.87252 	3.11814 	8.33882e-20
17.3232 	-0.282022 	0.87252 	3.11814 	8.33882e-20
17.3933 	-0.282022 	0.87252 	3.11814 	8.33882e-20
17.4635 	-0.282022 	0.87252 	3.11814 	8.33882e-20
17.5336 	-0.190712 	0.913096 	3.03505 	-5.69153e-20
17.6037 	-0.190712 	0.913096 	3.03505 	-5.69153e-20
17.6739 	-0.190712 	0.913096 	3.03505 	-5.69153e-20
17.744 	-0.281572 	1.04187 	3.16463 	1.48628e-19
17.8141 	-0.281572 	1.04187 	3.16463 	1.48628e-19
17.8843 	-0.281572 	1.04187 	3.16463 	1.48628e-19
17.9544 	-0.281572 	1.04187 	3.16463 	1.48628e-19
18.0245 	-0.281572 	1.04187 	3.16463 	1.48628e-19
18.0947 	-0.281572 	1.04187 	3.16463 	1.48628e-19
18.1648 	-0.281572 	1.04187 	3.16463 	1.48628e-19
18.2349 	-0.281572 	1.04187 	3.16463 	1.48628e-19
18.3051 	-0.281572 	1.04187 	3.16463 	1.48628e-19
18.3752 	0.00824692 	1.00373 	2.76826 	-1.1301e-19
18.4453 	0.00824692 	1.00373 	2.76826 	-1.1301e-19
18.5155 	0.00824692 	1.00373 	2.76826 	-1.1301e-19
18.5856 	0.00824692 	1.00373 	2.76826 	-1.1301e-19
18.6557 	0.00824692 	1.00373 	2.76826 	-1.1301e-19
18.7259 	0.00824692 	1.00373 	2.76826 	-1.1301e-19
18.796 	0.00824692 	1.00373 	2.76826 	-1.1301e-19
18.8662 	0.0755931 	1.04094 	2.82421 	-1.5311e-19
18.9363 	0.0755931 	1.04094 	2.82421 	-1.5311e-19
19.0064 	0.0755931 	1.04094 	2.82421 	-1.5311e-19
19.0766 	0.0755931 	1.04094 	2.82421 	-1.5311e-19
19.1467 	0.0755931 	1.04094 	2.82421 	-1.5311e-19
19.2168 	0.0755931 	1.04094 	2.82421 	-1.5311e-19
19.287 	0.0755931 	1.04094 	2.82421 	-1.5311e-19
19.3571 	0.0755931 	1.04094 	2.82421 	-1.5311e-19
19.4272 	0.0755931 	1.04094 	2.82421 	-1.5311e-19
19.4974 	0.0755931 	1.04094 	2.82421 	-1.5311e-19
19.5675 	0.0755931 	1.04094 	2.82421 	-1.5311e-19
19.6376 	0.0755931 	1.04094 	2.82421 	-1.5311e-19
19.7078 	0.0755931 	1.04094 	2.82421 	-1.5311e-19
19.7779 	0.223787 	0.989541 	2.45112 	-1.14014e-19
19.848 	0.223787 	0.989541 	2.45112 	-1.14014e-19
19.9182 	0.223787 	0.989541 	2.45112 	-1.14014e-19
19.9883 	0.223787 	0.989541 	2.45112 	-1.14014e-19
20.0584 	0.223787 	0.989541 	2.45112 	-1.14014e-19
20.1286 	0.223787 	0.989541 	2.45112 	-1.14014e-19
20.1987 	0.223787 	0.989541 	2.45112 	-1.14014e-19
20.2688 	0.218977 	0.994637 	2.4443 	2.88177e-19
20.339 	0.218977 	0.994637 	2.4443 	2.88177e-19
20.4091 	0.218977 	0.994637 	2.4443 	2.88177e-19
20.4792 	0.218977 	0.994637 	2.4443 	2.88177e-19
20.5494 	0.218977 	0.994637 	2.4443 	2.88177e-19
20.6195 	0.218977 	0.994637 	2.4443 	2.88177e-19
20.6896 	0.218977 	0.994637 	2.4443 	2.88177e-19
20.7598 	0.218977 	0.994637 	2.4443 	2.88177e-19
20.8299 	0.218977 	0.994637 	2.4443 	2.88177e-19
20.9 	0.218977 	0.994637 	2.4443 	2.88177e-19
20.9702 	0.218977 	0.994637 	2.4443 	2.88177e-19
21.0403 	0.218977 	0.994637 	2.4443 	2.88177e-19
21.1105 	0.218977 	0.994637 	2.4443 	2.88177e-19
21.1806 	0.218977 	0.994637 	2.4443 	2.88177e-19
21.2507 	0.218977 	0.994637 	2.4443 	2.88177e-19
21.3209 	0.218977 	0.994637 	2.4443 	2.88177e-19
21.391 	0.218977 	0.994637 	2.4443 	2.88177e-19
21.4611 	0.232882 	0.699604 	1.91035 	-3.94987e-19
21.5313 	0.232882 	0.699604 	1.91035 	-3.94987e-19
21.6014 	0.232882 	0.699604 	1.91035 	-3.94987e-19
21.6715 	0.12843 	0.612469 	1.41244 	-3.89279e-20
21.7417 	0.12843 	0.612469 	1.41244 	-3.89279e-20
21.8118 	0.12843 	0.612469 	1.41244 	-3.89279e-20
21.8819 	0.12843 	0.612469 	1.41244 	-3.89279e-20
21.9521 	0.12843 	0.612469 	1.41244 	-3.89279e-20
22.0222 	-0.0030232 	0.932551 	2.34614 	9.70609e-20
22.0923 	-0.0030232 	0.932551 	2.34614 	9.70609e-20
22.1625 	-0.0030232 	0.932551 	2.34614 	9.70609e-20
22.2326 	-0.0030232 	0.932551 	2.34614 	9.70609e-20
22.3027 	-0.0030232 	0.932551 	2.34614 	9.70609e-20
22.3729 	-0.0030232 	0.932551 	2.34614 	9.70609e-20
22.443 	-0.0030232 	0.932551 	2.34614 	9.70609e-20
22.5131 	-0.0030232 	0.932551 	2.34614 	9.70609e-20
22.5833 	-0.0030232 	0.932551 	2.34614 	9.70609e-20
22.6534 	-0.0030232 	0.932551 	2.34614 	9.70609e-20
22.7235 	-0.0030232 	0.932551 	2.34614 	9.70609e-20
22.7937 	-0.0030232 	0.932551 	2.34614 	9.70609e-20
22.8638 	-0.0030232 	0.932551 	2.34614 	9.70609e-20
22.9339 	-0.0030232 	0.932551 	2.34614 	9.70609e-20
23.0041 	-0.0030232 	0.932551 	2.34614 	9.70609e-20
23.0742 	-0.0030232 	0.932551 	2.34614 	9.70609e-20
23.1443 	-0.0030232 	0.932551 	2.34614 	9.70609e-20
23.2145 	-0.0030232 	0.932551 	2.34614 	9.70609e-20
23.2846 	-0.0030232 	0.932551 	2.34614 	9.70609e-20
23.3548 	-0.0030232 	0.932551 	2.34614 	9.70609e-20
23.4249 	-0.0030232 	0.932551 	2.34614 	9.70609e-20
23.495 	0.185039 	0.900219 	2.32535 	-8.24547e-20
23.5652 	0.185039 	0.900219 	2.32535 	-8.24547e-20
23.6353 	0.185039 	0.900219 	2.32535 	-8.24547e-20
23.7054 	0.185039 	0.900219 	2.32535 	-8.24547e-20
23.7756 	0.185039 	0.900219 	2.32535 	-8.24547e-20
23.8457 	0.185039 	0.900219 	2.32535 	-8.24547e-20
23.9158 	0.185039 	0.900219 	2.32535 	-8.24547e-20
23.986 	0.3129 	0.84018 	2.18694 	3.75629e-21
24.0561 	0.3129 	0.84018 	2.18694 	3.75629e-21
24.1262 	0.3129 	0.84018 	2.18694 	3.75629e-21
24.1964 	0.3129 	0.84018 	2.18694 	3.75629e-21
24.2665 	0.3129 	0.84018 	2.18694 	3.75629e-21
24.3366 	0.3129 	0.84018 	2.18694 	3.75629e-21
24.4068 	0.3129 	0.84018 	2.18694 	3.75629e-21
24.4769 	0.3129 	0.84018 	2.18694 	3.75629e-21
24.547 	0.3129 	0.84018 	2.18694 	3.75629e-21
24.6172 	0.3129 	0.84018 	2.18694 	3.75629e-21
24.6873 	0.3129 	0.84018 	2.18694 	3.75629e-21
24.7574 	0.3129 	0.84018 	2.18694 	3.75629e-21
24.8276 	0.3129 	0.84018 	2.18694 	3.75629e-21
24.8977 	0.3129 	0.84018 	2.18694 	3.75629e-21
24.9678 	0.3129 	0.84018 	2.18694 	3.75629e-21
25.038 	0.3129 	0.84018 	2.18694 	3.75629e-21
25.1081 	0.3129 	0.84018 	2.18694 	3.75629e-21
25.1782 	0.258747 	0.502731 	1.36247 	0
25.2484 	0.258747 	0.502731 	1.36247 	0
25.3185 	0.258747 	0.502731 	1.36247 	0
25.3886 	0.258747 	0.502731 	1.36247 	0
25.4588 	0.258747 	0.502731 	1.36247 	0
25.5289 	0.258747 	0.502731 	1.36247 	0
25.5991 	0.258747 	0.502731 	1.36247 	0
25.6692 	0.258747 	0.502731 	1.36247 	0
25.7393 	0.258747 	0.502731 	1.36247 	0
25.8095 	0.258747 	0.502731 	1.36247 	0
25.8796 	0.258747 	0.502731 	1.36247 	0
25.9497 	0.258747 	0.502731 	1.36247 	0
26.0199 	0.258747 	0.502731 	1.36247 	0
26.09 	0.258747 	0.502731 	1.36247 	0
26.1601 	0.258747 	0.502731 	1.36247 	0
26.2303 	0.162271 	0.5003 	1.37596 	-2.61612e-19
26.3004 	0.162271 	0.5003 	1.37596 	-2.61612e-19
26.3705 	0.162271 	0.5003 	1.37596 	-2.61612e-19
26.4407 	0.162271 	0.5003 	1.37596 	-2.61612e-19
26.5108 	0.162271 	0.5003 	1.37596 	-2.61612e-19
26.5809 	0.162271 	0.5003 	1.37596 	-2.61612e-19
26.6511 	0.162271 	0.5003 	1.37596 	-2.61612e-19
26.7212 	0.162271 	0.5003 	1.37596 	-2.61612e-19
26.7913 	0.162271 	0.5003 	1.37596 	-2.61612e-19
26.8615 	0.162271 	0.5003 	1.37596 	-2.61612e-19
26.9316 	0.162271 	0.5003 	1.37596 	-2.61612e-19
27.0017 	0.162271 	0.5003 	1.37596 	-2.61612e-19
27.0719 	0.162271 	0.5003 	1.37596 	-2.61612e-19
27.142 	0.162271 	0.5003 	1.37596 	-2.61612e-19
27.2121 	0.162271 	0.5003 	1.37596 	-2.61612e-19
27.2823 	0.162271 	0.5003 	1.37596 	-2.61612e-19
27.3524 	0.103807 	0.495092 	1.38195 	2.8734e-19
27.4225 	0.103807 	0.495092 	1.38195 	2.8734e-19
27.4927 	0.103807 	0.495092 	1.38195 	2.8734e-19
27.5628 	0.103807 	0.495092 	1.38195 	2.8734e-19
27.6329 	0.103807 	0.495092 	1.38195 	2.8734e-19
27.7031 	0.103807 	0.495092 	1.38195 	2.8734e-19
27.7732 	0.103807 	0.495092 	1.38195 	2.8734e-19
27.8434 	0.103807 	0.495092 	1.38195 	2.8734e-19
27.9135 	0.103807 	0.495092 	1.38195 	2.8734e-19
27.9836 	0.103807 	0.495092 	1.38195 	2.8734e-19
28.0538 	0.103807 	0.495092 	1.38195 	2.8734e-19
28.1239 	0.103807 	0.495092 	1.38195 	2.8734e-19
28.194 	0.103807 	0.495092 	1.38195 	2.8734e-19
28.2642 	0.103807 	0.495092 	1.38195 	2.8734e-19
28.3343 	0.103807 	0.495092 	1.38195 	2.8734e-19
28.4044 	0.103807 	0.495092 	1.38195 	2.8734e-19
28.4746 	0.103807 	0.495092 	1.38195 	2.8734e-19
28.5447 	0.103807 	0.495092 	1.38195 	2.8734e-19
28.6148 	0.103807 	0.495092 	1.38195 	2.8734e-19
28.685 	0.103807 	0.495092 	1.38195 	2.8734e-19
28.7551 	0.103807 	0.495092 	1.38195 	2.8734e-19
28.8252 	0.103807 	0.495092 	1.38195 	2.8734e-19
28.8954 	0.103807 	0.495092 	1.38195 	2.8734e-19
28.9655 	0.0567137 	0.438535 	1.2952 	7.49047e-21
29.0356 	0.0567137 	0.438535 	1.2952 	7.49047e-21
29.1058 	0.0567137 	0.438535 	1.2952 	7.49047e-21
29.1759 	0.0567137 	0.438535 	1.2952 	7.49047e-21
29.246 	0.0567137 	0.438535 	1.2952 	7.49047e-21
29.3162 	0.0567137 	0.438535 	1.2952 	7.49047e-21
29.3863 	0.0567137 	0.438535 	1.2952 	7.49047e-21
29.4564 	0.0567137 	0.438535 	1.2952 	7.49047e-21
29.5266 	0.0567137 	0.438535 	1.2952 	7.49047e-21
29.5967 	0.0567137 	0.438535 	1.2952 	7.49047e-21
29.6668 	0.0567137 	0.438535 	1.2952 	7.49047e-21
29.737 	0.0567137 	0.438535 	1.2952 	7.49047e-21
29.8071 	0.0567137 	0.438535 	1.2952 	7.49047e-21
29.8773 	0.0567137 	0.438535 	1.2952 	7.49047e-21
29.9474 	0.0567137 	0.438535 	1.2952 	7.49047e-21
30.0175 	0.0567137 	0.438535 	1.2952 	7.49047e-21
30.0877 	0.0567137 	0.438535 	1.2952 	7.49047e-21
30.1578 	0.0567137 	0.438535 	1.2952 	7.49047e-21
30.2279 	0.0567137 	0.438535 	1.2952 	7.49047e-21
30.2981 	0.0567137 	0.438535 	1.2952 	7.49047e-21
30.3682 	0.0567137 	0.438535 	1.2952 	7.49047e-21
30.4383 	0.0567137 	0.438535 	1.2952 	7.49047e-21
30.5085 	0.0567137 	0.438535 	1.2952 	7.49047e-21
30.5786 	0.0567137 	0.438535 	1.2952 	7.49047e-21
30.6487 	0.0567137 	0.438535 	1.2952 	7.49047e-21
30.7189 	0.0567137 	0.438535 	1.2952 	7.49047e-21
30.789 	0.0454382 	0.364329 	1.28746 	-5.89958e-20
30.8591 	0.0454382 	0.364329 	1.28746 	-5.89958e-20
30.9293 	0.0454382 	0.364329 	1.28746 	-5.89958e-20
30.9994 	0.0454382 	0.364329 	1.28746 	-5.89958e-20
31.0695 	0.0454382 	0.364329 	1.28746 	-5.89958e-20
31.1397 	0.0454382 	0.364329 	1.28746 	-5.89958e-20
31.2098 	0.0454382 	0.364329 	1.28746 	-5.89958e-20
31.2799 	0.0454382 	0.364329 	1.28746 	-5.89958e-20
31.3501 	0.0454382 	0.364329 	1.28746 	-5.89958e-20
31.4202 	0.0454382 	0.364329 	1.28746 	-5.89958e-20
31.4903 	0.0454382 	0.364329 	1.28746 	-5.89958e-20
31.5605 	0.0454382 	0.364329 	1.28746 	-5.89958e-20
31.6306 	0.0454382 	0.364329 	1.28746 	-5.89958e-20
31.7007 	0.0454382 	0.364329 	1.28746 	-5.89958e-20
31.7709 	0.0454382 	0.364329 	1.28746 	-5.89958e-20
31.841 	0.0454382 	0.364329 	1.28746 	-5.89958e-20
31.9111 	0.0454382 	0.364329 	1.28746 	-5.89958e-20
31.9813 	0.0454382 	0.364329 	1.28746 	-5.89958e-20
32.0514 	0.0454382 	0.364329 	1.28746 	-5.89958e-20
32.1216 	0.0454382 	0.364329 	1.28746 	-5.89958e-20
32.1917 	0.0454382 	0.364329 	1.28746 	-5.89958e-20
32.2618 	0.0454382 	0.364329 	1.28746 	-5.89958e-20
32.332 	0.0454382 	0.364329 	1.28746 	-5.89958e-20
32.4021 	0.0454382 	0.364329 	1.28746 	-5.89958e-20
32.4722 	0.0454382 	0.364329 	1.28746 	-5.89958e-20
32.5424 	0.0454382 	0.364329 	1.28746 	-5.89958e-20
32.6125 	0.0454382 	0.364329 	1.28746 	-5.89958e-20
32.6826 	0.0454382 	0.364329 	1.28746 	-5.89958e-20
32.7528 	0.0454382 	0.364329 	1.28746 	-5.89958e-20
32.8229 	0.0454382 	0.364329 	1.28746 	-5.89958e-20
32.893 	0.0454382 	0.364329 	1.28746 	-5.89958e-20
32.9632 	0.0454382 	0.364329 	1.28746 	-5.89958e-20
33.0333 	0.0454382 	0.364329 	1.28746 	-5.89958e-20
33.1034 	0.0454382 	0.364329 	1.28746 	-5.89958e-20
33.1736 	0.0454382 	0.364329 	1.28746 	-5.89958e-20
33.2437 	0.0454382 	0.364329 	1.28746 	-5.89958e-20
33.3138 	0.0454382 	0.364329 	1.28746 	-5.89958e-20
33.384 	0.0454382 	0.364329 	1.28746 	-5.89958e-20
33.4541 	0.0454382 	0.364329 	1.28746 	-5.89958e-20
33.5242 	0.0454382 	0.364329 	1.28746 	-5.89958e-20
33.5944 	0.0454382 	0.364329 	1.28746 	-5.89958e-20
33.6645 	0.0454382 	0.364329 	1.28746 	-5.89958e-20
33.7346 	0.00815711 	0.363279 	1.35958 	2.73447e-20
33.8048 	0.00815711 	0.363279 	1.35958 	2.73447e-20
33.8749 	0.00815711 	0.363279 	1.35958 	2.73447e-20
33.945 	0.00815711 	0.363279 	1.35958 	2.73447e-20
34.0152 	0.00815711 	0.363279 	1.35958 	2.73447e-20
34.0853 	0.00815711 	0.363279 	1.35958 	2.73447e-20
34.1554 	0.00331161 	0.270648 	1.31007 	-9.67554e-20
34.2256 	0.00331161 	0.270648 	1.31007 	-9.67554e-20
34.2957 	0.00331161 	0.270648 	1.31007 	-9.67554e-20
34.3659 	0.00331161 	0.270648 	1.31007 	-9.67554e-20
34.436 	0.00331161 	0.270648 	1.31007 	-9.67554e-20
34.5061 	0.00331161 	0.270648 	1.31007 	-9.67554e-20
34.5763 	0.00331161 	0.270648 	1.31007 	-9.67554e-20
34.6464 	0.00331161 	0.270648 	1.31007 	-9.67554e-20
34.7165 	0.208111 	0.261233 	1.6152 	1.08417e-19
34.7867 	0.208111 	0.261233 	1.6152 	1.08417e-19
34.8568 	0.208111 	0.261233 	1.6152 	1.08417e-19
34.9269 	0.208111 	0.261233 	1.6152 	1.08417e-19
34.9971 	0.208111 	0.261233 	1.6152 	1.08417e-19
35.0672 	0.208111 	0.261233 	1.6152 	1.08417e-19
35.1373 	0.208111 	0.261233 	1.6152 	1.08417e-19
35.2075 	0.208111 	0.261233 	1.6152 	1.08417e-19
35.2776 	0.208111 	0.261233 	1.6152 	1.08417e-19
35.3477 	0.208111 	0.261233 	1.6152 	1.08417e-19
35.4179 	0.208111 	0.261233 	1.6152 	1.08417e-19
35.488 	0.208111 	0.261233 	1.6152 	1.08417e-19
35.5581 	0.208111 	0.261233 	1.6152 	1.08417e-19
35.6283 	0.208111 	0.261233 	1.6152 	1.08417e-19
35.6984 	0.208111 	0.261233 	1.6152 	1.08417e-19
35.7685 	0.208111 	0.261233 	1.6152 	1.08417e-19
35.8387 	0.208111 	0.261233 	1.6152 	1.08417e-19
35.9088 	0.208111 	0.261233 	1.6152 	1.08417e-19
35.9789 	0.208111 	0.261233 	1.6152 	1.08417e-19
36.0491 	0.182885 	0.239754 	1.57329 	0
36.1192 	0.182885 	0.239754 	1.57329 	0
36.1893 	0.182885 	0.239754 	1.57329 	0
36.2595 	0.182885 	0.239754 	1.57329 	0
36.3296 	0.182885 	0.239754 	1.57329 	0
36.3997 	0.182885 	0.239754 	1.57329 	0
36.4699 	0.182885 	0.239754 	1.57329 	0
36.54 	0.182885 	0.239754 	1.57329 	0
36.6102 	0.182885 	0.239754 	1.57329 	0
36.6803 	0.182885 	0.239754 	1.57329 	0
36.7504 	0.182885 	0.239754 	1.57329 	0
36.8206 	0.182885 	0.239754 	1.57329 	0
36.8907 	0.05792 	0.184515 	1.43943 	6.77949e-20
36.9608 	0.05792 	0.184515 	1.43943 	6.77949e-20
37.031 	0.05792 	0.184515 	1.43943 	6.77949e-20
37.1011 	0.05792 	0.184515 	1.43943 	6.77949e-20
37.1712 	0.05792 	0.184515 	1.43943 	6.77949e-20
37.2414 	0.05792 	0.184515 	1.43943 	6.77949e-20
37.3115 	0.05792 	0.184515 	1.43943 	6.77949e-20
37.3816 	0.05792 	0.184515 	1.43943 	6.77949e-20
37.4518 	0.05792 	0.184515 	1.43943 	6.77949e-20
37.5219 	0.05792 	0.184515 	1.43943 	6.77949e-20
37.592 	0.05792 	0.184515 	1.43943 	6.77949e-20
37.6622 	0.05792 	0.184515 	1.43943 	6.77949e-20
37.7323 	0.05792 	0.184515 	1.43943 	6.77949e-20
37.8024 	0.05792 	0.184515 	1.43943 	6.77949e-20
37.8726 	0.05792 	0.184515 	1.43943 	6.77949e-20
37.9427 	0.05792 	0.184515 	1.43943 	6.77949e-20
38.0128 	0.05792 	0.184515 	1.43943 	6.77949e-20
38.083 	0.05792 	0.184515 	1.43943 	6.77949e-20
38.1531 	0.05792 	0.184515 	1.43943 	6.77949e-20
38.2232 	0.0819032 	0.132607 	1.58841 	-7.77424e-20
38.2934 	0.0819032 	0.132607 	1.58841 	-7.77424e-20
38.3635 	0.0819032 	0.132607 	1.58841 	-7.77424e-20
38.4336 	0.0819032 	0.132607 	1.58841 	-7.77424e-20
38.5038 	0.0819032 	0.132607 	1.58841 	-7.77424e-20
38.5739 	0.0819032 	0.132607 	1.58841 	-7.77424e-20
38.644 	0.0819032 	0.132607 	1.58841 	-7.77424e-20
38.7142 	0.0819032 	0.132607 	1.58841 	-7.77424e-20
38.7843 	0.0819032 	0.132607 	1.58841 	-7.77424e-20
38.8545 	0.0819032 	0.132607 	1.58841 	-7.77424e-20
38.9246 	0.0819032 	0.132607 	1.58841 	-7.77424e-20
38.9947 	0.0819032 	0.132607 	1.58841 	-7.77424e-20
39.0649 	0.0819032 	0.132607 	1.58841 	-7.77424e-20
39.135 	0.0819032 	0.132607 	1.58841 	-7.77424e-20
39.2051 	0.0467393 	0.110972 	1.55828 	0
39.2753 	0.0467393 	0.110972 	1.55828 	0
39.3454 	0.0467393 	0.110972 	1.55828 	0
39.4155 	0.0467393 	0.110972 	1.55828 	0
39.4857 	0.0467393 	0.110972 	1.55828 	0
39.5558 	0.0467393 	0.110972 	1.55828 	0
39.6259 	0.0467393 	0.110972 	1.55828 	0
39.6961 	0.0467393 	0.110972 	1.55828 	0
39.7662 	0.0467393 	0.110972 	1.55828 	0
39.8363 	0.0467393 	0.110972 	1.55828 	0
39.9065 	0.0467393 	0.110972 	1.55828 	0
39.9766 	0.0467393 	0.110972 	1.55828 	0
40.0467 	0.0467393 	0.110972 	1.55828 	0
40.1169 	0.0467393 	0.110972 	1.55828 	0
40.187 	0.0467393 	0.110972 	1.55828 	0
40.2571 	0.0467393 	0.110972 	1.55828 	0
40.3273 	0.0467393 	0.110972 	1.55828 	0
40.3974 	0.0467393 	0.110972 	1.55828 	0
40.4675 	0.0467393 	0.110972 	1.55828 	0
40.5377 	0.0467393 	0.110972 	1.55828 	0
40.6078 	0.0467393 	0.110972 	1.55828 	0
40.6779 	0.0320999 	0.111285 	1.49464 	-1.94393e-20
40.7481 	0.0320999 	0.111285 	1.49464 	-1.94393e-20
40.8182 	0.0320999 	0.111285 	1.49464 	-1.94393e-20
40.8883 	0.0320999 	0.111285 	1.49464 	-1.94393e-20
40.9585 	0.0320999 	0.111285 	1.49464 	-1.94393e-20
41.0286 	0.0320999 	0.111285 	1.49464 	-1.94393e-20
41.0988 	0.0320999 	0.111285 	1.49464 	-1.94393e-20
41.1689 	0.0320999 	0.111285 	1.49464 	-1.94393e-20
41.239 	0.0341962 	0.079478 	1.51246 	3.64719e-20
41.3092 	0.0341962 	0.079478 	1.51246 	3.64719e-20
41.3793 	0.0341962 	0.079478 	1.51246 	3.64719e-20
41.4494 	0.0341962 	0.079478 	1.51246 	3.64719e-20
41.5196 	0.0341962 	0.079478 	1.51246 	3.64719e-20
41.5897 	0.0341962 	0.079478 	1.51246 	3.64719e-20
41.6598 	0.0341962 	0.079478 	1.51246 	3.64719e-20
41.73 	0.0341962 	0.079478 	1.51246 	3.64719e-20
41.8001 	0.0341962 	0.079478 	1.51246 	3.64719e-20
41.8702 	0.0341962 	0.079478 	1.51246 	3.64719e-20
41.9404 	0.0341962 	0.079478 	1.51246 	3.64719e-20
42.0105 	0.0341962 	0.079478 	1.51246 	3.64719e-20
42.0806 	0.0341962 	0.079478 	1.51246 	3.64719e-20
42.1508 	0.0341962 	0.079478 	1.51246 	3.64719e-20
42.2209 	0.0341962 	0.079478 	1.51246 	3.64719e-20
42.291 	0.0341962 	0.079478 	1.51246 	3.64719e-20
42.3612 	0.0341962 	0.079478 	1.51246 	3.64719e-20
42.4313 	0.0341962 	0.079478 	1.51246 	3.64719e-20
42.5014 	0.0341962 	0.079478 	1.51246 	3.64719e-20
42.5716 	0.0341962 	0.079478 	1.51246 	3.64719e-20
42.6417 	0.0341962 	0.079478 	1.51246 	3.64719e-20
42.7118 	0.0236601 	0.0798342 	1.49726 	0
42.782 	0.0236601 	0.0798342 	1.49726 	0
42.8521 	0.0236601 	0.0798342 	1.49726 	0
42.9222 	0.0236601 	0.0798342 	1.49726 	0
42.9924 	0.0436726 	0.0401809 	1.56765 	0
43.0625 	0.0436726 	0.0401809 	1.56765 	0
43.1327 	0.0436726 	0.0401809 	1.56765 	0
43.2028 	0.0436726 	0.0401809 	1.56765 	0
43.2729 	0.0436726 	0.0401809 	1.56765 	0
43.3431 	0.0436726 	0.0401809 	1.56765 	0
43.4132 	0.0436726 	0.0401809 	1.56765 	0
43.4833 	0.0436726 	0.0401809 	1.56765 	0
43.5535 	0.0436726 	0.0401809 	1.56765 	0
43.6236 	0.0436726 	0.0401809 	1.56765 	0
43.6937 	0.0436726 	0.0401809 	1.56765 	0
43.7639 	0.0436726 	0.0401809 	1.56765 	0
43.834 	0.0436726 	0.0401809 	1.56765 	0
43.9041 	0.0436726 	0.0401809 	1.56765 	0
43.9743 	0.0436726 	0.0401809 	1.56765 	0
44.0444 	0.0436726 	0.0401809 	1.56765 	0
44.1145 	0.0436726 	0.0401809 	1.56765 	0
44.1847 	0.0436726 	0.0401809 	1.56765 	0
44.2548 	0.0436726 	0.0401809 	1.56765 	0
44.3249 	0.0436726 	0.0401809 	1.56765 	0
44.3951 	0.0436726 	0.0401809 	1.56765 	0
44.4652 	0.0436726 	0.0401809 	1.56765 	0
44.5353 	0.0436726 	0.0401809 	1.56765 	0
44.6055 	0.0436726 	0.0401809 	1.56765 	0
44.6756 	0.0436726 	0.0401809 	1.56765 	0
44.7457 	0.0436726 	0.0401809 	1.56765 	0
44.8159 	0.035795 	0.03486 	1.59172 	0
44.886 	0.035795 	0.03486 	1.59172 	0
44.9561 	0.035795 	0.03486 	1.59172 	0
45.0263 	0.035795 	0.03486 	1.59172 	0
45.0964 	0.035795 	0.03486 	1.59172 	0
45.1665 	0.035795 	0.03486 	1.59172 	0
45.2367 	0.035795 	0.03486 	1.59172 	0
45.3068 	0.035795 	0.03486 	1.59172 	0
45.377 	0.035795 	0.03486 	1.59172 	0
45.4471 	0.035795 	0.03486 	1.59172 	0
45.5172 	0.035795 	0.03486 	1.59172 	0
45.5874 	0.035795 	0.03486 	1.59172 	0
45.6575 	0.035795 	0.03486 	1.59172 	0
45.7276 	0.035795 	0.03486 	1.59172 	0
45.7978 	0.035795 	0.03486 	1.59172 	0
45.8679 	0.035795 	0.03486 	1.59172 	0
45.938 	0.035795 	0.03486 	1.59172 	0
46.0082 	0.035795 	0.03486 	1.59172 	0
46.0783 	0.035795 	0.03486 	1.59172 	0
46.1484 	0.035795 	0.03486 	1.59172 	0
46.2186 	0.035795 	0.03486 	1.59172 	0
46.2887 	0.035795 	0.03486 	1.59172 	0
46.3588 	0.035795 	0.03486 	1.59172 	0
46.429 	0.035795 	0.03486 	1.59172 	0
46.4991 	0.035795 	0.03486 	1.59172 	0
46.5692 	0.035795 	0.03486 	1.59172 	0
46.6394 	-0.00240664 	0.0401105 	1.56974 	8.58731e-23
46.7095 	-0.00240664 	0.0401105 	1.56974 	8.58731e-23
46.7796 	-0.00240664 	0.0401105 	1.56974 	8.58731e-23
46.8498 	-0.00240664 	0.0401105 	1.56974 	8.58731e-23
46.9199 	-0.00240664 	0.0401105 	1.56974 	8.58731e-23
46.99 	-0.00240664 	0.0401105 	1.56974 	8.58731e-23
47.0602 	-0.00240664 	0.0401105 	1.56974 	8.58731e-23
47.1303 	-0.00240664 	0.0401105 	1.56974 	8.58731e-23
47.2004 	-0.00240664 	0.0401105 	1.56974 	8.58731e-23
47.2706 	-0.00240664 	0.0401105 	1.56974 	8.58731e-23
47.3407 	-0.00240664 	0.0401105 	1.56974 	8.58731e-23
47.4108 	-0.00240664 	0.0401105 	1.56974 	8.58731e-23
47.481 	-0.00258409 	0.0292203 	1.51105 	6.66265e-21
47.5511 	-0.00258409 	0.0292203 	1.51105 	6.66265e-21
47.6213 	-0.00258409 	0.0292203 	1.51105 	6.66265e-21
47.6914 	-0.00258409 	0.0292203 	1.51105 	6.66265e-21
47.7615 	-0.00258409 	0.0292203 	1.51105 	6.66265e-21
47.8317 	-0.00258409 	0.0292203 	1.51105 	6.66265e-21
47.9018 	-0.00258409 	0.0292203 	1.51105 	6.66265e-21
47.9719 	-0.00258409 	0.0292203 	1.51105 	6.66265e-21
48.0421 	-0.00258409 	0.0292203 	1.51105 	6.66265e-21
48.1122 	-0.00258409 	0.0292203 	1.51105 	6.66265e-21
48.1823 	-0.00258409 	0.0292203 	1.51105 	6.66265e-21
48.2525 	-0.00258409 	0.0292203 	1.51105 	6.66265e-21
48.3226 	-0.00258409 	0.0292203 	1.51105 	6.66265e-21
48.3927 	-0.00258409 	0.0292203 	1.51105 	6.66265e-21
48.4629 	-0.00258409 	0.0292203 	1.51105 	6.66265e-21
48.533 	-0.00258409 	0.0292203 	1.51105 	6.66265e-21
48.6031 	-0.00258409 	0.0292203 	1.51105 	6.66265e-21
48.6733 	-0.00258409 	0.0292203 	1.51105 	6.66265e-21
48.7434 	-0.00720079 	0.0243483 	1.46381 	0
48.8135 	-0.00720079 	0.0243483 	1.46381 	0
48.8837 	-0.00720079 	0.0243483 	1.46381 	0
48.9538 	-0.00720079 	0.0243483 	1.46381 	0
49.0239 	-0.00720079 	0.0243483 	1.46381 	0
49.0941 	-0.00720079 	0.0243483 	1.46381 	0
49.1642 	-0.00720079 	0.0243483 	1.46381 	0
49.2343 	-0.00720079 	0.0243483 	1.46381 	0
49.3045 	-0.00720079 	0.0243483 	1.46381 	0
49.3746 	-0.00720079 	0.0243483 	1.46381 	0
49.4447 	-0.00720079 	0.0243483 	1.46381 	0
49.5149 	-0.00720079 	0.0243483 	1.46381 	0
49.585 	-0.00720079 	0.0243483 	1.46381 	0
49.6551 	-0.00720079 	0.0243483 	1.46381 	0
49.7253 	-0.00720079 	0.0243483 	1.46381 	0
49.7954 	-0.00720079 	0.0243483 	1.46381 	0
49.8656 	-0.00720079 	0.0243483 	1.46381 	0
49.9357 	-0.00720079 	0.0243483 	1.46381 	0
50.0058 	-0.00720079 	0.0243483 	1.46381 	0
50.076 	-0.00720079 	0.0243483 	1.46381 	0
50.1461 	-0.00720079 	0.0243483 	1.46381 	0
50.2162 	-0.00720079 	0.0243483 	1.46381 	0
50.2864 	-0.00720079 	0.0243483 	1.46381 	0
50.3565 	-0.00720079 	0.0243483 	1.46381 	0
50.4266 	-0.00720079 	0.0243483 	1.46381 	0
50.4968 	0.0260127 	-0.0102914 	1.98969 	-2.01482e-20
50.5669 	0.0260127 	-0.0102914 	1.98969 	-2.01482e-20
50.637 	0.0260127 	-0.0102914 	1.98969 	-2.01482e-20
50.7072 	0.0260127 	-0.0102914 	1.98969 	-2.01482e-20
50.7773 	0.0260127 	-0.0102914 	1.98969 	-2.01482e-20
50.8474 	0.0260127 	-0.0102914 	1.98969 	-2.01482e-20
50.9176 	0.0260127 	-0.0102914 	1.98969 	-2.01482e-20
50.9877 	0.0241009 	-0.000748916 	1.99082 	1.59009e-20
51.0578 	0.0241009 	-0.000748916 	1.99082 	1.59009e-20
51.128 	0.0224696 	-0.0162527 	1.66481 	8.75469e-21
51.1981 	0.0224696 	-0.0162527 	1.66481 	8.75469e-21
51.2682 	0.0224696 	-0.0162527 	1.66481 	8.75469e-21
51.3384 	0.0224696 	-0.0162527 	1.66481 	8.75469e-21
51.4085 	0.0224696 	-0.0162527 	1.66481 	8.75469e-21
51.4786 	0.0224696 	-0.0162527 	1.66481 	8.75469e-21
51.5488 	0.0224696 	-0.0162527 	1.66481 	8.75469e-21
51.6189 	0.0224696 	-0.0162527 	1.66481 	8.75469e-21
51.689 	0.0224696 	-0.0162527 	1.66481 	8.75469e-21
51.7592 	0.0224696 	-0.0162527 	1.66481 	8.75469e-21
51.8293 	0.0224696 	-0.0162527 	1.66481 	8.75469e-21
51.8994 	0.0224696 	-0.0162527 	1.66481 	8.75469e-21
51.9696 	0.0224696 	-0.0162527 	1.66481 	8.75469e-21
52.0397 	0.0224696 	-0.0162527 	1.66481 	8.75469e-21
52.1099 	0.0224696 	-0.0162527 	1.66481 	8.75469e-21
52.18 	0.0224696 	-0.0162527 	1.66481 	8.75469e-21
52.2501 	0.0224696 	-0.0162527 	1.66481 	8.75469e-21
52.3203 	0.0224696 	-0.0162527 	1.66481 	8.75469e-21
52.3904 	0.0224696 	-0.0162527 	1.66481 	8.75469e-21
52.4605 	0.0224696 	-0.0162527 	1.66481 	8.75469e-21
52.5307 	0.0224696 	-0.0162527 	1.66481 	8.75469e-21
52.6008 	0.0224696 	-0.0162527 	1.66481 	8.75469e-21
52.6709 	0.0224696 	-0.0162527 	1.66481 	8.75469e-21
52.7411 	0.0224696 	-0.0162527 	1.66481 	8.75469e-21
52.8112 	0.0224696 	-0.0162527 	1.66481 	8.75469e-21
52.8813 	0.0224696 	-0.0162527 	1.66481 	8.75469e-21
52.9515 	0.0224696 	-0.0162527 	1.66481 	8.75469e-21
53.0216 	0.0224696 	-0.0162527 	1.66481 	8.75469e-21
53.0917 	0.0224696 	-0.0162527 	1.66481 	8.75469e-21
53.1619 	0.0224696 	-0.0162527 	1.66481 	8.75469e-21
53.232 	0.0224696 	-0.0162527 	1.66481 	8.75469e-21
53.3021 	0.0224696 	-0.0162527 	1.66481 	8.75469e-21
53.3723 	0.0224696 	-0.0162527 	1.66481 	8.75469e-21
53.4424 	0.0246778 	-0.00521992 	1.84685 	1.96861e-20
53.5125 	0.0246778 	-0.00521992 	1.84685 	1.96861e-20
53.5827 	0.0246778 	-0.00521992 	1.84685 	1.96861e-20
53.6528 	0.0246778 	-0.00521992 	1.84685 	1.96861e-20
53.7229 	0.0246778 	-0.00521992 	1.84685 	1.96861e-20
53.7931 	0.0246778 	-0.00521992 	1.84685 	1.96861e-20
53.8632 	0.0246778 	-0.00521992 	1.84685 	1.96861e-20
53.9333 	0.0246778 	-0.00521992 	1.84685 	1.96861e-20
54.0035 	0.0246778 	-0.00521992 	1.84685 	1.96861e-20
54.0736 	0.0246778 	-0.00521992 	1.84685 	1.96861e-20
54.1437 	0.0246778 	-0.00521992 	1.84685 	1.96861e-20
54.2139 	0.0246778 	-0.00521992 	1.84685 	1.96861e-20
54.284 	0.0246778 	-0.00521992 	1.84685 	1.96861e-20
54.3542 	0.0286175 	-0.0213379 	1.85267 	-2.37564e-20
54.4243 	0.0286175 	-0.0213379 	1.85267 	-2.37564e-20
54.4944 	0.0286175 	-0.0213379 	1.85267 	-2.37564e-20
54.5646 	0.0286175 	-0.0213379 	1.85267 	-2.37564e-20
54.6347 	0.0286175 	-0.0213379 	1.85267 	-2.37564e-20
54.7048 	0.0286175 	-0.0213379 	1.85267 	-2.37564e-20
54.775 	0.0286175 	-0.0213379 	1.85267 	-2.37564e-20
54.8451 	0.0286175 	-0.0213379 	1.85267 	-2.37564e-20
54.9152 	0.0286175 	-0.0213379 	1.85267 	-2.37564e-20
54.9854 	0.0286175 	-0.0213379 	1.85267 	-2.37564e-20
55.0555 	0.0286175 	-0.0213379 	1.85267 	-2.37564e-20
55.1256 	0.0247908 	0.0100458 	1.71523 	0
55.1958 	0.0247908 	0.0100458 	1.71523 	0
55.2659 	0.0247908 	0.0100458 	1.71523 	0
55.336 	0.0247908 	0.0100458 	1.71523 	0
55.4062 	0.0247908 	0.0100458 	1.71523 	0
55.4763 	0.0247908 	0.0100458 	1.71523 	0
55.5464 	0.0247908 	0.0100458 	1.71523 	0
55.6166 	0.0247908 	0.0100458 	1.71523 	0
55.6867 	0.0247908 	0.0100458 	1.71523 	0
55.7568 	0.0247908 	0.0100458 	1.71523 	0
55.827 	0.0247908 	0.0100458 	1.71523 	0
55.8971 	0.0247908 	0.0100458 	1.71523 	0
55.9672 	0.0247908 	0.0100458 	1.71523 	0
56.0374 	0.0247908 	0.0100458 	1.71523 	0
56.1075 	0.0247908 	0.0100458 	1.71523 	0
56.1776 	0.0247908 	0.0100458 	1.71523 	0
56.2478 	0.0247908 	0.0100458 	1.71523 	0
56.3179 	0.0247908 	0.0100458 	1.71523 	0
56.3881 	0.0301892 	-0.0126353 	1.94312 	9.65272e-21
56.4582 	0.0301892 	-0.0126353 	1.94312 	9.65272e-21
56.5283 	0.0301892 	-0.0126353 	1.94312 	9.65272e-21
56.5985 	0.0301892 	-0.0126353 	1.94312 	9.65272e-21
56.6686 	0.0301892 	-0.0126353 	1.94312 	9.65272e-21
56.7387 	0.0301892 	-0.0126353 	1.94312 	9.65272e-21
56.8089 	0.0301892 	-0.0126353 	1.94312 	9.65272e-21
56.879 	0.0301892 	-0.0126353 	1.94312 	9.65272e-21
56.9491 	0.0235539 	0.0125892 	1.91974 	-4.86071e-21
57.0193 	0.0235539 	0.0125892 	1.91974 	-4.86071e-21
57.0894 	0.0235539 	0.0125892 	1.91974 	-4.86071e-21
57.1595 	0.0235539 	0.0125892 	1.91974 	-4.86071e-21
57.2297 	0.0235539 	0.0125892 	1.91974 	-4.86071e-21
57.2998 	0.0235539 	0.0125892 	1.91974 	-4.86071e-21
57.3699 	0.0235539 	0.0125892 	1.91974 	-4.86071e-21
57.4401 	0.0235539 	0.0125892 	1.91974 	-4.86071e-21
57.5102 	0.0235539 	0.0125892 	1.91974 	-4.86071e-21
57.5803 	0.0235539 	0.0125892 	1.91974 	-4.86071e-21
57.6505 	0.0235539 	0.0125892 	1.91974 	-4.86071e-21
57.7206 	0.0235539 	0.0125892 	1.91974 	-4.86071e-21
57.7907 	0.0235539 	0.0125892 	1.91974 	-4.86071e-21
57.8609 	0.0235539 	0.0125892 	1.91974 	-4.86071e-21
57.931 	0.0235539 	0.0125892 	1.91974 	-4.86071e-21
58.0011 	0.0235539 	0.0125892 	1.91974 	-4.86071e-21
58.0713 	0.0235539 	0.0125892 	1.91974 	-4.86071e-21
58.1414 	0.0235539 	0.0125892 	1.91974 	-4.86071e-21
58.2115 	0.0235539 	0.0125892 	1.91974 	-4.86071e-21
58.2817 	0.0235539 	0.0125892 	1.91974 	-4.86071e-21
58.3518 	0.0235539 	0.0125892 	1.91974 	-4.86071e-21
58.4219 	0.0235539 	0.0125892 	1.91974 	-4.86071e-21
58.4921 	0.0235539 	0.0125892 	1.91974 	-4.86071e-21
58.5622 	0.0110905 	-0.0243768 	2.04907 	0
58.6324 	0.0110905 	-0.0243768 	2.04907 	0
58.7025 	0.0110905 	-0.0243768 	2.04907 	0
58.7726 	0.0110905 	-0.0243768 	2.04907 	0
58.8428 	0.0110905 	-0.0243768 	2.04907 	0
58.9129 	-0.0291357 	0.034291 	1.89443 	-2.25811e-20
58.983 	-0.0291357 	0.034291 	1.89443 	-2.25811e-20
59.0532 	-0.0291357 	0.034291 	1.89443 	-2.25811e-20
59.1233 	-0.0291357 	0.034291 	1.89443 	-2.25811e-20
59.1934 	-0.0291357 	0.034291 	1.89443 	-2.25811e-20
59.2636 	-0.0291357 	0.034291 	1.89443 	-2.25811e-20
59.3337 	-0.0291357 	0.034291 	1.89443 	-2.25811e-20
59.4038 	-0.0291357 	0.034291 	1.89443 	-2.25811e-20
59.474 	-0.0291357 	0.034291 	1.89443 	-2.25811e-20
59.5441 	-0.0291357 	0.034291 	1.89443 	-2.25811e-20
59.6142 	-0.0291357 	0.034291 	1.89443 	-2.25811e-20
59.6844 	-0.0291357 	0.034291 	1.89443 	-2.25811e-20
59.7545 	-0.0291357 	0.034291 	1.89443 	-2.25811e-20
59.8246 	-0.0291357 	0.034291 	1.89443 	-2.25811e-20
59.8948 	-0.0291357 	0.034291 	1.89443 	-2.25811e-20
59.9649 	-0.0291357 	0.034291 	1.89443 	-2.25811e-20
60.035 	-0.0291357 	0.034291 	1.89443 	-2.25811e-20
60.1052 	-0.0291357 	0.034291 	1.89443 	-2.25811e-20
60.1753 	-0.0291357 	0.034291 	1.89443 	-2.25811e-20
60.2454 	-0.0291357 	0.034291 	1.89443 	-2.25811e-20
60.3156 	-0.0291357 	0.034291 	1.89443 	-2.25811e-20
60.3857 	-0.0291357 	0.034291 	1.89443 	-2.25811e-20
60.4558 	-0.0291357 	0.034291 	1.89443 	-2.25811e-20
60.526 	-0.0291357 	0.034291 	1.89443 	-2.25811e-20
60.5961 	-0.0291357 	0.034291 	1.89443 	-2.25811e-20
60.6662 	-0.0556472 	0.0428465 	1.83036 	1.59326e-20
60.7364 	-0.0556472 	0.0428465 	1.83036 	1.59326e-20
60.8065 	-0.0556472 	0.0428465 	1.83036 	1.59326e-20
60.8767 	-0.0556472 	0.0428465 	1.83036 	1.59326e-20
60.9468 	-0.0556472 	0.0428465 	1.83036 	1.59326e-20
61.0169 	-0.0556472 	0.0428465 	1.83036 	1.59326e-20
61.0871 	-0.0556472 	0.0428465 	1.83036 	1.59326e-20
61.1572 	-0.0556472 	0.0428465 	1.83036 	1.59326e-20
61.2273 	-0.0556472 	0.0428465 	1.83036 	1.59326e-20
61.2975 	-0.0556472 	0.0428465 	1.83036 	1.59326e-20
61.3676 	-0.0556472 	0.0428465 	1.83036 	1.59326e-20
61.4377 	-0.0556472 	0.0428465 	1.83036 	1.59326e-20
61.5079 	-0.0556472 	0.0428465 	1.83036 	1.59326e-20
61.578 	-0.0556472 	0.0428465 	1.83036 	1.59326e-20
61.6481 	-0.0785403 	0.0648031 	1.83338 	-9.00415e-20
61.7183 	-0.0785403 	0.0648031 	1.83338 	-9.00415e-20
61.7884 	-0.10716 	0.0526342 	1.85447 	-1.60152e-19
61.8585 	-0.10716 	0.0526342 	1.85447 	-1.60152e-19
61.9287 	-0.10716 	0.0526342 	1.85447 	-1.60152e-19
61.9988 	-0.10716 	0.0526342 	1.85447 	-1.60152e-19
62.0689 	-0.10716 	0.0526342 	1.85447 	-1.60152e-19
62.1391 	-0.10716 	0.0526342 	1.85447 	-1.60152e-19
62.2092 	-0.0867794 	-0.06209 	2.27476 	0
62.2793 	-0.0867794 	-0.06209 	2.27476 	0
62.3495 	-0.0867794 	-0.06209 	2.27476 	0
62.4196 	-0.0867794 	-0.06209 	2.27476 	0
62.4897 	-0.0867794 	-0.06209 	2.27476 	0
62.5599 	-0.0867794 	-0.06209 	2.27476 	0
62.63 	-0.0867794 	-0.06209 	2.27476 	0
62.7001 	-0.0867794 	-0.06209 	2.27476 	0
62.7703 	-0.0867794 	-0.06209 	2.27476 	0
62.8404 	-0.0867794 	-0.06209 	2.27476 	0
62.9105 	-0.0867794 	-0.06209 	2.27476 	0
62.9807 	-0.0867794 	-0.06209 	2.27476 	0
63.0508 	-0.0867794 	-0.06209 	2.27476 	0
63.121 	-0.0867794 	-0.06209 	2.27476 	0
63.1911 	-0.0867794 	-0.06209 	2.27476 	0
63.2612 	-0.0867794 	-0.06209 	2.27476 	0
63.3314 	-0.0867794 	-0.06209 	2.27476 	0
63.4015 	-0.0867794 	-0.06209 	2.27476 	0
63.4716 	-0.0867794 	-0.06209 	2.27476 	0
63.5418 	-0.0867794 	-0.06209 	2.27476 	0
63.6119 	-0.0867794 	-0.06209 	2.27476 	0
63.682 	-0.0867794 	-0.06209 	2.27476 	0
63.7522 	-0.0867794 	-0.06209 	2.27476 	0
63.8223 	-0.0867794 	-0.06209 	2.27476 	0
63.8924 	-0.0867794 	-0.06209 	2.27476 	0
63.9626 	-0.0867794 	-0.06209 	2.27476 	0
64.0327 	-0.0867794 	-0.06209 	2.27476 	0
64.1028 	-0.0867794 	-0.06209 	2.27476 	0
64.173 	-0.0943554 	-0.113807 	2.30026 	1.27858e-20
64.2431 	-0.0943554 	-0.113807 	2.30026 	1.27858e-20
64.3132 	-0.0943554 	-0.113807 	2.30026 	1.27858e-20
64.3834 	-0.0943554 	-0.113807 	2.30026 	1.27858e-20
64.4535 	-0.0943554 	-0.113807 	2.30026 	1.27858e-20
64.5236 	-0.0943554 	-0.113807 	2.30026 	1.27858e-20
64.5938 	-0.0943554 	-0.113807 	2.30026 	1.27858e-20
64.6639 	-0.0943554 	-0.113807 	2.30026 	1.27858e-20
64.734 	-0.0943554 	-0.113807 	2.30026 	1.27858e-20
64.8042 	-0.0943554 	-0.113807 	2.30026 	1.27858e-20
64.8743 	-0.120653 	-0.189726 	2.36547 	0
64.9444 	-0.120653 	-0.189726 	2.36547 	0
65.0146 	-0.120653 	-0.189726 	2.36547 	0
65.0847 	-0.120653 	-0.189726 	2.36547 	0
65.1548 	-0.120653 	-0.189726 	2.36547 	0
65.225 	-0.120653 	-0.189726 	2.36547 	0
65.2951 	-0.120653 	-0.189726 	2.36547 	0
65.3653 	-0.120653 	-0.189726 	2.36547 	0
65.4354 	-0.120653 	-0.189726 	2.36547 	0
65.5055 	-0.120653 	-0.189726 	2.36547 	0
65.5757 	-0.120653 	-0.189726 	2.36547 	0
65.6458 	-0.120653 	-0.189726 	2.36547 	0
65.7159 	-0.120653 	-0.189726 	2.36547 	0
65.7861 	-0.120653 	-0.189726 	2.36547 	0
65.8562 	-0.120653 	-0.189726 	2.36547 	0
65.9263 	-0.120653 	-0.189726 	2.36547 	0
65.9965 	-0.120653 	-0.189726 	2.36547 	0
66.0666 	-0.120653 	-0.189726 	2.36547 	0
66.1367 	-0.120653 	-0.189726 	2.36547 	0
66.2069 	-0.120653 	-0.189726 	2.36547 	0
66.277 	-0.120653 	-0.189726 	2.36547 	0
66.3471 	-0.120653 	-0.189726 	2.36547 	0
66.4173 	-0.120653 	-0.189726 	2.36547 	0
66.4874 	-0.120653 	-0.189726 	2.36547 	0
66.5575 	-0.120653 	-0.189726 	2.36547 	0
66.6277 	-0.120653 	-0.189726 	2.36547 	0
66.6978 	-0.120653 	-0.189726 	2.36547 	0
66.7679 	-0.120653 	-0.189726 	2.36547 	0
66.8381 	-0.120653 	-0.189726 	2.36547 	0
66.9082 	-0.120653 	-0.189726 	2.36547 	0
66.9783 	-0.166662 	-0.21943 	2.13714 	0
67.0485 	-0.166662 	-0.21943 	2.13714 	0
67.1186 	-0.166662 	-0.21943 	2.13714 	0
67.1887 	-0.166662 	-0.21943 	2.13714 	0
67.2589 	-0.166662 	-0.21943 	2.13714 	0
67.329 	-0.166662 	-0.21943 	2.13714 	0
67.3991 	-0.10483 	-0.292937 	2.22442 	0
67.4693 	-0.10483 	-0.292937 	2.22442 	0
67.5394 	-0.0414294 	-0.305487 	2.33742 	0
67.6096 	-0.0414294 	-0.305487 	2.33742 	0
67.6797 	-0.0414294 	-0.305487 	2.33742 	0
67.7498 	-0.0414294 	-0.305487 	2.33742 	0
67.82 	-0.0414294 	-0.305487 	2.33742 	0
67.8901 	-0.0414294 	-0.305487 	2.33742 	0
67.9602 	-0.0414294 	-0.305487 	2.33742 	0
68.0304 	-0.0414294 	-0.305487 	2.33742 	0
68.1005 	-0.0414294 	-0.305487 	2.33742 	0
68.1706 	-0.0414294 	-0.305487 	2.33742 	0
68.2408 	-0.0414294 	-0.305487 	2.33742 	0
68.3109 	-0.0414294 	-0.305487 	2.33742 	0
68.381 	-0.0414294 	-0.305487 	2.33742 	0
68.4512 	-0.0414294 	-0.305487 	2.33742 	0
68.5213 	-0.0414294 	-0.305487 	2.33742 	0
68.5914 	-0.0414294 	-0.305487 	2.33742 	0
68.6616 	-0.0414294 	-0.305487 	2.33742 	0
68.7317 	-0.0414294 	-0.305487 	2.33742 	0
68.8018 	-0.0414294 	-0.305487 	2.33742 	0
68.872 	-0.0414294 	-0.305487 	2.33742 	0
68.9421 	-0.0414294 	-0.305487 	2.33742 	0
69.0122 	-0.0414294 	-0.305487 	2.33742 	0
