0.490941 	1.78735 	0.00433418 	3.00031 	-2.53256e-20
0.561075 	1.78735 	0.00433418 	3.00031 	-2.53256e-20
0.63121 	1.78735 	0.00433418 	3.00031 	-2.53256e-20
0.701344 	1.78735 	0.00433418 	3.00031 	-2.53256e-20
0.771478 	1.78735 	0.00433418 	3.00031 	-2.53256e-20
0.841613 	1.78735 	0.00433418 	3.00031 	-2.53256e-20
0.911747 	1.76231 	0.0145286 	3.00803 	-5.8149e-20
0.981881 	1.76231 	0.0145286 	3.00803 	-5.8149e-20
1.05202 	1.76231 	0.0145286 	3.00803 	-5.8149e-20
1.12215 	1.76231 	0.0145286 	3.00803 	-5.8149e-20
1.19228 	1.76231 	0.0145286 	3.00803 	-5.8149e-20
1.26242 	1.76231 	0.0145286 	3.00803 	-5.8149e-20
1.33255 	1.71835 	0.0192852 	3.0233 	5.81091e-20
1.40269 	1.71835 	0.0192852 	3.0233 	5.81091e-20
1.47282 	1.71835 	0.0192852 	3.0233 	5.81091e-20
1.54296 	1.71835 	0.0192852 	3.0233 	5.81091e-20
1.61309 	1.71835 	0.0192852 	3.0233 	5.81091e-20
1.68323 	1.71835 	0.0192852 	3.0233 	5.81091e-20
1.75336 	1.658 	0.0247631 	3.04255 	2.76082e-20
1.82349 	1.658 	0.0247631 	3.04255 	2.76082e-20
1.89363 	1.658 	0.0247631 	3.04255 	2.76082e-20
1.96376 	1.658 	0.0247631 	3.04255 	2.76082e-20
2.0339 	1.658 	0.0247631 	3.04255 	2.76082e-20
2.10403 	1.658 	0.0247631 	3.04255 	2.76082e-20
2.17417 	1.58674 	0.024242 	3.06666 	0
2.2443 	1.58674 	0.024242 	3.06666 	0
2.31443 	1.58674 	0.024242 	3.06666 	0
2.38457 	1.58674 	0.024242 	3.06666 	0
2.4547 	1.58674 	0.024242 	3.06666 	0
2.52484 	1.58674 	0.024242 	3.06666 	0
2.59497 	1.51042 	0.0257193 	3.09075 	-1.23307e-19
2.66511 	1.51042 	0.0257193 	3.09075 	-1.23307e-19
2.73524 	1.51042 	0.0257193 	3.09075 	-1.23307e-19
2.80538 	1.51042 	0.0257193 	3.09075 	-1.23307e-19
2.87551 	1.51042 	0.0257193 	3.09075 	-1.23307e-19
2.94564 	1.51042 	0.0257193 	3.09075 	-1.23307e-19
3.01578 	1.43412 	0.0233743 	3.11622 	9.80549e-20
3.08591 	1.43412 	0.0233743 	3.11622 	9.80549e-20
3.15605 	1.43412 	0.0233743 	3.11622 	9.80549e-20
3.22618 	1.43412 	0.0233743 	3.11622 	9.80549e-20
3.29632 	1.43412 	0.0233743 	3.11622 	9.80549e-20
3.36645 	1.43412 	0.0233743 	3.11622 	9.80549e-20
3.43659 	1.35967 	0.0250688 	3.13925 	-1.76149e-19
3.50672 	1.35967 	0.0250688 	3.13925 	-1.76149e-19
3.57685 	1.35967 	0.0250688 	3.13925 	-1.76149e-19
3.64699 	1.35967 	0.0250688 	3.13925 	-1.76149e-19
3.71712 	1.35967 	0.0250688 	3.13925 	-1.76149e-19
3.78726 	1.35174 	0.014277 	3.13797 	-1.95434e-19
3.85739 	1.27857 	0.0120071 	3.16286 	3.57782e-19
3.92753 	1.27857 	0.0120071 	3.16286 	3.57782e-19
3.99766 	1.27857 	0.0120071 	3.16286 	3.57782e-19
4.06779 	1.27857 	0.0120071 	3.16286 	3.57782e-19
4.13793 	1.27857 	0.0120071 	3.16286 	3.57782e-19
4.20806 	1.27857 	0.0120071 	3.16286 	3.57782e-19
4.2782 	1.20737 	0.0145231 	3.18368 	-2.03376e-19
4.34833 	1.20737 	0.0145231 	3.18368 	-2.03376e-19
4.41847 	1.20737 	0.0145231 	3.18368 	-2.03376e-19
4.4886 	1.20737 	0.0145231 	3.18368 	-2.03376e-19
4.55874 	1.20737 	0.0145231 	3.18368 	-2.03376e-19
4.62887 	1.20737 	0.0145231 	3.18368 	-2.03376e-19
4.699 	1.20737 	0.0145231 	3.18368 	-2.03376e-19
4.76914 	1.13798 	0.0120359 	3.2072 	-1.45351e-19
4.83927 	1.13798 	0.0120359 	3.2072 	-1.45351e-19
4.90941 	1.13798 	0.0120359 	3.2072 	-1.45351e-19
4.97954 	1.13798 	0.0120359 	3.2072 	-1.45351e-19
5.04968 	1.13798 	0.0120359 	3.2072 	-1.45351e-19
5.11981 	1.13798 	0.0120359 	3.2072 	-1.45351e-19
5.18994 	1.07028 	0.0143363 	3.22648 	1.27778e-19
5.26008 	1.07028 	0.0143363 	3.22648 	1.27778e-19
5.33021 	1.07028 	0.0143363 	3.22648 	1.27778e-19
5.40035 	1.07028 	0.0143363 	3.22648 	1.27778e-19
5.47048 	1.07028 	0.0143363 	3.22648 	1.27778e-19
5.54062 	1.07028 	0.0143363 	3.22648 	1.27778e-19
5.61075 	1.0052 	0.0115684 	3.24855 	-2.39858e-19
5.68089 	1.0052 	0.0115684 	3.24855 	-2.39858e-19
5.75102 	1.0052 	0.0115684 	3.24855 	-2.39858e-19
5.82115 	1.0052 	0.0115684 	3.24855 	-2.39858e-19
5.89129 	1.0052 	0.0115684 	3.24855 	-2.39858e-19
5.96142 	1.0052 	0.0115684 	3.24855 	-2.39858e-19
6.03156 	0.943271 	0.0140912 	3.26562 	2.56082e-19
6.10169 	0.943271 	0.0140912 	3.26562 	2.56082e-19
6.17183 	0.943271 	0.0140912 	3.26562 	2.56082e-19
6.24196 	0.943271 	0.0140912 	3.26562 	2.56082e-19
6.3121 	0.943271 	0.0140912 	3.26562 	2.56082e-19
6.38223 	0.943271 	0.0140912 	3.26562 	2.56082e-19
6.45236 	0.885384 	0.0115603 	3.28544 	1.44523e-20
6.5225 	0.885384 	0.0115603 	3.28544 	1.44523e-20
6.59263 	0.885384 	0.0115603 	3.28544 	1.44523e-20
6.66277 	0.885384 	0.0115603 	3.28544 	1.44523e-20
6.7329 	0.885384 	0.0115603 	3.28544 	1.44523e-20
6.80304 	0.885384 	0.0115603 	3.28544 	1.44523e-20
6.87317 	0.83157 	0.0147243 	3.29965 	-1.3561e-20
6.9433 	0.83157 	0.0147243 	3.29965 	-1.3561e-20
7.01344 	0.83157 	0.0147243 	3.29965 	-1.3561e-20
7.08357 	0.83157 	0.0147243 	3.29965 	-1.3561e-20
7.15371 	0.83157 	0.0147243 	3.29965 	-1.3561e-20
7.22384 	0.83157 	0.0147243 	3.29965 	-1.3561e-20
7.29398 	0.782051 	0.012612 	3.31698 	0
7.36411 	0.782051 	0.012612 	3.31698 	0
7.43425 	0.782051 	0.012612 	3.31698 	0
7.50438 	0.782051 	0.012612 	3.31698 	0
7.57451 	0.782051 	0.012612 	3.31698 	0
7.64465 	0.782051 	0.012612 	3.31698 	0
7.71478 	0.782051 	0.012612 	3.31698 	0
7.78492 	0.736264 	0.0164918 	3.3284 	0
7.85505 	0.736264 	0.0164918 	3.3284 	0
7.92519 	0.736264 	0.0164918 	3.3284 	0
7.99532 	0.736264 	0.0164918 	3.3284 	0
8.06545 	0.736264 	0.0164918 	3.3284 	0
8.13559 	0.736264 	0.0164918 	3.3284 	0
8.20572 	0.694074 	0.0148229 	3.34365 	0
8.27586 	0.694074 	0.0148229 	3.34365 	0
8.34599 	0.694074 	0.0148229 	3.34365 	0
8.41613 	0.694074 	0.0148229 	3.34365 	0
8.48626 	0.694074 	0.0148229 	3.34365 	0
8.5564 	0.694074 	0.0148229 	3.34365 	0
8.62653 	0.654736 	0.0196002 	3.35277 	2.26195e-22
8.69666 	0.654736 	0.0196002 	3.35277 	2.26195e-22
8.7668 	0.654736 	0.0196002 	3.35277 	2.26195e-22
8.83693 	0.654736 	0.0196002 	3.35277 	2.26195e-22
8.90707 	0.654736 	0.0196002 	3.35277 	2.26195e-22
8.9772 	0.654736 	0.0196002 	3.35277 	2.26195e-22
9.04734 	0.618065 	0.0186049 	3.36657 	-1.47729e-19
9.11747 	0.618065 	0.0186049 	3.36657 	-1.47729e-19
9.18761 	0.618065 	0.0186049 	3.36657 	-1.47729e-19
9.25774 	0.603001 	0.0146841 	3.36935 	-1.93495e-20
9.32787 	0.603001 	0.0146841 	3.36935 	-1.93495e-20
9.39801 	0.603001 	0.0146841 	3.36935 	-1.93495e-20
9.46814 	0.603001 	0.0146841 	3.36935 	-1.93495e-20
9.53828 	0.567235 	0.0219207 	3.37776 	-1.51378e-19
9.60841 	0.567235 	0.0219207 	3.37776 	-1.51378e-19
9.67855 	0.567235 	0.0219207 	3.37776 	-1.51378e-19
9.74868 	0.567235 	0.0219207 	3.37776 	-1.51378e-19
9.81881 	0.567235 	0.0219207 	3.37776 	-1.51378e-19
9.88895 	0.567235 	0.0219207 	3.37776 	-1.51378e-19
9.95908 	0.532951 	0.0220854 	3.39031 	-8.75842e-21
10.0292 	0.532951 	0.0220854 	3.39031 	-8.75842e-21
10.0994 	0.532951 	0.0220854 	3.39031 	-8.75842e-21
10.1695 	0.532951 	0.0220854 	3.39031 	-8.75842e-21
10.2396 	0.532951 	0.0220854 	3.39031 	-8.75842e-21
10.3098 	0.532951 	0.0220854 	3.39031 	-8.75842e-21
10.3799 	0.499546 	0.0315537 	3.39768 	1.24891e-19
10.45 	0.499546 	0.0315537 	3.39768 	1.24891e-19
10.5202 	0.499546 	0.0315537 	3.39768 	1.24891e-19
10.5903 	0.499546 	0.0315537 	3.39768 	1.24891e-19
10.6604 	0.499546 	0.0315537 	3.39768 	1.24891e-19
10.7306 	0.499546 	0.0315537 	3.39768 	1.24891e-19
10.8007 	0.466812 	0.0338055 	3.40996 	-1.32627e-19
10.8708 	0.466812 	0.0338055 	3.40996 	-1.32627e-19
10.941 	0.466812 	0.0338055 	3.40996 	-1.32627e-19
11.0111 	0.466812 	0.0338055 	3.40996 	-1.32627e-19
11.0812 	0.466812 	0.0338055 	3.40996 	-1.32627e-19
11.1514 	0.466812 	0.0338055 	3.40996 	-1.32627e-19
11.2215 	0.466812 	0.0338055 	3.40996 	-1.32627e-19
11.2916 	0.434023 	0.0468242 	3.41676 	-2.15538e-19
11.3618 	0.434023 	0.0468242 	3.41676 	-2.15538e-19
11.4319 	0.434023 	0.0468242 	3.41676 	-2.15538e-19
11.502 	0.434023 	0.0468242 	3.41676 	-2.15538e-19
11.5722 	0.434023 	0.0468242 	3.41676 	-2.15538e-19
11.6423 	0.434023 	0.0468242 	3.41676 	-2.15538e-19
11.7124 	0.400667 	0.0525535 	3.42938 	2.08673e-19
11.7826 	0.400667 	0.0525535 	3.42938 	2.08673e-19
11.8527 	0.400667 	0.0525535 	3.42938 	2.08673e-19
11.9228 	0.400667 	0.0525535 	3.42938 	2.08673e-19
11.993 	0.400667 	0.0525535 	3.42938 	2.08673e-19
12.0631 	0.400667 	0.0525535 	3.42938 	2.08673e-19
12.1332 	0.365518 	0.0713092 	3.43652 	0
12.2034 	0.365518 	0.0713092 	3.43652 	0
12.2735 	0.365518 	0.0713092 	3.43652 	0
12.3437 	0.365518 	0.0713092 	3.43652 	0
12.4138 	0.365518 	0.0713092 	3.43652 	0
12.4839 	0.365518 	0.0713092 	3.43652 	0
12.5541 	0.365518 	0.0713092 	3.43652 	0
12.6242 	0.327639 	0.0814717 	3.45027 	-4.88654e-21
12.6943 	0.327639 	0.0814717 	3.45027 	-4.88654e-21
12.7645 	0.327639 	0.0814717 	3.45027 	-4.88654e-21
12.8346 	0.327639 	0.0814717 	3.45027 	-4.88654e-21
12.9047 	0.327639 	0.0814717 	3.45027 	-4.88654e-21
12.9749 	0.327639 	0.0814717 	3.45027 	-4.88654e-21
13.045 	0.285764 	0.108475 	3.45906 	4.99341e-21
13.1151 	0.285764 	0.108475 	3.45906 	4.99341e-21
13.1853 	0.285764 	0.108475 	3.45906 	4.99341e-21
13.2554 	0.285764 	0.108475 	3.45906 	4.99341e-21
13.3255 	0.285764 	0.108475 	3.45906 	4.99341e-21
13.3957 	0.285764 	0.108475 	3.45906 	4.99341e-21
13.4658 	0.285764 	0.108475 	3.45906 	4.99341e-21
13.5359 	0.239527 	0.123927 	3.4746 	0
13.6061 	0.239527 	0.123927 	3.4746 	0
13.6762 	0.239527 	0.123927 	3.4746 	0
13.7463 	0.239527 	0.123927 	3.4746 	0
13.8165 	0.239527 	0.123927 	3.4746 	0
13.8866 	0.239527 	0.123927 	3.4746 	0
13.9567 	0.18935 	0.175063 	3.48951 	9.33759e-22
14.0269 	0.18935 	0.175063 	3.48951 	9.33759e-22
14.097 	0.18935 	0.175063 	3.48951 	9.33759e-22
14.1671 	0.18935 	0.175063 	3.48951 	9.33759e-22
14.2373 	0.18935 	0.175063 	3.48951 	9.33759e-22
14.3074 	0.18935 	0.175063 	3.48951 	9.33759e-22
14.3776 	0.164725 	0.173435 	3.49424 	3.6836e-20
14.4477 	0.0540114 	0.17567 	3.52467 	-1.61769e-21
14.5178 	0.0540114 	0.17567 	3.52467 	-1.61769e-21
14.588 	0.0540114 	0.17567 	3.52467 	-1.61769e-21
14.6581 	0.0742015 	0.190432 	3.51724 	0
14.7282 	0.0742015 	0.190432 	3.51724 	0
14.7984 	-0.0180468 	0.206236 	3.5438 	7.63538e-21
14.8685 	0.0141148 	0.23229 	3.53269 	-3.18146e-22
14.9386 	0.0141148 	0.23229 	3.53269 	-3.18146e-22
15.0088 	0.0141148 	0.23229 	3.53269 	-3.18146e-22
15.0789 	0.0141148 	0.23229 	3.53269 	-3.18146e-22
15.149 	0.0537524 	0.251187 	3.52121 	-1.65682e-20
15.2192 	-0.0521839 	0.270676 	3.55834 	-4.64169e-20
15.2893 	-0.0521839 	0.270676 	3.55834 	-4.64169e-20
15.3594 	-0.0521839 	0.270676 	3.55834 	-4.64169e-20
15.4296 	-0.0131691 	0.293618 	3.5364 	-1.80204e-20
15.4997 	-0.0131691 	0.293618 	3.5364 	-1.80204e-20
15.5698 	-0.119037 	0.308796 	3.5679 	-6.96574e-20
15.64 	-0.119037 	0.308796 	3.5679 	-6.96574e-20
15.7101 	-0.119037 	0.308796 	3.5679 	-6.96574e-20
15.7802 	-0.0749052 	0.329487 	3.56144 	6.2028e-20
15.8504 	-0.0749052 	0.329487 	3.56144 	6.2028e-20
15.9205 	-0.180596 	0.351444 	3.57584 	4.56861e-20
15.9906 	-0.180596 	0.351444 	3.57584 	4.56861e-20
16.0608 	-0.180596 	0.351444 	3.57584 	4.56861e-20
16.1309 	-0.124119 	0.379378 	3.55638 	0
16.201 	-0.124119 	0.379378 	3.55638 	0
16.2712 	-0.228907 	0.391778 	3.59023 	0
16.3413 	-0.228907 	0.391778 	3.59023 	0
16.4114 	-0.228907 	0.391778 	3.59023 	0
16.4816 	-0.228907 	0.391778 	3.59023 	0
16.5517 	-0.15253 	0.411081 	3.56598 	1.25195e-19
16.6219 	-0.250709 	0.447231 	3.59125 	6.04391e-20
16.692 	-0.250709 	0.447231 	3.59125 	6.04391e-20
16.7621 	-0.250709 	0.447231 	3.59125 	6.04391e-20
16.8323 	-0.250709 	0.447231 	3.59125 	6.04391e-20
16.9024 	-0.250709 	0.447231 	3.59125 	6.04391e-20
16.9725 	-0.241734 	0.493526 	3.58341 	0
17.0427 	-0.241734 	0.493526 	3.58341 	0
17.1128 	-0.241734 	0.493526 	3.58341 	0
17.1829 	-0.241734 	0.493526 	3.58341 	0
17.2531 	-0.325338 	0.526306 	3.60141 	0
17.3232 	-0.325338 	0.526306 	3.60141 	0
17.3933 	-0.325338 	0.526306 	3.60141 	0
17.4635 	-0.21169 	0.556554 	3.57984 	-9.21116e-20
17.5336 	-0.21169 	0.556554 	3.57984 	-9.21116e-20
17.6037 	-0.284527 	0.575816 	3.58748 	0
17.6739 	-0.284527 	0.575816 	3.58748 	0
17.744 	-0.284527 	0.575816 	3.58748 	0
17.8141 	-0.284527 	0.575816 	3.58748 	0
17.8843 	-0.284527 	0.575816 	3.58748 	0
17.9544 	-0.234026 	0.635633 	3.57413 	-2.043e-19
18.0245 	-0.234026 	0.635633 	3.57413 	-2.043e-19
18.0947 	-0.234026 	0.635633 	3.57413 	-2.043e-19
18.1648 	-0.234026 	0.635633 	3.57413 	-2.043e-19
18.2349 	-0.293311 	0.657432 	3.5825 	2.42342e-19
18.3051 	-0.293311 	0.657432 	3.5825 	2.42342e-19
18.3752 	-0.293311 	0.657432 	3.5825 	2.42342e-19
18.4453 	-0.293311 	0.657432 	3.5825 	2.42342e-19
18.5155 	-0.293311 	0.657432 	3.5825 	2.42342e-19
18.5856 	-0.241842 	0.695689 	3.56011 	3.09954e-19
18.6557 	-0.241842 	0.695689 	3.56011 	3.09954e-19
18.7259 	-0.241842 	0.695689 	3.56011 	3.09954e-19
18.796 	-0.241842 	0.695689 	3.56011 	3.09954e-19
18.8662 	-0.298287 	0.717949 	3.57084 	-3.80756e-19
18.9363 	-0.298287 	0.717949 	3.57084 	-3.80756e-19
19.0064 	-0.298287 	0.717949 	3.57084 	-3.80756e-19
19.0766 	-0.298287 	0.717949 	3.57084 	-3.80756e-19
19.1467 	-0.298287 	0.717949 	3.57084 	-3.80756e-19
19.2168 	-0.351644 	0.751725 	3.58823 	-1.64183e-19
19.287 	-0.241402 	0.73761 	3.53186 	-1.42657e-19
19.3571 	-0.241402 	0.73761 	3.53186 	-1.42657e-19
19.4272 	-0.241402 	0.73761 	3.53186 	-1.42657e-19
19.4974 	-0.241402 	0.73761 	3.53186 	-1.42657e-19
19.5675 	-0.295013 	0.764552 	3.5496 	-1.364e-19
19.6376 	-0.295013 	0.764552 	3.5496 	-1.364e-19
19.7078 	-0.295013 	0.764552 	3.5496 	-1.364e-19
19.7779 	-0.295013 	0.764552 	3.5496 	-1.364e-19
19.848 	-0.295013 	0.764552 	3.5496 	-1.364e-19
19.9182 	-0.347181 	0.802155 	3.57153 	7.44793e-20
19.9883 	-0.347181 	0.802155 	3.57153 	7.44793e-20
20.0584 	-0.232383 	0.763574 	3.46704 	0
20.1286 	-0.232383 	0.763574 	3.46704 	0
20.1987 	-0.232383 	0.763574 	3.46704 	0
20.2688 	-0.286143 	0.794581 	3.50323 	-8.76662e-20
20.339 	-0.286143 	0.794581 	3.50323 	-8.76662e-20
20.4091 	-0.286143 	0.794581 	3.50323 	-8.76662e-20
20.4792 	-0.286143 	0.794581 	3.50323 	-8.76662e-20
20.5494 	-0.286143 	0.794581 	3.50323 	-8.76662e-20
20.6195 	-0.339139 	0.8363 	3.53783 	-3.11526e-20
20.6896 	-0.339139 	0.8363 	3.53783 	-3.11526e-20
20.7598 	-0.339139 	0.8363 	3.53783 	-3.11526e-20
20.8299 	-0.339139 	0.8363 	3.53783 	-3.11526e-20
20.9 	-0.227818 	0.769145 	3.28777 	-2.57672e-19
20.9702 	-0.277925 	0.80578 	3.36924 	-2.1899e-19
21.0403 	-0.277925 	0.80578 	3.36924 	-2.1899e-19
21.1105 	-0.277925 	0.80578 	3.36924 	-2.1899e-19
21.1806 	-0.277925 	0.80578 	3.36924 	-2.1899e-19
21.2507 	-0.277925 	0.80578 	3.36924 	-2.1899e-19
21.3209 	-0.330764 	0.8504 	3.43842 	1.22809e-19
21.391 	-0.330764 	0.8504 	3.43842 	1.22809e-19
21.4611 	-0.330764 	0.8504 	3.43842 	1.22809e-19
21.5313 	-0.330764 	0.8504 	3.43842 	1.22809e-19
21.6014 	-0.330764 	0.8504 	3.43842 	1.22809e-19
21.6715 	-0.330764 	0.8504 	3.43842 	1.22809e-19
21.7417 	-0.383193 	0.882792 	3.47979 	-1.02819e-19
21.8118 	-0.383193 	0.882792 	3.47979 	-1.02819e-19
21.8819 	-0.383193 	0.882792 	3.47979 	-1.02819e-19
21.9521 	-0.298155 	0.783443 	3.02874 	-6.71003e-20
22.0222 	-0.298155 	0.783443 	3.02874 	-6.71003e-20
22.0923 	-0.33632 	0.831941 	3.15596 	-4.12892e-19
22.1625 	-0.33632 	0.831941 	3.15596 	-4.12892e-19
22.2326 	-0.33632 	0.831941 	3.15596 	-4.12892e-19
22.3027 	-0.33632 	0.831941 	3.15596 	-4.12892e-19
22.3729 	-0.33632 	0.831941 	3.15596 	-4.12892e-19
22.443 	-0.33632 	0.831941 	3.15596 	-4.12892e-19
22.5131 	-0.376061 	0.876173 	3.26472 	-3.64799e-20
22.5833 	-0.376061 	0.876173 	3.26472 	-3.64799e-20
22.6534 	-0.376061 	0.876173 	3.26472 	-3.64799e-20
22.7235 	-0.376061 	0.876173 	3.26472 	-3.64799e-20
22.7937 	-0.376061 	0.876173 	3.26472 	-3.64799e-20
22.8638 	-0.418328 	0.917571 	3.33697 	2.34689e-19
22.9339 	-0.418328 	0.917571 	3.33697 	2.34689e-19
23.0041 	-0.418328 	0.917571 	3.33697 	2.34689e-19
23.0742 	-0.354838 	0.745144 	2.53096 	-3.1297e-19
23.1443 	-0.354838 	0.745144 	2.53096 	-3.1297e-19
23.2145 	-0.354838 	0.745144 	2.53096 	-3.1297e-19
23.2846 	-0.391299 	0.805627 	2.7273 	-7.97102e-20
23.3548 	-0.391299 	0.805627 	2.7273 	-7.97102e-20
23.4249 	-0.391299 	0.805627 	2.7273 	-7.97102e-20
23.495 	-0.391299 	0.805627 	2.7273 	-7.97102e-20
23.5652 	-0.391299 	0.805627 	2.7273 	-7.97102e-20
23.6353 	-0.391299 	0.805627 	2.7273 	-7.97102e-20
23.7054 	-0.42647 	0.841282 	2.80264 	-1.40798e-19
23.7756 	-0.42647 	0.841282 	2.80264 	-1.40798e-19
23.8457 	-0.42647 	0.841282 	2.80264 	-1.40798e-19
23.9158 	-0.42647 	0.841282 	2.80264 	-1.40798e-19
23.986 	-0.42647 	0.841282 	2.80264 	-1.40798e-19
24.0561 	-0.42647 	0.841282 	2.80264 	-1.40798e-19
24.1262 	-0.46222 	0.897858 	2.96146 	0
24.1964 	-0.46222 	0.897858 	2.96146 	0
24.2665 	-0.46222 	0.897858 	2.96146 	0
24.3366 	-0.46222 	0.897858 	2.96146 	0
24.4068 	-0.46222 	0.897858 	2.96146 	0
24.4769 	-0.416368 	0.68097 	2.08463 	-2.87282e-19
24.547 	-0.416368 	0.68097 	2.08463 	-2.87282e-19
24.6172 	-0.448794 	0.709352 	2.13437 	-4.69606e-19
24.6873 	-0.448794 	0.709352 	2.13437 	-4.69606e-19
24.7574 	-0.448794 	0.709352 	2.13437 	-4.69606e-19
24.8276 	-0.448794 	0.709352 	2.13437 	-4.69606e-19
24.8977 	-0.448794 	0.709352 	2.13437 	-4.69606e-19
24.9678 	-0.448794 	0.709352 	2.13437 	-4.69606e-19
25.038 	-0.48065 	0.750673 	2.25221 	1.51847e-19
25.1081 	-0.48065 	0.750673 	2.25221 	1.51847e-19
25.1782 	-0.48065 	0.750673 	2.25221 	1.51847e-19
25.2484 	-0.48065 	0.750673 	2.25221 	1.51847e-19
25.3185 	-0.48065 	0.750673 	2.25221 	1.51847e-19
25.3886 	-0.48065 	0.750673 	2.25221 	1.51847e-19
25.4588 	-0.51197 	0.778062 	2.294 	0
25.5289 	-0.51197 	0.778062 	2.294 	0
25.5991 	-0.51197 	0.778062 	2.294 	0
25.6692 	-0.51197 	0.778062 	2.294 	0
25.7393 	-0.51197 	0.778062 	2.294 	0
25.8095 	-0.51197 	0.778062 	2.294 	0
25.8796 	-0.51197 	0.778062 	2.294 	0
25.9497 	-0.539178 	0.820384 	2.39644 	-3.43188e-19
26.0199 	-0.539178 	0.820384 	2.39644 	-3.43188e-19
26.09 	-0.520951 	0.628334 	1.77306 	-2.87032e-19
26.1601 	-0.520951 	0.628334 	1.77306 	-2.87032e-19
26.2303 	-0.520951 	0.628334 	1.77306 	-2.87032e-19
26.3004 	-0.520951 	0.628334 	1.77306 	-2.87032e-19
26.3705 	-0.520951 	0.628334 	1.77306 	-2.87032e-19
26.4407 	-0.544643 	0.636934 	1.79241 	6.89374e-19
26.5108 	-0.544643 	0.636934 	1.79241 	6.89374e-19
26.5809 	-0.544643 	0.636934 	1.79241 	6.89374e-19
26.6511 	-0.544643 	0.636934 	1.79241 	6.89374e-19
26.7212 	-0.544643 	0.636934 	1.79241 	6.89374e-19
26.7913 	-0.544643 	0.636934 	1.79241 	6.89374e-19
26.8615 	-0.544643 	0.636934 	1.79241 	6.89374e-19
26.9316 	-0.567154 	0.661254 	1.83126 	-4.24347e-19
27.0017 	-0.567154 	0.661254 	1.83126 	-4.24347e-19
27.0719 	-0.567154 	0.661254 	1.83126 	-4.24347e-19
27.142 	-0.567154 	0.661254 	1.83126 	-4.24347e-19
27.2121 	-0.567154 	0.661254 	1.83126 	-4.24347e-19
27.2823 	-0.567154 	0.661254 	1.83126 	-4.24347e-19
27.3524 	-0.59019 	0.665327 	1.84434 	-1.41113e-19
27.4225 	-0.59019 	0.665327 	1.84434 	-1.41113e-19
27.4927 	-0.59019 	0.665327 	1.84434 	-1.41113e-19
27.5628 	-0.59019 	0.665327 	1.84434 	-1.41113e-19
27.6329 	-0.59019 	0.665327 	1.84434 	-1.41113e-19
27.7031 	-0.59019 	0.665327 	1.84434 	-1.41113e-19
27.7732 	-0.59019 	0.665327 	1.84434 	-1.41113e-19
27.8434 	-0.59019 	0.665327 	1.84434 	-1.41113e-19
27.9135 	-0.613642 	0.684575 	1.86068 	-1.37503e-19
27.9836 	-0.613642 	0.684575 	1.86068 	-1.37503e-19
28.0538 	-0.613642 	0.684575 	1.86068 	-1.37503e-19
28.1239 	-0.613642 	0.684575 	1.86068 	-1.37503e-19
28.194 	-0.613642 	0.684575 	1.86068 	-1.37503e-19
28.2642 	-0.613642 	0.684575 	1.86068 	-1.37503e-19
28.3343 	-0.60966 	0.591468 	1.60055 	1.50195e-19
28.4044 	-0.623208 	0.595995 	1.59726 	-2.78775e-19
28.4746 	-0.623208 	0.595995 	1.59726 	-2.78775e-19
28.5447 	-0.623208 	0.595995 	1.59726 	-2.78775e-19
28.6148 	-0.623208 	0.595995 	1.59726 	-2.78775e-19
28.685 	-0.623208 	0.595995 	1.59726 	-2.78775e-19
28.7551 	-0.623208 	0.595995 	1.59726 	-2.78775e-19
28.8252 	-0.623208 	0.595995 	1.59726 	-2.78775e-19
28.8954 	-0.623208 	0.595995 	1.59726 	-2.78775e-19
28.9655 	-0.632262 	0.605244 	1.59662 	-2.9044e-19
29.0356 	-0.632262 	0.605244 	1.59662 	-2.9044e-19
29.1058 	-0.632262 	0.605244 	1.59662 	-2.9044e-19
29.1759 	-0.632262 	0.605244 	1.59662 	-2.9044e-19
29.246 	-0.632262 	0.605244 	1.59662 	-2.9044e-19
29.3162 	-0.632262 	0.605244 	1.59662 	-2.9044e-19
29.3863 	-0.632262 	0.605244 	1.59662 	-2.9044e-19
29.4564 	-0.637622 	0.610111 	1.58431 	2.70609e-19
29.5266 	-0.637622 	0.610111 	1.58431 	2.70609e-19
29.5967 	-0.637622 	0.610111 	1.58431 	2.70609e-19
29.6668 	-0.637622 	0.610111 	1.58431 	2.70609e-19
29.737 	-0.637622 	0.610111 	1.58431 	2.70609e-19
29.8071 	-0.637622 	0.610111 	1.58431 	2.70609e-19
29.8773 	-0.637622 	0.610111 	1.58431 	2.70609e-19
29.9474 	-0.637622 	0.610111 	1.58431 	2.70609e-19
30.0175 	-0.638265 	0.615379 	1.57291 	-2.70708e-19
30.0877 	-0.638265 	0.615379 	1.57291 	-2.70708e-19
30.1578 	-0.638265 	0.615379 	1.57291 	-2.70708e-19
30.2279 	-0.638265 	0.615379 	1.57291 	-2.70708e-19
30.2981 	-0.638265 	0.615379 	1.57291 	-2.70708e-19
30.3682 	-0.638265 	0.615379 	1.57291 	-2.70708e-19
30.4383 	-0.638265 	0.615379 	1.57291 	-2.70708e-19
30.5085 	-0.638265 	0.615379 	1.57291 	-2.70708e-19
30.5786 	-0.631162 	0.614364 	1.55067 	5.00377e-19
30.6487 	-0.631162 	0.614364 	1.55067 	5.00377e-19
30.7189 	-0.631162 	0.614364 	1.55067 	5.00377e-19
30.789 	-0.631162 	0.614364 	1.55067 	5.00377e-19
30.8591 	-0.631162 	0.614364 	1.55067 	5.00377e-19
30.9293 	-0.631162 	0.614364 	1.55067 	5.00377e-19
30.9994 	-0.631162 	0.614364 	1.55067 	5.00377e-19
31.0695 	-0.631162 	0.614364 	1.55067 	5.00377e-19
31.1397 	-0.614843 	0.613631 	1.52587 	-2.48307e-19
31.2098 	-0.614843 	0.613631 	1.52587 	-2.48307e-19
31.2799 	-0.614843 	0.613631 	1.52587 	-2.48307e-19
31.3501 	-0.614843 	0.613631 	1.52587 	-2.48307e-19
31.4202 	-0.614843 	0.613631 	1.52587 	-2.48307e-19
31.4903 	-0.614843 	0.613631 	1.52587 	-2.48307e-19
31.5605 	-0.623935 	0.573639 	1.51129 	3.91214e-19
31.6306 	-0.623935 	0.573639 	1.51129 	3.91214e-19
31.7007 	-0.605889 	0.557989 	1.49245 	-1.1563e-19
31.7709 	-0.605889 	0.557989 	1.49245 	-1.1563e-19
31.841 	-0.605889 	0.557989 	1.49245 	-1.1563e-19
31.9111 	-0.605889 	0.557989 	1.49245 	-1.1563e-19
31.9813 	-0.605889 	0.557989 	1.49245 	-1.1563e-19
32.0514 	-0.605889 	0.557989 	1.49245 	-1.1563e-19
32.1216 	-0.605889 	0.557989 	1.49245 	-1.1563e-19
32.1917 	-0.605889 	0.557989 	1.49245 	-1.1563e-19
32.2618 	-0.605889 	0.557989 	1.49245 	-1.1563e-19
32.332 	-0.58358 	0.53785 	1.47284 	0
32.4021 	-0.58358 	0.53785 	1.47284 	0
32.4722 	-0.58358 	0.53785 	1.47284 	0
32.5424 	-0.58358 	0.53785 	1.47284 	0
32.6125 	-0.58358 	0.53785 	1.47284 	0
32.6826 	-0.58358 	0.53785 	1.47284 	0
32.7528 	-0.58358 	0.53785 	1.47284 	0
32.8229 	-0.58358 	0.53785 	1.47284 	0
32.893 	-0.58358 	0.53785 	1.47284 	0
32.9632 	-0.559042 	0.504622 	1.45654 	0
33.0333 	-0.559042 	0.504622 	1.45654 	0
33.1034 	-0.559042 	0.504622 	1.45654 	0
33.1736 	-0.559042 	0.504622 	1.45654 	0
33.2437 	-0.559042 	0.504622 	1.45654 	0
33.3138 	-0.559042 	0.504622 	1.45654 	0
33.384 	-0.559042 	0.504622 	1.45654 	0
33.4541 	-0.559042 	0.504622 	1.45654 	0
33.5242 	-0.559042 	0.504622 	1.45654 	0
33.5944 	-0.533711 	0.465296 	1.44081 	5.03607e-20
33.6645 	-0.533711 	0.465296 	1.44081 	5.03607e-20
33.7346 	-0.533711 	0.465296 	1.44081 	5.03607e-20
33.8048 	-0.533711 	0.465296 	1.44081 	5.03607e-20
33.8749 	-0.533711 	0.465296 	1.44081 	5.03607e-20
33.945 	-0.533711 	0.465296 	1.44081 	5.03607e-20
34.0152 	-0.533711 	0.465296 	1.44081 	5.03607e-20
34.0853 	-0.533711 	0.465296 	1.44081 	5.03607e-20
34.1554 	-0.533711 	0.465296 	1.44081 	5.03607e-20
34.2256 	-0.510119 	0.426032 	1.42848 	-4.09484e-20
34.2957 	-0.510119 	0.426032 	1.42848 	-4.09484e-20
34.3659 	-0.510119 	0.426032 	1.42848 	-4.09484e-20
34.436 	-0.510119 	0.426032 	1.42848 	-4.09484e-20
34.5061 	-0.510119 	0.426032 	1.42848 	-4.09484e-20
34.5763 	-0.510119 	0.426032 	1.42848 	-4.09484e-20
34.6464 	-0.510119 	0.426032 	1.42848 	-4.09484e-20
34.7165 	-0.510119 	0.426032 	1.42848 	-4.09484e-20
34.7867 	-0.510119 	0.426032 	1.42848 	-4.09484e-20
34.8568 	-0.510119 	0.426032 	1.42848 	-4.09484e-20
34.9269 	-0.49099 	0.386095 	1.41811 	8.03397e-20
34.9971 	-0.49099 	0.386095 	1.41811 	8.03397e-20
35.0672 	-0.49099 	0.386095 	1.41811 	8.03397e-20
35.1373 	-0.49099 	0.386095 	1.41811 	8.03397e-20
35.2075 	-0.49099 	0.386095 	1.41811 	8.03397e-20
35.2776 	-0.49099 	0.386095 	1.41811 	8.03397e-20
35.3477 	-0.49099 	0.386095 	1.41811 	8.03397e-20
35.4179 	-0.49099 	0.386095 	1.41811 	8.03397e-20
35.488 	-0.49099 	0.386095 	1.41811 	8.03397e-20
35.5581 	-0.49099 	0.386095 	1.41811 	8.03397e-20
35.6283 	-0.477582 	0.344516 	1.41522 	-2.04926e-20
35.6984 	-0.477582 	0.344516 	1.41522 	-2.04926e-20
35.7685 	-0.477582 	0.344516 	1.41522 	-2.04926e-20
35.8387 	-0.477582 	0.344516 	1.41522 	-2.04926e-20
35.9088 	-0.477582 	0.344516 	1.41522 	-2.04926e-20
35.9789 	-0.477582 	0.344516 	1.41522 	-2.04926e-20
36.0491 	-0.477582 	0.344516 	1.41522 	-2.04926e-20
36.1192 	-0.477582 	0.344516 	1.41522 	-2.04926e-20
36.1893 	-0.477582 	0.344516 	1.41522 	-2.04926e-20
36.2595 	-0.477582 	0.344516 	1.41522 	-2.04926e-20
36.3296 	-0.470567 	0.301851 	1.41978 	1.76596e-20
36.3997 	-0.470567 	0.301851 	1.41978 	1.76596e-20
36.4699 	-0.470567 	0.301851 	1.41978 	1.76596e-20
36.54 	-0.470567 	0.301851 	1.41978 	1.76596e-20
36.6102 	-0.470567 	0.301851 	1.41978 	1.76596e-20
36.6803 	-0.470567 	0.301851 	1.41978 	1.76596e-20
36.7504 	-0.470567 	0.301851 	1.41978 	1.76596e-20
36.8206 	-0.470567 	0.301851 	1.41978 	1.76596e-20
36.8907 	-0.470567 	0.301851 	1.41978 	1.76596e-20
36.9608 	-0.470567 	0.301851 	1.41978 	1.76596e-20
37.031 	-0.470567 	0.301851 	1.41978 	1.76596e-20
37.1011 	-0.468498 	0.265314 	1.42795 	0
37.1712 	-0.468498 	0.265314 	1.42795 	0
37.2414 	-0.468498 	0.265314 	1.42795 	0
37.3115 	-0.468498 	0.265314 	1.42795 	0
37.3816 	-0.468498 	0.265314 	1.42795 	0
37.4518 	-0.468498 	0.265314 	1.42795 	0
37.5219 	-0.468498 	0.265314 	1.42795 	0
37.592 	-0.468498 	0.265314 	1.42795 	0
37.6622 	-0.468776 	0.233921 	1.43638 	0
37.7323 	-0.468776 	0.233921 	1.43638 	0
37.8024 	-0.468776 	0.233921 	1.43638 	0
37.8726 	-0.468776 	0.233921 	1.43638 	0
37.9427 	-0.468776 	0.233921 	1.43638 	0
38.0128 	-0.468776 	0.233921 	1.43638 	0
38.083 	-0.468776 	0.233921 	1.43638 	0
38.1531 	-0.468776 	0.233921 	1.43638 	0
38.2232 	-0.468776 	0.233921 	1.43638 	0
38.2934 	-0.470763 	0.205843 	1.44503 	0
38.3635 	-0.470763 	0.205843 	1.44503 	0
38.4336 	-0.470763 	0.205843 	1.44503 	0
38.5038 	-0.470763 	0.205843 	1.44503 	0
38.5739 	-0.470763 	0.205843 	1.44503 	0
38.644 	-0.470763 	0.205843 	1.44503 	0
38.7142 	-0.470763 	0.205843 	1.44503 	0
38.7843 	-0.470763 	0.205843 	1.44503 	0
38.8545 	-0.470763 	0.205843 	1.44503 	0
38.9246 	-0.47371 	0.182102 	1.45308 	0
38.9947 	-0.47371 	0.182102 	1.45308 	0
39.0649 	-0.47371 	0.182102 	1.45308 	0
39.135 	-0.47371 	0.182102 	1.45308 	0
39.2051 	-0.47371 	0.182102 	1.45308 	0
39.2753 	-0.47371 	0.182102 	1.45308 	0
39.3454 	-0.47371 	0.182102 	1.45308 	0
39.4155 	-0.47371 	0.182102 	1.45308 	0
39.4857 	-0.47371 	0.182102 	1.45308 	0
39.5558 	-0.476778 	0.161815 	1.46026 	0
39.6259 	-0.476778 	0.161815 	1.46026 	0
39.6961 	-0.476778 	0.161815 	1.46026 	0
39.7662 	-0.476778 	0.161815 	1.46026 	0
39.8363 	-0.476778 	0.161815 	1.46026 	0
39.9065 	-0.476778 	0.161815 	1.46026 	0
39.9766 	-0.476778 	0.161815 	1.46026 	0
40.0467 	-0.476778 	0.161815 	1.46026 	0
40.1169 	-0.47977 	0.143597 	1.46762 	0
40.187 	-0.47977 	0.143597 	1.46762 	0
40.2571 	-0.47977 	0.143597 	1.46762 	0
40.3273 	-0.47977 	0.143597 	1.46762 	0
40.3974 	-0.47977 	0.143597 	1.46762 	0
40.4675 	-0.47977 	0.143597 	1.46762 	0
40.5377 	-0.47977 	0.143597 	1.46762 	0
40.6078 	-0.47977 	0.143597 	1.46762 	0
40.6779 	-0.47977 	0.143597 	1.46762 	0
40.7481 	-0.482769 	0.128321 	1.47454 	0
40.8182 	-0.482769 	0.128321 	1.47454 	0
40.8883 	-0.482769 	0.128321 	1.47454 	0
40.9585 	-0.482769 	0.128321 	1.47454 	0
41.0286 	-0.482769 	0.128321 	1.47454 	0
41.0988 	-0.482769 	0.128321 	1.47454 	0
41.1689 	-0.482769 	0.128321 	1.47454 	0
41.239 	-0.482769 	0.128321 	1.47454 	0
41.3092 	-0.482769 	0.128321 	1.47454 	0
41.3793 	-0.485367 	0.117956 	1.47963 	0
41.4494 	-0.485367 	0.117956 	1.47963 	0
41.5196 	-0.485367 	0.117956 	1.47963 	0
41.5897 	-0.485367 	0.117956 	1.47963 	0
41.6598 	-0.485367 	0.117956 	1.47963 	0
41.73 	-0.485367 	0.117956 	1.47963 	0
41.8001 	-0.485367 	0.117956 	1.47963 	0
41.8702 	-0.485367 	0.117956 	1.47963 	0
41.9404 	-0.485367 	0.117956 	1.47963 	0
42.0105 	-0.487209 	0.112638 	1.48246 	0
42.0806 	-0.487209 	0.112638 	1.48246 	0
42.1508 	-0.487209 	0.112638 	1.48246 	0
42.2209 	-0.487209 	0.112638 	1.48246 	0
42.291 	-0.487209 	0.112638 	1.48246 	0
42.3612 	-0.487209 	0.112638 	1.48246 	0
42.4313 	-0.487209 	0.112638 	1.48246 	0
42.5014 	-0.487209 	0.112638 	1.48246 	0
42.5716 	-0.487209 	0.112638 	1.48246 	0
42.6417 	-0.488536 	0.110836 	1.48509 	0
42.7118 	-0.488536 	0.110836 	1.48509 	0
42.782 	-0.488536 	0.110836 	1.48509 	0
42.8521 	-0.488536 	0.110836 	1.48509 	0
42.9222 	-0.488536 	0.110836 	1.48509 	0
42.9924 	-0.488536 	0.110836 	1.48509 	0
43.0625 	-0.488536 	0.110836 	1.48509 	0
43.1327 	-0.488536 	0.110836 	1.48509 	0
43.2028 	-0.4899 	0.111002 	1.48922 	0
43.2729 	-0.4899 	0.111002 	1.48922 	0
43.3431 	-0.4899 	0.111002 	1.48922 	0
43.4132 	-0.4899 	0.111002 	1.48922 	0
43.4833 	-0.4899 	0.111002 	1.48922 	0
43.5535 	-0.4899 	0.111002 	1.48922 	0
43.6236 	-0.4899 	0.111002 	1.48922 	0
43.6937 	-0.4899 	0.111002 	1.48922 	0
43.7639 	-0.4899 	0.111002 	1.48922 	0
43.834 	-0.490952 	0.113284 	1.49638 	0
43.9041 	-0.490952 	0.113284 	1.49638 	0
43.9743 	-0.490952 	0.113284 	1.49638 	0
44.0444 	-0.490952 	0.113284 	1.49638 	0
44.1145 	-0.490952 	0.113284 	1.49638 	0
44.1847 	-0.490952 	0.113284 	1.49638 	0
44.2548 	-0.490952 	0.113284 	1.49638 	0
44.3249 	-0.490952 	0.113284 	1.49638 	0
44.3951 	-0.490952 	0.113284 	1.49638 	0
44.4652 	-0.491752 	0.121691 	1.50507 	0
44.5353 	-0.491752 	0.121691 	1.50507 	0
44.6055 	-0.491752 	0.121691 	1.50507 	0
44.6756 	-0.491752 	0.121691 	1.50507 	0
44.7457 	-0.491752 	0.121691 	1.50507 	0
44.8159 	-0.491752 	0.121691 	1.50507 	0
44.886 	-0.491752 	0.121691 	1.50507 	0
44.9561 	-0.491752 	0.121691 	1.50507 	0
45.0263 	-0.491752 	0.121691 	1.50507 	0
45.0964 	-0.49366 	0.143461 	1.51426 	0
45.1665 	-0.49366 	0.143461 	1.51426 	0
45.2367 	-0.49366 	0.143461 	1.51426 	0
45.3068 	-0.49366 	0.143461 	1.51426 	0
45.377 	-0.49366 	0.143461 	1.51426 	0
45.4471 	-0.49366 	0.143461 	1.51426 	0
45.5172 	-0.49366 	0.143461 	1.51426 	0
45.5874 	-0.49366 	0.143461 	1.51426 	0
45.6575 	-0.497228 	0.182028 	1.52202 	0
45.7276 	-0.497228 	0.182028 	1.52202 	0
45.7978 	-0.497228 	0.182028 	1.52202 	0
45.8679 	-0.497228 	0.182028 	1.52202 	0
45.938 	-0.497228 	0.182028 	1.52202 	0
46.0082 	-0.497228 	0.182028 	1.52202 	0
46.0783 	-0.497228 	0.182028 	1.52202 	0
46.1484 	-0.497228 	0.182028 	1.52202 	0
46.2186 	-0.497228 	0.182028 	1.52202 	0
46.2887 	-0.504526 	0.234366 	1.52711 	0
46.3588 	-0.504526 	0.234366 	1.52711 	0
46.429 	-0.504526 	0.234366 	1.52711 	0
46.4991 	-0.504526 	0.234366 	1.52711 	0
46.5692 	-0.504526 	0.234366 	1.52711 	0
46.6394 	-0.504526 	0.234366 	1.52711 	0
46.7095 	-0.504526 	0.234366 	1.52711 	0
46.7796 	-0.476738 	0.219167 	1.58786 	0
46.8498 	-0.476738 	0.219167 	1.58786 	0
46.9199 	-0.489626 	0.287236 	1.60982 	0
46.99 	-0.489626 	0.287236 	1.60982 	0
47.0602 	-0.489626 	0.287236 	1.60982 	0
47.1303 	-0.489626 	0.287236 	1.60982 	0
47.2004 	-0.489626 	0.287236 	1.60982 	0
47.2706 	-0.489626 	0.287236 	1.60982 	0
47.3407 	-0.489626 	0.287236 	1.60982 	0
47.4108 	-0.489626 	0.287236 	1.60982 	0
47.481 	-0.489626 	0.287236 	1.60982 	0
47.5511 	-0.514617 	0.366132 	1.63026 	0
47.6213 	-0.514617 	0.366132 	1.63026 	0
47.6914 	-0.514617 	0.366132 	1.63026 	0
47.7615 	-0.514617 	0.366132 	1.63026 	0
47.8317 	-0.514617 	0.366132 	1.63026 	0
47.9018 	-0.514617 	0.366132 	1.63026 	0
47.9719 	-0.514617 	0.366132 	1.63026 	0
48.0421 	-0.514617 	0.366132 	1.63026 	0
48.1122 	-0.514617 	0.366132 	1.63026 	0
48.1823 	-0.556846 	0.449818 	1.64772 	0
48.2525 	-0.556846 	0.449818 	1.64772 	0
48.3226 	-0.556846 	0.449818 	1.64772 	0
48.3927 	-0.556846 	0.449818 	1.64772 	0
48.4629 	-0.556846 	0.449818 	1.64772 	0
48.533 	-0.556846 	0.449818 	1.64772 	0
48.6031 	-0.556846 	0.449818 	1.64772 	0
48.6733 	-0.556846 	0.449818 	1.64772 	0
48.7434 	-0.622335 	0.528993 	1.66561 	0
48.8135 	-0.622335 	0.528993 	1.66561 	0
48.8837 	-0.622335 	0.528993 	1.66561 	0
48.9538 	-0.622335 	0.528993 	1.66561 	0
49.0239 	-0.622335 	0.528993 	1.66561 	0
49.0941 	-0.622335 	0.528993 	1.66561 	0
49.1642 	-0.622335 	0.528993 	1.66561 	0
49.2343 	-0.622335 	0.528993 	1.66561 	0
49.3045 	-0.622335 	0.528993 	1.66561 	0
49.3746 	-0.717122 	0.593083 	1.68791 	0
49.4447 	-0.717122 	0.593083 	1.68791 	0
49.5149 	-0.717122 	0.593083 	1.68791 	0
49.585 	-0.717122 	0.593083 	1.68791 	0
49.6551 	-0.717122 	0.593083 	1.68791 	0
49.7253 	-0.717122 	0.593083 	1.68791 	0
49.7954 	-0.717122 	0.593083 	1.68791 	0
49.8656 	-0.717122 	0.593083 	1.68791 	0
49.9357 	-0.717122 	0.593083 	1.68791 	0
50.0058 	-0.845207 	0.634459 	1.7166 	0
50.076 	-0.845207 	0.634459 	1.7166 	0
50.1461 	-0.845207 	0.634459 	1.7166 	0
50.2162 	-0.845207 	0.634459 	1.7166 	0
50.2864 	-0.845207 	0.634459 	1.7166 	0
50.3565 	-0.845207 	0.634459 	1.7166 	0
50.4266 	-0.845207 	0.634459 	1.7166 	0
50.4968 	-0.845207 	0.634459 	1.7166 	0
50.5669 	-0.845207 	0.634459 	1.7166 	0
50.637 	-1.00837 	0.651449 	1.74624 	0
50.7072 	-1.00837 	0.651449 	1.74624 	0
50.7773 	-1.00837 	0.651449 	1.74624 	0
50.8474 	-1.00837 	0.651449 	1.74624 	0
50.9176 	-1.00837 	0.651449 	1.74624 	0
50.9877 	-1.00837 	0.651449 	1.74624 	0
51.0578 	-1.00837 	0.651449 	1.74624 	0
51.128 	-1.00837 	0.651449 	1.74624 	0
51.1981 	-1.00837 	0.651449 	1.74624 	0
51.2682 	-1.20147 	0.645257 	1.77396 	0
51.3384 	-1.20147 	0.645257 	1.77396 	0
51.4085 	-1.20147 	0.645257 	1.77396 	0
51.4786 	-1.20147 	0.645257 	1.77396 	0
51.5488 	-1.20147 	0.645257 	1.77396 	0
51.6189 	-1.20147 	0.645257 	1.77396 	0
51.689 	-1.20147 	0.645257 	1.77396 	0
51.7592 	-1.20147 	0.645257 	1.77396 	0
51.8293 	-1.41243 	0.608924 	1.80023 	0
51.8994 	-1.41243 	0.608924 	1.80023 	0
51.9696 	-1.41243 	0.608924 	1.80023 	0
52.0397 	-1.41243 	0.608924 	1.80023 	0
52.1099 	-1.41243 	0.608924 	1.80023 	0
52.18 	-1.41243 	0.608924 	1.80023 	0
52.2501 	-1.41243 	0.608924 	1.80023 	0
52.3203 	-1.41243 	0.608924 	1.80023 	0
52.3904 	-1.41243 	0.608924 	1.80023 	0
52.4605 	-1.63648 	0.505901 	1.83568 	0
52.5307 	-1.63648 	0.505901 	1.83568 	0
52.6008 	-1.63648 	0.505901 	1.83568 	0
52.6709 	-1.63648 	0.505901 	1.83568 	0
52.7411 	-1.63648 	0.505901 	1.83568 	0
52.8112 	-1.63648 	0.505901 	1.83568 	0
52.8813 	-1.63648 	0.505901 	1.83568 	0
52.9515 	-1.63648 	0.505901 	1.83568 	0
53.0216 	-1.63648 	0.505901 	1.83568 	0
53.0917 	-1.83759 	0.349263 	1.86893 	0
53.1619 	-1.83759 	0.349263 	1.86893 	0
53.232 	-1.83759 	0.349263 	1.86893 	0
53.3021 	-1.83759 	0.349263 	1.86893 	0
53.3723 	-1.83759 	0.349263 	1.86893 	0
53.4424 	-1.83759 	0.349263 	1.86893 	0
53.5125 	-1.83759 	0.349263 	1.86893 	0
53.5827 	-1.83759 	0.349263 	1.86893 	0
53.6528 	-1.83759 	0.349263 	1.86893 	0
53.7229 	-1.98419 	0.162779 	1.89873 	0
53.7931 	-1.98419 	0.162779 	1.89873 	0
53.8632 	-1.98419 	0.162779 	1.89873 	0
53.9333 	-1.98419 	0.162779 	1.89873 	0
54.0035 	-1.98419 	0.162779 	1.89873 	0
54.0736 	-1.98419 	0.162779 	1.89873 	0
54.1437 	-1.98419 	0.162779 	1.89873 	0
54.2139 	-1.98419 	0.162779 	1.89873 	0
54.284 	-2.06242 	-0.0427409 	1.93003 	0
54.3542 	-2.06242 	-0.0427409 	1.93003 	0
54.4243 	-2.06242 	-0.0427409 	1.93003 	0
54.4944 	-2.06242 	-0.0427409 	1.93003 	0
54.5646 	-2.06242 	-0.0427409 	1.93003 	0
54.6347 	-2.06242 	-0.0427409 	1.93003 	0
54.7048 	-2.06242 	-0.0427409 	1.93003 	0
54.775 	-2.06242 	-0.0427409 	1.93003 	0
54.8451 	-2.06242 	-0.0427409 	1.93003 	0
54.9152 	-2.0542 	-0.247937 	1.96653 	0
54.9854 	-2.0542 	-0.247937 	1.96653 	0
55.0555 	-2.0542 	-0.247937 	1.96653 	0
55.1256 	-2.0542 	-0.247937 	1.96653 	0
55.1958 	-2.0542 	-0.247937 	1.96653 	0
55.2659 	-2.0542 	-0.247937 	1.96653 	0
55.336 	-2.0542 	-0.247937 	1.96653 	0
55.4062 	-2.0542 	-0.247937 	1.96653 	0
55.4763 	-2.0542 	-0.247937 	1.96653 	0
55.5464 	-1.96995 	-0.434512 	2.00474 	0
55.6166 	-1.96995 	-0.434512 	2.00474 	0
55.6867 	-1.96995 	-0.434512 	2.00474 	0
55.7568 	-1.96995 	-0.434512 	2.00474 	0
55.827 	-1.96995 	-0.434512 	2.00474 	0
55.8971 	-1.96995 	-0.434512 	2.00474 	0
55.9672 	-1.96995 	-0.434512 	2.00474 	0
56.0374 	-1.96995 	-0.434512 	2.00474 	0
56.1075 	-1.96995 	-0.434512 	2.00474 	0
56.1776 	-1.82716 	-0.587348 	2.03914 	0
56.2478 	-1.82716 	-0.587348 	2.03914 	0
56.3179 	-1.82716 	-0.587348 	2.03914 	0
56.3881 	-1.82716 	-0.587348 	2.03914 	0
56.4582 	-1.82716 	-0.587348 	2.03914 	0
56.5283 	-1.82716 	-0.587348 	2.03914 	0
56.5985 	-1.82716 	-0.587348 	2.03914 	0
56.6686 	-1.82716 	-0.587348 	2.03914 	0
56.7387 	-1.82716 	-0.587348 	2.03914 	0
56.8089 	-1.64942 	-0.704641 	2.06238 	0
56.879 	-1.64942 	-0.704641 	2.06238 	0
56.9491 	-1.64942 	-0.704641 	2.06238 	0
57.0193 	-1.64942 	-0.704641 	2.06238 	0
57.0894 	-1.64942 	-0.704641 	2.06238 	0
57.1595 	-1.64942 	-0.704641 	2.06238 	0
57.2297 	-1.64942 	-0.704641 	2.06238 	0
57.2998 	-1.64942 	-0.704641 	2.06238 	0
57.3699 	-1.45417 	-0.796173 	2.07094 	0
57.4401 	-1.45417 	-0.796173 	2.07094 	0
57.5102 	-1.45417 	-0.796173 	2.07094 	0
57.5803 	-1.45417 	-0.796173 	2.07094 	0
57.6505 	-1.45417 	-0.796173 	2.07094 	0
57.7206 	-1.45417 	-0.796173 	2.07094 	0
57.7907 	-1.45417 	-0.796173 	2.07094 	0
57.8609 	-1.45417 	-0.796173 	2.07094 	0
57.931 	-1.45417 	-0.796173 	2.07094 	0
58.0011 	-1.24857 	-0.870248 	2.06908 	0
58.0713 	-1.24857 	-0.870248 	2.06908 	0
58.1414 	-1.24857 	-0.870248 	2.06908 	0
58.2115 	-1.24857 	-0.870248 	2.06908 	0
58.2817 	-1.24857 	-0.870248 	2.06908 	0
58.3518 	-1.24857 	-0.870248 	2.06908 	0
58.4219 	-1.24857 	-0.870248 	2.06908 	0
58.4921 	-1.24857 	-0.870248 	2.06908 	0
58.5622 	-1.24857 	-0.870248 	2.06908 	0
58.6324 	-1.03499 	-0.927473 	2.06505 	0
58.7025 	-1.03499 	-0.927473 	2.06505 	0
58.7726 	-1.03499 	-0.927473 	2.06505 	0
58.8428 	-1.03499 	-0.927473 	2.06505 	0
58.9129 	-1.03499 	-0.927473 	2.06505 	0
58.983 	-1.03499 	-0.927473 	2.06505 	0
59.0532 	-1.03499 	-0.927473 	2.06505 	0
59.1233 	-1.03499 	-0.927473 	2.06505 	0
59.1934 	-1.03499 	-0.927473 	2.06505 	0
59.2636 	-0.819286 	-0.96231 	2.06369 	0
59.3337 	-0.819286 	-0.96231 	2.06369 	0
59.4038 	-0.819286 	-0.96231 	2.06369 	0
59.474 	-0.819286 	-0.96231 	2.06369 	0
59.5441 	-0.819286 	-0.96231 	2.06369 	0
59.6142 	-0.819286 	-0.96231 	2.06369 	0
59.6844 	-0.819286 	-0.96231 	2.06369 	0
59.7545 	-0.819286 	-0.96231 	2.06369 	0
59.8246 	-0.612229 	-0.973055 	2.06421 	0
59.8948 	-0.612229 	-0.973055 	2.06421 	0
59.9649 	-0.612229 	-0.973055 	2.06421 	0
60.035 	-0.612229 	-0.973055 	2.06421 	0
60.1052 	-0.612229 	-0.973055 	2.06421 	0
60.1753 	-0.612229 	-0.973055 	2.06421 	0
60.2454 	-0.612229 	-0.973055 	2.06421 	0
60.3156 	-0.612229 	-0.973055 	2.06421 	0
60.3857 	-0.612229 	-0.973055 	2.06421 	0
60.4558 	-0.418569 	-0.968315 	2.06618 	0
60.526 	-0.418569 	-0.968315 	2.06618 	0
60.5961 	-0.418569 	-0.968315 	2.06618 	0
60.6662 	-0.418569 	-0.968315 	2.06618 	0
60.7364 	-0.418569 	-0.968315 	2.06618 	0
60.8065 	-0.418569 	-0.968315 	2.06618 	0
60.8767 	-0.418569 	-0.968315 	2.06618 	0
60.9468 	-0.418569 	-0.968315 	2.06618 	0
61.0169 	-0.418569 	-0.968315 	2.06618 	0
61.0871 	-0.241415 	-0.926627 	2.07389 	0
61.1572 	-0.241415 	-0.926627 	2.07389 	0
61.2273 	-0.241415 	-0.926627 	2.07389 	0
61.2975 	-0.241415 	-0.926627 	2.07389 	0
61.3676 	-0.241415 	-0.926627 	2.07389 	0
61.4377 	-0.241415 	-0.926627 	2.07389 	0
61.5079 	-0.241415 	-0.926627 	2.07389 	0
61.578 	-0.241415 	-0.926627 	2.07389 	0
61.6481 	-0.241415 	-0.926627 	2.07389 	0
61.7183 	-0.118755 	-0.797407 	2.08812 	0
61.7884 	-0.118755 	-0.797407 	2.08812 	0
61.8585 	-0.118755 	-0.797407 	2.08812 	0
61.9287 	-0.118755 	-0.797407 	2.08812 	0
61.9988 	-0.118755 	-0.797407 	2.08812 	0
62.0689 	-0.118755 	-0.797407 	2.08812 	0
62.1391 	-0.118755 	-0.797407 	2.08812 	0
62.2092 	-0.118755 	-0.797407 	2.08812 	0
62.2793 	-0.118755 	-0.797407 	2.08812 	0
62.3495 	-0.0470499 	-0.653061 	2.08841 	0
62.4196 	-0.0470499 	-0.653061 	2.08841 	0
62.4897 	-0.0470499 	-0.653061 	2.08841 	0
62.5599 	-0.0470499 	-0.653061 	2.08841 	0
62.63 	-0.0470499 	-0.653061 	2.08841 	0
62.7001 	-0.0470499 	-0.653061 	2.08841 	0
62.7703 	-0.0470499 	-0.653061 	2.08841 	0
62.8404 	-0.0470499 	-0.653061 	2.08841 	0
62.9105 	-0.00603296 	-0.52706 	2.07677 	0
62.9807 	-0.00603296 	-0.52706 	2.07677 	0
63.0508 	-0.00603296 	-0.52706 	2.07677 	0
63.121 	-0.00603296 	-0.52706 	2.07677 	0
63.1911 	-0.00603296 	-0.52706 	2.07677 	0
63.2612 	-0.00603296 	-0.52706 	2.07677 	0
63.3314 	-0.00603296 	-0.52706 	2.07677 	0
63.4015 	-0.00603296 	-0.52706 	2.07677 	0
63.4716 	-0.00603296 	-0.52706 	2.07677 	0
63.5418 	0.0148357 	-0.419971 	2.05576 	0
63.6119 	0.0148357 	-0.419971 	2.05576 	0
63.682 	0.0148357 	-0.419971 	2.05576 	0
63.7522 	0.0148357 	-0.419971 	2.05576 	0
63.8223 	0.0148357 	-0.419971 	2.05576 	0
63.8924 	0.0148357 	-0.419971 	2.05576 	0
63.9626 	0.0148357 	-0.419971 	2.05576 	0
64.0327 	0.0148357 	-0.419971 	2.05576 	0
64.1028 	0.0148357 	-0.419971 	2.05576 	0
64.173 	0.0235932 	-0.338375 	2.0327 	0
64.2431 	0.0235932 	-0.338375 	2.0327 	0
64.3132 	0.0235932 	-0.338375 	2.0327 	0
64.3834 	0.0235932 	-0.338375 	2.0327 	0
64.4535 	0.0235932 	-0.338375 	2.0327 	0
64.5236 	0.0235932 	-0.338375 	2.0327 	0
64.5938 	0.0235932 	-0.338375 	2.0327 	0
64.6639 	0.0235932 	-0.338375 	2.0327 	0
64.734 	0.0235932 	-0.338375 	2.0327 	0
64.8042 	0.0256274 	-0.271214 	2.00761 	0
64.8743 	0.0256274 	-0.271214 	2.00761 	0
64.9444 	0.0256274 	-0.271214 	2.00761 	0
65.0146 	0.0256274 	-0.271214 	2.00761 	0
65.0847 	0.0256274 	-0.271214 	2.00761 	0
65.1548 	0.0256274 	-0.271214 	2.00761 	0
65.225 	0.0256274 	-0.271214 	2.00761 	0
65.2951 	0.0247598 	-0.230508 	2.06792 	0
65.3653 	0.0247598 	-0.230508 	2.06792 	0
65.4354 	0.022363 	-0.188932 	2.03303 	0
65.5055 	0.022363 	-0.188932 	2.03303 	0
65.5757 	0.022363 	-0.188932 	2.03303 	0
65.6458 	0.022363 	-0.188932 	2.03303 	0
65.7159 	0.022363 	-0.188932 	2.03303 	0
65.7861 	0.022363 	-0.188932 	2.03303 	0
65.8562 	0.022363 	-0.188932 	2.03303 	0
65.9263 	0.022363 	-0.188932 	2.03303 	0
65.9965 	0.0187263 	-0.153289 	2.00094 	0
66.0666 	0.0187263 	-0.153289 	2.00094 	0
66.1367 	0.0187263 	-0.153289 	2.00094 	0
66.2069 	0.0187263 	-0.153289 	2.00094 	0
66.277 	0.0187263 	-0.153289 	2.00094 	0
66.3471 	0.0187263 	-0.153289 	2.00094 	0
66.4173 	0.0187263 	-0.153289 	2.00094 	0
66.4874 	0.0187263 	-0.153289 	2.00094 	0
66.5575 	0.0187263 	-0.153289 	2.00094 	0
66.6277 	0.0147496 	-0.132553 	1.97964 	0
66.6978 	0.0147496 	-0.132553 	1.97964 	0
66.7679 	0.0147496 	-0.132553 	1.97964 	0
66.8381 	0.0147496 	-0.132553 	1.97964 	0
66.9082 	0.0147496 	-0.132553 	1.97964 	0
66.9783 	0.0147496 	-0.132553 	1.97964 	0
67.0485 	0.0147496 	-0.132553 	1.97964 	0
67.1186 	0.0147496 	-0.132553 	1.97964 	0
67.1887 	0.0147496 	-0.132553 	1.97964 	0
67.2589 	0.0105516 	-0.10897 	1.9568 	0
67.329 	0.0105516 	-0.10897 	1.9568 	0
67.3991 	0.0105516 	-0.10897 	1.9568 	0
67.4693 	0.0105516 	-0.10897 	1.9568 	0
67.5394 	0.0105516 	-0.10897 	1.9568 	0
67.6096 	0.0105516 	-0.10897 	1.9568 	0
67.6797 	0.0105516 	-0.10897 	1.9568 	0
67.7498 	0.0105516 	-0.10897 	1.9568 	0
67.82 	0.0105516 	-0.10897 	1.9568 	0
67.8901 	0.00653929 	-0.100017 	1.94651 	0
67.9602 	0.00653929 	-0.100017 	1.94651 	0
68.0304 	0.00653929 	-0.100017 	1.94651 	0
68.1005 	0.00653929 	-0.100017 	1.94651 	0
68.1706 	0.00653929 	-0.100017 	1.94651 	0
68.2408 	0.00653929 	-0.100017 	1.94651 	0
68.3109 	0.00653929 	-0.100017 	1.94651 	0
68.381 	0.00653929 	-0.100017 	1.94651 	0
68.4512 	0.00218605 	-0.0802793 	1.92754 	0
68.5213 	0.00218605 	-0.0802793 	1.92754 	0
68.5914 	0.00218605 	-0.0802793 	1.92754 	0
68.6616 	0.00218605 	-0.0802793 	1.92754 	0
68.7317 	0.00218605 	-0.0802793 	1.92754 	0
68.8018 	0.00218605 	-0.0802793 	1.92754 	0
68.872 	0.00218605 	-0.0802793 	1.92754 	0
68.9421 	0.00218605 	-0.0802793 	1.92754 	0
69.0122 	0.00218605 	-0.0802793 	1.92754 	0
