0.490941 	1.75456 	0.00572182 	3.0006 	-5.41466e-20
0.561075 	1.75456 	0.00572182 	3.0006 	-5.41466e-20
0.63121 	1.75456 	0.00572182 	3.0006 	-5.41466e-20
0.701344 	1.75456 	0.00572182 	3.0006 	-5.41466e-20
0.771478 	1.75456 	0.00572182 	3.0006 	-5.41466e-20
0.841613 	1.75456 	0.00572182 	3.0006 	-5.41466e-20
0.911747 	1.75456 	0.00572182 	3.0006 	-5.41466e-20
0.981881 	1.75456 	0.00572182 	3.0006 	-5.41466e-20
1.05202 	1.75456 	0.00572182 	3.0006 	-5.41466e-20
1.12215 	1.75456 	0.00572182 	3.0006 	-5.41466e-20
1.19228 	1.75456 	0.00572182 	3.0006 	-5.41466e-20
1.26242 	1.75456 	0.00572182 	3.0006 	-5.41466e-20
1.33255 	1.71524 	0.0140743 	3.01453 	-5.5483e-20
1.40269 	1.71524 	0.0140743 	3.01453 	-5.5483e-20
1.47282 	1.71524 	0.0140743 	3.01453 	-5.5483e-20
1.54296 	1.71524 	0.0140743 	3.01453 	-5.5483e-20
1.61309 	1.71524 	0.0140743 	3.01453 	-5.5483e-20
1.68323 	1.71524 	0.0140743 	3.01453 	-5.5483e-20
1.75336 	1.71524 	0.0140743 	3.01453 	-5.5483e-20
1.82349 	1.71524 	0.0140743 	3.01453 	-5.5483e-20
1.89363 	1.71524 	0.0140743 	3.01453 	-5.5483e-20
1.96376 	1.71524 	0.0140743 	3.01453 	-5.5483e-20
2.0339 	1.71524 	0.0140743 	3.01453 	-5.5483e-20
2.10403 	1.71524 	0.0140743 	3.01453 	-5.5483e-20
2.17417 	1.65447 	0.0141872 	3.03171 	1.15716e-19
2.2443 	1.65447 	0.0141872 	3.03171 	1.15716e-19
2.31443 	1.65447 	0.0141872 	3.03171 	1.15716e-19
2.38457 	1.65447 	0.0141872 	3.03171 	1.15716e-19
2.4547 	1.65447 	0.0141872 	3.03171 	1.15716e-19
2.52484 	1.65447 	0.0141872 	3.03171 	1.15716e-19
2.59497 	1.65447 	0.0141872 	3.03171 	1.15716e-19
2.66511 	1.65447 	0.0141872 	3.03171 	1.15716e-19
2.73524 	1.65447 	0.0141872 	3.03171 	1.15716e-19
2.80538 	1.65447 	0.0141872 	3.03171 	1.15716e-19
2.87551 	1.65447 	0.0141872 	3.03171 	1.15716e-19
2.94564 	1.65447 	0.0141872 	3.03171 	1.15716e-19
3.01578 	1.58051 	0.016451 	3.05903 	-1.34605e-20
3.08591 	1.58051 	0.016451 	3.05903 	-1.34605e-20
3.15605 	1.58051 	0.016451 	3.05903 	-1.34605e-20
3.22618 	1.58051 	0.016451 	3.05903 	-1.34605e-20
3.29632 	1.58051 	0.016451 	3.05903 	-1.34605e-20
3.36645 	1.58051 	0.016451 	3.05903 	-1.34605e-20
3.43659 	1.58051 	0.016451 	3.05903 	-1.34605e-20
3.50672 	1.58051 	0.016451 	3.05903 	-1.34605e-20
3.57685 	1.58051 	0.016451 	3.05903 	-1.34605e-20
3.64699 	1.58051 	0.016451 	3.05903 	-1.34605e-20
3.71712 	1.58051 	0.016451 	3.05903 	-1.34605e-20
3.78726 	1.57332 	0.00721302 	3.05531 	2.6368e-20
3.85739 	1.49442 	-0.000848839 	3.08441 	-1.94589e-19
3.92753 	1.49442 	-0.000848839 	3.08441 	-1.94589e-19
3.99766 	1.49442 	-0.000848839 	3.08441 	-1.94589e-19
4.06779 	1.49442 	-0.000848839 	3.08441 	-1.94589e-19
4.13793 	1.49442 	-0.000848839 	3.08441 	-1.94589e-19
4.20806 	1.49442 	-0.000848839 	3.08441 	-1.94589e-19
4.2782 	1.49442 	-0.000848839 	3.08441 	-1.94589e-19
4.34833 	1.49442 	-0.000848839 	3.08441 	-1.94589e-19
4.41847 	1.49442 	-0.000848839 	3.08441 	-1.94589e-19
4.4886 	1.49442 	-0.000848839 	3.08441 	-1.94589e-19
4.55874 	1.49442 	-0.000848839 	3.08441 	-1.94589e-19
4.62887 	1.49442 	-0.000848839 	3.08441 	-1.94589e-19
4.699 	1.49442 	-0.000848839 	3.08441 	-1.94589e-19
4.76914 	1.4157 	0.00560628 	3.10638 	3.78817e-19
4.83927 	1.4157 	0.00560628 	3.10638 	3.78817e-19
4.90941 	1.4157 	0.00560628 	3.10638 	3.78817e-19
4.97954 	1.4157 	0.00560628 	3.10638 	3.78817e-19
5.04968 	1.4157 	0.00560628 	3.10638 	3.78817e-19
5.11981 	1.4157 	0.00560628 	3.10638 	3.78817e-19
5.18994 	1.4157 	0.00560628 	3.10638 	3.78817e-19
5.26008 	1.4157 	0.00560628 	3.10638 	3.78817e-19
5.33021 	1.4157 	0.00560628 	3.10638 	3.78817e-19
5.40035 	1.4157 	0.00560628 	3.10638 	3.78817e-19
5.47048 	1.4157 	0.00560628 	3.10638 	3.78817e-19
5.54062 	1.4157 	0.00560628 	3.10638 	3.78817e-19
5.61075 	1.34106 	-0.00217077 	3.13386 	-1.83999e-19
5.68089 	1.34106 	-0.00217077 	3.13386 	-1.83999e-19
5.75102 	1.34106 	-0.00217077 	3.13386 	-1.83999e-19
5.82115 	1.34106 	-0.00217077 	3.13386 	-1.83999e-19
5.89129 	1.34106 	-0.00217077 	3.13386 	-1.83999e-19
5.96142 	1.34106 	-0.00217077 	3.13386 	-1.83999e-19
6.03156 	1.34106 	-0.00217077 	3.13386 	-1.83999e-19
6.10169 	1.34106 	-0.00217077 	3.13386 	-1.83999e-19
6.17183 	1.34106 	-0.00217077 	3.13386 	-1.83999e-19
6.24196 	1.34106 	-0.00217077 	3.13386 	-1.83999e-19
6.3121 	1.34106 	-0.00217077 	3.13386 	-1.83999e-19
6.38223 	1.34106 	-0.00217077 	3.13386 	-1.83999e-19
6.45236 	1.26979 	0.00548849 	3.15302 	0
6.5225 	1.26979 	0.00548849 	3.15302 	0
6.59263 	1.26979 	0.00548849 	3.15302 	0
6.66277 	1.26979 	0.00548849 	3.15302 	0
6.7329 	1.26979 	0.00548849 	3.15302 	0
6.80304 	1.26979 	0.00548849 	3.15302 	0
6.87317 	1.26979 	0.00548849 	3.15302 	0
6.9433 	1.26979 	0.00548849 	3.15302 	0
7.01344 	1.26979 	0.00548849 	3.15302 	0
7.08357 	1.26979 	0.00548849 	3.15302 	0
7.15371 	1.26979 	0.00548849 	3.15302 	0
7.22384 	1.26979 	0.00548849 	3.15302 	0
7.29398 	1.20184 	-0.00112831 	3.17817 	0
7.36411 	1.20184 	-0.00112831 	3.17817 	0
7.43425 	1.20184 	-0.00112831 	3.17817 	0
7.50438 	1.20184 	-0.00112831 	3.17817 	0
7.57451 	1.20184 	-0.00112831 	3.17817 	0
7.64465 	1.20184 	-0.00112831 	3.17817 	0
7.71478 	1.20184 	-0.00112831 	3.17817 	0
7.78492 	1.20184 	-0.00112831 	3.17817 	0
7.85505 	1.20184 	-0.00112831 	3.17817 	0
7.92519 	1.20184 	-0.00112831 	3.17817 	0
7.99532 	1.20184 	-0.00112831 	3.17817 	0
8.06545 	1.20184 	-0.00112831 	3.17817 	0
8.13559 	1.20184 	-0.00112831 	3.17817 	0
8.20572 	1.13471 	0.0082649 	3.19564 	3.7492e-22
8.27586 	1.13471 	0.0082649 	3.19564 	3.7492e-22
8.34599 	1.13471 	0.0082649 	3.19564 	3.7492e-22
8.41613 	1.13471 	0.0082649 	3.19564 	3.7492e-22
8.48626 	1.13471 	0.0082649 	3.19564 	3.7492e-22
8.5564 	1.13471 	0.0082649 	3.19564 	3.7492e-22
8.62653 	1.13471 	0.0082649 	3.19564 	3.7492e-22
8.69666 	1.13471 	0.0082649 	3.19564 	3.7492e-22
8.7668 	1.13471 	0.0082649 	3.19564 	3.7492e-22
8.83693 	1.13471 	0.0082649 	3.19564 	3.7492e-22
8.90707 	1.13471 	0.0082649 	3.19564 	3.7492e-22
8.9772 	1.13471 	0.0082649 	3.19564 	3.7492e-22
9.04734 	1.06837 	0.00419678 	3.2201 	2.76266e-19
9.11747 	1.06837 	0.00419678 	3.2201 	2.76266e-19
9.18761 	1.06837 	0.00419678 	3.2201 	2.76266e-19
9.25774 	1.06837 	0.00419678 	3.2201 	2.76266e-19
9.32787 	1.06837 	0.00419678 	3.2201 	2.76266e-19
9.39801 	1.06837 	0.00419678 	3.2201 	2.76266e-19
9.46814 	1.06837 	0.00419678 	3.2201 	2.76266e-19
9.53828 	1.06837 	0.00419678 	3.2201 	2.76266e-19
9.60841 	1.06837 	0.00419678 	3.2201 	2.76266e-19
9.67855 	1.06837 	0.00419678 	3.2201 	2.76266e-19
9.74868 	1.06837 	0.00419678 	3.2201 	2.76266e-19
9.81881 	1.06837 	0.00419678 	3.2201 	2.76266e-19
9.88895 	1.06837 	0.00419678 	3.2201 	2.76266e-19
9.95908 	1.00125 	0.0189199 	3.23725 	-1.70932e-21
10.0292 	1.00125 	0.0189199 	3.23725 	-1.70932e-21
10.0994 	1.00125 	0.0189199 	3.23725 	-1.70932e-21
10.1695 	1.00125 	0.0189199 	3.23725 	-1.70932e-21
10.2396 	1.00125 	0.0189199 	3.23725 	-1.70932e-21
10.3098 	1.00125 	0.0189199 	3.23725 	-1.70932e-21
10.3799 	1.00125 	0.0189199 	3.23725 	-1.70932e-21
10.45 	1.00125 	0.0189199 	3.23725 	-1.70932e-21
10.5202 	1.00125 	0.0189199 	3.23725 	-1.70932e-21
10.5903 	1.00125 	0.0189199 	3.23725 	-1.70932e-21
10.6604 	1.00125 	0.0189199 	3.23725 	-1.70932e-21
10.7306 	1.00125 	0.0189199 	3.23725 	-1.70932e-21
10.8007 	0.933137 	0.0253748 	3.262 	-2.72202e-19
10.8708 	0.933137 	0.0253748 	3.262 	-2.72202e-19
10.941 	0.933137 	0.0253748 	3.262 	-2.72202e-19
11.0111 	0.933137 	0.0253748 	3.262 	-2.72202e-19
11.0812 	0.933137 	0.0253748 	3.262 	-2.72202e-19
11.1514 	0.933137 	0.0253748 	3.262 	-2.72202e-19
11.2215 	0.933137 	0.0253748 	3.262 	-2.72202e-19
11.2916 	0.933137 	0.0253748 	3.262 	-2.72202e-19
11.3618 	0.933137 	0.0253748 	3.262 	-2.72202e-19
11.4319 	0.933137 	0.0253748 	3.262 	-2.72202e-19
11.502 	0.933137 	0.0253748 	3.262 	-2.72202e-19
11.5722 	0.933137 	0.0253748 	3.262 	-2.72202e-19
11.6423 	0.933137 	0.0253748 	3.262 	-2.72202e-19
11.7124 	0.85861 	0.0578717 	3.28165 	-4.20151e-19
11.7826 	0.85861 	0.0578717 	3.28165 	-4.20151e-19
11.8527 	0.85861 	0.0578717 	3.28165 	-4.20151e-19
11.9228 	0.85861 	0.0578717 	3.28165 	-4.20151e-19
11.993 	0.85861 	0.0578717 	3.28165 	-4.20151e-19
12.0631 	0.85861 	0.0578717 	3.28165 	-4.20151e-19
12.1332 	0.85861 	0.0578717 	3.28165 	-4.20151e-19
12.2034 	0.85861 	0.0578717 	3.28165 	-4.20151e-19
12.2735 	0.85861 	0.0578717 	3.28165 	-4.20151e-19
12.3437 	0.85861 	0.0578717 	3.28165 	-4.20151e-19
12.4138 	0.85861 	0.0578717 	3.28165 	-4.20151e-19
12.4839 	0.85861 	0.0578717 	3.28165 	-4.20151e-19
12.5541 	0.85861 	0.0578717 	3.28165 	-4.20151e-19
12.6242 	0.772886 	0.0846658 	3.30966 	8.06443e-19
12.6943 	0.772886 	0.0846658 	3.30966 	8.06443e-19
12.7645 	0.772886 	0.0846658 	3.30966 	8.06443e-19
12.8346 	0.772886 	0.0846658 	3.30966 	8.06443e-19
12.9047 	0.772886 	0.0846658 	3.30966 	8.06443e-19
12.9749 	0.772886 	0.0846658 	3.30966 	8.06443e-19
13.045 	0.772886 	0.0846658 	3.30966 	8.06443e-19
13.1151 	0.772886 	0.0846658 	3.30966 	8.06443e-19
13.1853 	0.772886 	0.0846658 	3.30966 	8.06443e-19
13.2554 	0.772886 	0.0846658 	3.30966 	8.06443e-19
13.3255 	0.772886 	0.0846658 	3.30966 	8.06443e-19
13.3957 	0.772886 	0.0846658 	3.30966 	8.06443e-19
13.4658 	0.772886 	0.0846658 	3.30966 	8.06443e-19
13.5359 	0.659197 	0.162799 	3.34582 	-3.87366e-19
13.6061 	0.659197 	0.162799 	3.34582 	-3.87366e-19
13.6762 	0.659197 	0.162799 	3.34582 	-3.87366e-19
13.7463 	0.659197 	0.162799 	3.34582 	-3.87366e-19
13.8165 	0.659197 	0.162799 	3.34582 	-3.87366e-19
13.8866 	0.659197 	0.162799 	3.34582 	-3.87366e-19
13.9567 	0.659197 	0.162799 	3.34582 	-3.87366e-19
14.0269 	0.659197 	0.162799 	3.34582 	-3.87366e-19
14.097 	0.659197 	0.162799 	3.34582 	-3.87366e-19
14.1671 	0.659197 	0.162799 	3.34582 	-3.87366e-19
14.2373 	0.659197 	0.162799 	3.34582 	-3.87366e-19
14.3074 	0.659197 	0.162799 	3.34582 	-3.87366e-19
14.3776 	0.549995 	0.188178 	3.36945 	0
14.4477 	0.339866 	0.185144 	3.42978 	3.40225e-19
14.5178 	0.339866 	0.185144 	3.42978 	3.40225e-19
14.588 	0.339866 	0.185144 	3.42978 	3.40225e-19
14.6581 	0.339866 	0.185144 	3.42978 	3.40225e-19
14.7282 	0.339866 	0.185144 	3.42978 	3.40225e-19
14.7984 	0.339866 	0.185144 	3.42978 	3.40225e-19
14.8685 	0.363581 	0.210982 	3.42107 	-6.82183e-19
14.9386 	0.363581 	0.210982 	3.42107 	-6.82183e-19
15.0088 	0.363581 	0.210982 	3.42107 	-6.82183e-19
15.0789 	0.363581 	0.210982 	3.42107 	-6.82183e-19
15.149 	0.363581 	0.210982 	3.42107 	-6.82183e-19
15.2192 	0.11762 	0.276619 	3.48943 	2.99469e-19
15.2893 	0.11762 	0.276619 	3.48943 	2.99469e-19
15.3594 	0.11762 	0.276619 	3.48943 	2.99469e-19
15.4296 	0.245156 	0.350308 	3.44521 	6.06931e-20
15.4997 	0.245156 	0.350308 	3.44521 	6.06931e-20
15.5698 	0.245156 	0.350308 	3.44521 	6.06931e-20
15.64 	0.245156 	0.350308 	3.44521 	6.06931e-20
15.7101 	0.245156 	0.350308 	3.44521 	6.06931e-20
15.7802 	0.245156 	0.350308 	3.44521 	6.06931e-20
15.8504 	0.245156 	0.350308 	3.44521 	6.06931e-20
15.9205 	-0.0214685 	0.350982 	3.54573 	9.72488e-20
15.9906 	-0.0214685 	0.350982 	3.54573 	9.72488e-20
16.0608 	-0.0214685 	0.350982 	3.54573 	9.72488e-20
16.1309 	0.194179 	0.439659 	3.45733 	1.86036e-19
16.201 	0.194179 	0.439659 	3.45733 	1.86036e-19
16.2712 	0.194179 	0.439659 	3.45733 	1.86036e-19
16.3413 	0.194179 	0.439659 	3.45733 	1.86036e-19
16.4114 	0.194179 	0.439659 	3.45733 	1.86036e-19
16.4816 	0.194179 	0.439659 	3.45733 	1.86036e-19
16.5517 	0.194179 	0.439659 	3.45733 	1.86036e-19
16.6219 	-0.00105744 	0.541505 	3.53651 	0
16.692 	-0.00105744 	0.541505 	3.53651 	0
16.7621 	-0.00105744 	0.541505 	3.53651 	0
16.8323 	-0.00105744 	0.541505 	3.53651 	0
16.9024 	-0.00105744 	0.541505 	3.53651 	0
16.9725 	0.238996 	0.548022 	3.43537 	1.74306e-19
17.0427 	0.238996 	0.548022 	3.43537 	1.74306e-19
17.1128 	0.238996 	0.548022 	3.43537 	1.74306e-19
17.1829 	0.238996 	0.548022 	3.43537 	1.74306e-19
17.2531 	0.0800578 	0.636592 	3.49106 	9.18031e-20
17.3232 	0.0800578 	0.636592 	3.49106 	9.18031e-20
17.3933 	0.0800578 	0.636592 	3.49106 	9.18031e-20
17.4635 	0.0800578 	0.636592 	3.49106 	9.18031e-20
17.5336 	0.0800578 	0.636592 	3.49106 	9.18031e-20
17.6037 	0.0800578 	0.636592 	3.49106 	9.18031e-20
17.6739 	0.0800578 	0.636592 	3.49106 	9.18031e-20
17.744 	0.0800578 	0.636592 	3.49106 	9.18031e-20
17.8141 	0.0800578 	0.636592 	3.49106 	9.18031e-20
17.8843 	0.0800578 	0.636592 	3.49106 	9.18031e-20
17.9544 	0.164824 	0.658309 	3.4082 	0
18.0245 	0.164824 	0.658309 	3.4082 	0
18.0947 	0.164824 	0.658309 	3.4082 	0
18.1648 	0.164824 	0.658309 	3.4082 	0
18.2349 	0.164824 	0.658309 	3.4082 	0
18.3051 	0.164824 	0.658309 	3.4082 	0
18.3752 	0.164824 	0.658309 	3.4082 	0
18.4453 	0.164824 	0.658309 	3.4082 	0
18.5155 	0.164824 	0.658309 	3.4082 	0
18.5856 	0.0644634 	0.74391 	3.44697 	0
18.6557 	0.0644634 	0.74391 	3.44697 	0
18.7259 	0.0644634 	0.74391 	3.44697 	0
18.796 	0.0644634 	0.74391 	3.44697 	0
18.8662 	0.0644634 	0.74391 	3.44697 	0
18.9363 	0.0644634 	0.74391 	3.44697 	0
19.0064 	0.0644634 	0.74391 	3.44697 	0
19.0766 	0.0644634 	0.74391 	3.44697 	0
19.1467 	0.0644634 	0.74391 	3.44697 	0
19.2168 	0.0151518 	0.808913 	3.44002 	5.00101e-20
19.287 	0.254007 	0.730052 	3.21017 	-4.21184e-20
19.3571 	0.254007 	0.730052 	3.21017 	-4.21184e-20
19.4272 	0.254007 	0.730052 	3.21017 	-4.21184e-20
19.4974 	0.254007 	0.730052 	3.21017 	-4.21184e-20
19.5675 	0.254007 	0.730052 	3.21017 	-4.21184e-20
19.6376 	0.254007 	0.730052 	3.21017 	-4.21184e-20
19.7078 	0.254007 	0.730052 	3.21017 	-4.21184e-20
19.7779 	0.254007 	0.730052 	3.21017 	-4.21184e-20
19.848 	0.254007 	0.730052 	3.21017 	-4.21184e-20
19.9182 	0.200225 	0.783559 	3.27946 	-1.82452e-19
19.9883 	0.200225 	0.783559 	3.27946 	-1.82452e-19
20.0584 	0.200225 	0.783559 	3.27946 	-1.82452e-19
20.1286 	0.200225 	0.783559 	3.27946 	-1.82452e-19
20.1987 	0.200225 	0.783559 	3.27946 	-1.82452e-19
20.2688 	0.200225 	0.783559 	3.27946 	-1.82452e-19
20.339 	0.200225 	0.783559 	3.27946 	-1.82452e-19
20.4091 	0.200225 	0.783559 	3.27946 	-1.82452e-19
20.4792 	0.200225 	0.783559 	3.27946 	-1.82452e-19
20.5494 	0.200225 	0.783559 	3.27946 	-1.82452e-19
20.6195 	0.137505 	0.853601 	3.32948 	2.89056e-20
20.6896 	0.137505 	0.853601 	3.32948 	2.89056e-20
20.7598 	0.137505 	0.853601 	3.32948 	2.89056e-20
20.8299 	0.137505 	0.853601 	3.32948 	2.89056e-20
20.9 	0.231735 	0.733275 	2.70249 	-2.71723e-19
20.9702 	0.231735 	0.733275 	2.70249 	-2.71723e-19
21.0403 	0.231735 	0.733275 	2.70249 	-2.71723e-19
21.1105 	0.231735 	0.733275 	2.70249 	-2.71723e-19
21.1806 	0.231735 	0.733275 	2.70249 	-2.71723e-19
21.2507 	0.231735 	0.733275 	2.70249 	-2.71723e-19
21.3209 	0.187776 	0.784338 	2.89881 	0
21.391 	0.187776 	0.784338 	2.89881 	0
21.4611 	0.187776 	0.784338 	2.89881 	0
21.5313 	0.187776 	0.784338 	2.89881 	0
21.6014 	0.187776 	0.784338 	2.89881 	0
21.6715 	0.187776 	0.784338 	2.89881 	0
21.7417 	0.187776 	0.784338 	2.89881 	0
21.8118 	0.187776 	0.784338 	2.89881 	0
21.8819 	0.187776 	0.784338 	2.89881 	0
21.9521 	0.187776 	0.784338 	2.89881 	0
22.0222 	0.187776 	0.784338 	2.89881 	0
22.0923 	0.144613 	0.847643 	3.03545 	-9.53353e-20
22.1625 	0.144613 	0.847643 	3.03545 	-9.53353e-20
22.2326 	0.144613 	0.847643 	3.03545 	-9.53353e-20
22.3027 	0.144613 	0.847643 	3.03545 	-9.53353e-20
22.3729 	0.144613 	0.847643 	3.03545 	-9.53353e-20
22.443 	0.144613 	0.847643 	3.03545 	-9.53353e-20
22.5131 	0.144613 	0.847643 	3.03545 	-9.53353e-20
22.5833 	0.144613 	0.847643 	3.03545 	-9.53353e-20
22.6534 	0.144613 	0.847643 	3.03545 	-9.53353e-20
22.7235 	0.144613 	0.847643 	3.03545 	-9.53353e-20
22.7937 	0.144613 	0.847643 	3.03545 	-9.53353e-20
22.8638 	0.0957293 	0.887695 	3.11163 	1.34538e-19
22.9339 	0.0957293 	0.887695 	3.11163 	1.34538e-19
23.0041 	0.0957293 	0.887695 	3.11163 	1.34538e-19
23.0742 	0.123637 	0.71212 	2.17146 	7.01724e-20
23.1443 	0.123637 	0.71212 	2.17146 	7.01724e-20
23.2145 	0.123637 	0.71212 	2.17146 	7.01724e-20
23.2846 	0.123637 	0.71212 	2.17146 	7.01724e-20
23.3548 	0.123637 	0.71212 	2.17146 	7.01724e-20
23.4249 	0.123637 	0.71212 	2.17146 	7.01724e-20
23.495 	0.123637 	0.71212 	2.17146 	7.01724e-20
23.5652 	0.123637 	0.71212 	2.17146 	7.01724e-20
23.6353 	0.123637 	0.71212 	2.17146 	7.01724e-20
23.7054 	0.0735577 	0.7583 	2.33147 	-2.13907e-21
23.7756 	0.0735577 	0.7583 	2.33147 	-2.13907e-21
23.8457 	0.0735577 	0.7583 	2.33147 	-2.13907e-21
23.9158 	0.0735577 	0.7583 	2.33147 	-2.13907e-21
23.986 	0.0735577 	0.7583 	2.33147 	-2.13907e-21
24.0561 	0.0735577 	0.7583 	2.33147 	-2.13907e-21
24.1262 	0.0735577 	0.7583 	2.33147 	-2.13907e-21
24.1964 	0.0735577 	0.7583 	2.33147 	-2.13907e-21
24.2665 	0.0735577 	0.7583 	2.33147 	-2.13907e-21
24.3366 	0.0735577 	0.7583 	2.33147 	-2.13907e-21
24.4068 	0.0735577 	0.7583 	2.33147 	-2.13907e-21
24.4769 	0.0735577 	0.7583 	2.33147 	-2.13907e-21
24.547 	0.0735577 	0.7583 	2.33147 	-2.13907e-21
24.6172 	0.0241588 	0.807818 	2.47799 	2.1004e-20
24.6873 	0.0241588 	0.807818 	2.47799 	2.1004e-20
24.7574 	0.0241588 	0.807818 	2.47799 	2.1004e-20
24.8276 	0.0241588 	0.807818 	2.47799 	2.1004e-20
24.8977 	0.0241588 	0.807818 	2.47799 	2.1004e-20
24.9678 	0.0241588 	0.807818 	2.47799 	2.1004e-20
25.038 	0.0241588 	0.807818 	2.47799 	2.1004e-20
25.1081 	0.0241588 	0.807818 	2.47799 	2.1004e-20
25.1782 	0.0241588 	0.807818 	2.47799 	2.1004e-20
25.2484 	0.0241588 	0.807818 	2.47799 	2.1004e-20
25.3185 	0.0241588 	0.807818 	2.47799 	2.1004e-20
25.3886 	0.0241588 	0.807818 	2.47799 	2.1004e-20
25.4588 	-0.0213849 	0.851132 	2.59092 	2.07965e-20
25.5289 	-0.0213849 	0.851132 	2.59092 	2.07965e-20
25.5991 	-0.0213849 	0.851132 	2.59092 	2.07965e-20
25.6692 	-0.0213849 	0.851132 	2.59092 	2.07965e-20
25.7393 	-0.0213849 	0.851132 	2.59092 	2.07965e-20
25.8095 	-0.0213849 	0.851132 	2.59092 	2.07965e-20
25.8796 	-0.0213849 	0.851132 	2.59092 	2.07965e-20
25.9497 	-0.0213849 	0.851132 	2.59092 	2.07965e-20
26.0199 	-0.0213849 	0.851132 	2.59092 	2.07965e-20
26.09 	0.0121982 	0.629541 	1.67597 	-1.91656e-20
26.1601 	0.0121982 	0.629541 	1.67597 	-1.91656e-20
26.2303 	0.0121982 	0.629541 	1.67597 	-1.91656e-20
26.3004 	0.0121982 	0.629541 	1.67597 	-1.91656e-20
26.3705 	0.0121982 	0.629541 	1.67597 	-1.91656e-20
26.4407 	-0.0241806 	0.64781 	1.72615 	-1.39598e-20
26.5108 	-0.0241806 	0.64781 	1.72615 	-1.39598e-20
26.5809 	-0.0241806 	0.64781 	1.72615 	-1.39598e-20
26.6511 	-0.0241806 	0.64781 	1.72615 	-1.39598e-20
26.7212 	-0.0241806 	0.64781 	1.72615 	-1.39598e-20
26.7913 	-0.0241806 	0.64781 	1.72615 	-1.39598e-20
26.8615 	-0.0241806 	0.64781 	1.72615 	-1.39598e-20
26.9316 	-0.0241806 	0.64781 	1.72615 	-1.39598e-20
27.0017 	-0.0241806 	0.64781 	1.72615 	-1.39598e-20
27.0719 	-0.0241806 	0.64781 	1.72615 	-1.39598e-20
27.142 	-0.0241806 	0.64781 	1.72615 	-1.39598e-20
27.2121 	-0.0241806 	0.64781 	1.72615 	-1.39598e-20
27.2823 	-0.0241806 	0.64781 	1.72615 	-1.39598e-20
27.3524 	-0.0598211 	0.662434 	1.76942 	0
27.4225 	-0.0598211 	0.662434 	1.76942 	0
27.4927 	-0.0598211 	0.662434 	1.76942 	0
27.5628 	-0.0598211 	0.662434 	1.76942 	0
27.6329 	-0.0598211 	0.662434 	1.76942 	0
27.7031 	-0.0598211 	0.662434 	1.76942 	0
27.7732 	-0.0598211 	0.662434 	1.76942 	0
27.8434 	-0.0598211 	0.662434 	1.76942 	0
27.9135 	-0.0598211 	0.662434 	1.76942 	0
27.9836 	-0.0598211 	0.662434 	1.76942 	0
28.0538 	-0.0598211 	0.662434 	1.76942 	0
28.1239 	-0.0598211 	0.662434 	1.76942 	0
28.194 	-0.0598211 	0.662434 	1.76942 	0
28.2642 	-0.0598211 	0.662434 	1.76942 	0
28.3343 	-0.0598211 	0.662434 	1.76942 	0
28.4044 	-0.0932254 	0.667032 	1.78242 	0
28.4746 	-0.0932254 	0.667032 	1.78242 	0
28.5447 	-0.0932254 	0.667032 	1.78242 	0
28.6148 	-0.0932254 	0.667032 	1.78242 	0
28.685 	-0.0932254 	0.667032 	1.78242 	0
28.7551 	-0.0932254 	0.667032 	1.78242 	0
28.8252 	-0.0932254 	0.667032 	1.78242 	0
28.8954 	-0.0932254 	0.667032 	1.78242 	0
28.9655 	-0.0932254 	0.667032 	1.78242 	0
29.0356 	-0.0932254 	0.667032 	1.78242 	0
29.1058 	-0.0932254 	0.667032 	1.78242 	0
29.1759 	-0.0932254 	0.667032 	1.78242 	0
29.246 	-0.0932254 	0.667032 	1.78242 	0
29.3162 	-0.0932254 	0.667032 	1.78242 	0
29.3863 	-0.0932254 	0.667032 	1.78242 	0
29.4564 	-0.116406 	0.66249 	1.77321 	-4.83026e-20
29.5266 	-0.116406 	0.66249 	1.77321 	-4.83026e-20
29.5967 	-0.116406 	0.66249 	1.77321 	-4.83026e-20
29.6668 	-0.116406 	0.66249 	1.77321 	-4.83026e-20
29.737 	-0.116406 	0.66249 	1.77321 	-4.83026e-20
29.8071 	-0.116406 	0.66249 	1.77321 	-4.83026e-20
29.8773 	-0.116406 	0.66249 	1.77321 	-4.83026e-20
29.9474 	-0.116406 	0.66249 	1.77321 	-4.83026e-20
30.0175 	-0.116406 	0.66249 	1.77321 	-4.83026e-20
30.0877 	-0.116406 	0.66249 	1.77321 	-4.83026e-20
30.1578 	-0.116406 	0.66249 	1.77321 	-4.83026e-20
30.2279 	-0.116406 	0.66249 	1.77321 	-4.83026e-20
30.2981 	-0.116406 	0.66249 	1.77321 	-4.83026e-20
30.3682 	-0.116406 	0.66249 	1.77321 	-4.83026e-20
30.4383 	-0.116406 	0.66249 	1.77321 	-4.83026e-20
30.5085 	-0.116406 	0.66249 	1.77321 	-4.83026e-20
30.5786 	-0.113004 	0.639473 	1.73217 	1.23252e-20
30.6487 	-0.113004 	0.639473 	1.73217 	1.23252e-20
30.7189 	-0.113004 	0.639473 	1.73217 	1.23252e-20
30.789 	-0.113004 	0.639473 	1.73217 	1.23252e-20
30.8591 	-0.113004 	0.639473 	1.73217 	1.23252e-20
30.9293 	-0.113004 	0.639473 	1.73217 	1.23252e-20
30.9994 	-0.113004 	0.639473 	1.73217 	1.23252e-20
31.0695 	-0.113004 	0.639473 	1.73217 	1.23252e-20
31.1397 	-0.113004 	0.639473 	1.73217 	1.23252e-20
31.2098 	-0.113004 	0.639473 	1.73217 	1.23252e-20
31.2799 	-0.113004 	0.639473 	1.73217 	1.23252e-20
31.3501 	-0.113004 	0.639473 	1.73217 	1.23252e-20
31.4202 	-0.113004 	0.639473 	1.73217 	1.23252e-20
31.4903 	-0.113004 	0.639473 	1.73217 	1.23252e-20
31.5605 	-0.145398 	0.529373 	1.53118 	-8.34305e-20
31.6306 	-0.145398 	0.529373 	1.53118 	-8.34305e-20
31.7007 	-0.121467 	0.505336 	1.51355 	5.21954e-20
31.7709 	-0.121467 	0.505336 	1.51355 	5.21954e-20
31.841 	-0.121467 	0.505336 	1.51355 	5.21954e-20
31.9111 	-0.121467 	0.505336 	1.51355 	5.21954e-20
31.9813 	-0.121467 	0.505336 	1.51355 	5.21954e-20
32.0514 	-0.121467 	0.505336 	1.51355 	5.21954e-20
32.1216 	-0.121467 	0.505336 	1.51355 	5.21954e-20
32.1917 	-0.121467 	0.505336 	1.51355 	5.21954e-20
32.2618 	-0.121467 	0.505336 	1.51355 	5.21954e-20
32.332 	-0.121467 	0.505336 	1.51355 	5.21954e-20
32.4021 	-0.121467 	0.505336 	1.51355 	5.21954e-20
32.4722 	-0.121467 	0.505336 	1.51355 	5.21954e-20
32.5424 	-0.121467 	0.505336 	1.51355 	5.21954e-20
32.6125 	-0.121467 	0.505336 	1.51355 	5.21954e-20
32.6826 	-0.121467 	0.505336 	1.51355 	5.21954e-20
32.7528 	-0.121467 	0.505336 	1.51355 	5.21954e-20
32.8229 	-0.121467 	0.505336 	1.51355 	5.21954e-20
32.893 	-0.121467 	0.505336 	1.51355 	5.21954e-20
32.9632 	-0.0779084 	0.462706 	1.48383 	1.46802e-20
33.0333 	-0.0779084 	0.462706 	1.48383 	1.46802e-20
33.1034 	-0.0779084 	0.462706 	1.48383 	1.46802e-20
33.1736 	-0.0779084 	0.462706 	1.48383 	1.46802e-20
33.2437 	-0.0779084 	0.462706 	1.48383 	1.46802e-20
33.3138 	-0.0779084 	0.462706 	1.48383 	1.46802e-20
33.384 	-0.0779084 	0.462706 	1.48383 	1.46802e-20
33.4541 	-0.0779084 	0.462706 	1.48383 	1.46802e-20
33.5242 	-0.0779084 	0.462706 	1.48383 	1.46802e-20
33.5944 	-0.0779084 	0.462706 	1.48383 	1.46802e-20
33.6645 	-0.0779084 	0.462706 	1.48383 	1.46802e-20
33.7346 	-0.0779084 	0.462706 	1.48383 	1.46802e-20
33.8048 	-0.0779084 	0.462706 	1.48383 	1.46802e-20
33.8749 	-0.0779084 	0.462706 	1.48383 	1.46802e-20
33.945 	-0.0779084 	0.462706 	1.48383 	1.46802e-20
34.0152 	-0.0779084 	0.462706 	1.48383 	1.46802e-20
34.0853 	-0.0779084 	0.462706 	1.48383 	1.46802e-20
34.1554 	-0.0779084 	0.462706 	1.48383 	1.46802e-20
34.2256 	-0.0292689 	0.401582 	1.45322 	1.96813e-21
34.2957 	-0.0292689 	0.401582 	1.45322 	1.96813e-21
34.3659 	-0.0292689 	0.401582 	1.45322 	1.96813e-21
34.436 	-0.0292689 	0.401582 	1.45322 	1.96813e-21
34.5061 	-0.0292689 	0.401582 	1.45322 	1.96813e-21
34.5763 	-0.0292689 	0.401582 	1.45322 	1.96813e-21
34.6464 	-0.0292689 	0.401582 	1.45322 	1.96813e-21
34.7165 	-0.0292689 	0.401582 	1.45322 	1.96813e-21
34.7867 	-0.0292689 	0.401582 	1.45322 	1.96813e-21
34.8568 	-0.0292689 	0.401582 	1.45322 	1.96813e-21
34.9269 	-0.0292689 	0.401582 	1.45322 	1.96813e-21
34.9971 	-0.0292689 	0.401582 	1.45322 	1.96813e-21
35.0672 	-0.0292689 	0.401582 	1.45322 	1.96813e-21
35.1373 	-0.0292689 	0.401582 	1.45322 	1.96813e-21
35.2075 	-0.0292689 	0.401582 	1.45322 	1.96813e-21
35.2776 	-0.0292689 	0.401582 	1.45322 	1.96813e-21
35.3477 	-0.0292689 	0.401582 	1.45322 	1.96813e-21
35.4179 	-0.0292689 	0.401582 	1.45322 	1.96813e-21
35.488 	-0.0292689 	0.401582 	1.45322 	1.96813e-21
35.5581 	-0.0292689 	0.401582 	1.45322 	1.96813e-21
35.6283 	0.00329442 	0.320643 	1.43048 	-1.1931e-21
35.6984 	0.00329442 	0.320643 	1.43048 	-1.1931e-21
35.7685 	0.00329442 	0.320643 	1.43048 	-1.1931e-21
35.8387 	0.00329442 	0.320643 	1.43048 	-1.1931e-21
35.9088 	0.00329442 	0.320643 	1.43048 	-1.1931e-21
35.9789 	0.00329442 	0.320643 	1.43048 	-1.1931e-21
36.0491 	0.00329442 	0.320643 	1.43048 	-1.1931e-21
36.1192 	0.00329442 	0.320643 	1.43048 	-1.1931e-21
36.1893 	0.00329442 	0.320643 	1.43048 	-1.1931e-21
36.2595 	0.00329442 	0.320643 	1.43048 	-1.1931e-21
36.3296 	0.00329442 	0.320643 	1.43048 	-1.1931e-21
36.3997 	0.00329442 	0.320643 	1.43048 	-1.1931e-21
36.4699 	0.00329442 	0.320643 	1.43048 	-1.1931e-21
36.54 	0.00329442 	0.320643 	1.43048 	-1.1931e-21
36.6102 	0.00329442 	0.320643 	1.43048 	-1.1931e-21
36.6803 	0.00329442 	0.320643 	1.43048 	-1.1931e-21
36.7504 	0.00329442 	0.320643 	1.43048 	-1.1931e-21
36.8206 	0.00329442 	0.320643 	1.43048 	-1.1931e-21
36.8907 	0.00329442 	0.320643 	1.43048 	-1.1931e-21
36.9608 	0.00329442 	0.320643 	1.43048 	-1.1931e-21
37.031 	0.00329442 	0.320643 	1.43048 	-1.1931e-21
37.1011 	0.00754048 	0.244507 	1.42736 	0
37.1712 	0.00754048 	0.244507 	1.42736 	0
37.2414 	0.00754048 	0.244507 	1.42736 	0
37.3115 	0.00754048 	0.244507 	1.42736 	0
37.3816 	0.00754048 	0.244507 	1.42736 	0
37.4518 	0.00754048 	0.244507 	1.42736 	0
37.5219 	0.00754048 	0.244507 	1.42736 	0
37.592 	0.00754048 	0.244507 	1.42736 	0
37.6622 	0.00754048 	0.244507 	1.42736 	0
37.7323 	0.00754048 	0.244507 	1.42736 	0
37.8024 	0.00754048 	0.244507 	1.42736 	0
37.8726 	0.00754048 	0.244507 	1.42736 	0
37.9427 	0.00754048 	0.244507 	1.42736 	0
38.0128 	0.00754048 	0.244507 	1.42736 	0
38.083 	0.00754048 	0.244507 	1.42736 	0
38.1531 	0.00754048 	0.244507 	1.42736 	0
38.2232 	0.00754048 	0.244507 	1.42736 	0
38.2934 	-0.00398035 	0.17973 	1.43657 	0
38.3635 	-0.00398035 	0.17973 	1.43657 	0
38.4336 	-0.00398035 	0.17973 	1.43657 	0
38.5038 	-0.00398035 	0.17973 	1.43657 	0
38.5739 	-0.00398035 	0.17973 	1.43657 	0
38.644 	-0.00398035 	0.17973 	1.43657 	0
38.7142 	-0.00398035 	0.17973 	1.43657 	0
38.7843 	-0.00398035 	0.17973 	1.43657 	0
38.8545 	-0.00398035 	0.17973 	1.43657 	0
38.9246 	-0.00398035 	0.17973 	1.43657 	0
38.9947 	-0.00398035 	0.17973 	1.43657 	0
39.0649 	-0.00398035 	0.17973 	1.43657 	0
39.135 	-0.00398035 	0.17973 	1.43657 	0
39.2051 	-0.00398035 	0.17973 	1.43657 	0
39.2753 	-0.00398035 	0.17973 	1.43657 	0
39.3454 	-0.00398035 	0.17973 	1.43657 	0
39.4155 	-0.00398035 	0.17973 	1.43657 	0
39.4857 	-0.00398035 	0.17973 	1.43657 	0
39.5558 	-0.0183798 	0.128148 	1.44561 	0
39.6259 	-0.0183798 	0.128148 	1.44561 	0
39.6961 	-0.0183798 	0.128148 	1.44561 	0
39.7662 	-0.0183798 	0.128148 	1.44561 	0
39.8363 	-0.0183798 	0.128148 	1.44561 	0
39.9065 	-0.0183798 	0.128148 	1.44561 	0
39.9766 	-0.0183798 	0.128148 	1.44561 	0
40.0467 	-0.0183798 	0.128148 	1.44561 	0
40.1169 	-0.0183798 	0.128148 	1.44561 	0
40.187 	-0.0183798 	0.128148 	1.44561 	0
40.2571 	-0.0183798 	0.128148 	1.44561 	0
40.3273 	-0.0183798 	0.128148 	1.44561 	0
40.3974 	-0.0183798 	0.128148 	1.44561 	0
40.4675 	-0.0183798 	0.128148 	1.44561 	0
40.5377 	-0.0183798 	0.128148 	1.44561 	0
40.6078 	-0.0183798 	0.128148 	1.44561 	0
40.6779 	-0.0183798 	0.128148 	1.44561 	0
40.7481 	-0.0267339 	0.0884173 	1.44643 	0
40.8182 	-0.0267339 	0.0884173 	1.44643 	0
40.8883 	-0.0267339 	0.0884173 	1.44643 	0
40.9585 	-0.0267339 	0.0884173 	1.44643 	0
41.0286 	-0.0267339 	0.0884173 	1.44643 	0
41.0988 	-0.0267339 	0.0884173 	1.44643 	0
41.1689 	-0.0267339 	0.0884173 	1.44643 	0
41.239 	-0.0267339 	0.0884173 	1.44643 	0
41.3092 	-0.0267339 	0.0884173 	1.44643 	0
41.3793 	-0.0267339 	0.0884173 	1.44643 	0
41.4494 	-0.0267339 	0.0884173 	1.44643 	0
41.5196 	-0.0267339 	0.0884173 	1.44643 	0
41.5897 	-0.0267339 	0.0884173 	1.44643 	0
41.6598 	-0.0267339 	0.0884173 	1.44643 	0
41.73 	-0.0267339 	0.0884173 	1.44643 	0
41.8001 	-0.0267339 	0.0884173 	1.44643 	0
41.8702 	-0.0267339 	0.0884173 	1.44643 	0
41.9404 	-0.0267339 	0.0884173 	1.44643 	0
42.0105 	-0.0275335 	0.0508926 	1.44349 	0
42.0806 	-0.0275335 	0.0508926 	1.44349 	0
42.1508 	-0.0275335 	0.0508926 	1.44349 	0
42.2209 	-0.0275335 	0.0508926 	1.44349 	0
42.291 	-0.0275335 	0.0508926 	1.44349 	0
42.3612 	-0.0275335 	0.0508926 	1.44349 	0
42.4313 	-0.0275335 	0.0508926 	1.44349 	0
42.5014 	-0.0275335 	0.0508926 	1.44349 	0
42.5716 	-0.0275335 	0.0508926 	1.44349 	0
42.6417 	-0.0275335 	0.0508926 	1.44349 	0
42.7118 	-0.0275335 	0.0508926 	1.44349 	0
42.782 	-0.0275335 	0.0508926 	1.44349 	0
42.8521 	-0.0275335 	0.0508926 	1.44349 	0
42.9222 	-0.0275335 	0.0508926 	1.44349 	0
42.9924 	-0.0275335 	0.0508926 	1.44349 	0
43.0625 	-0.0275335 	0.0508926 	1.44349 	0
43.1327 	-0.0275335 	0.0508926 	1.44349 	0
43.2028 	-0.0241898 	0.0173364 	1.44218 	0
43.2729 	-0.0241898 	0.0173364 	1.44218 	0
43.3431 	-0.0241898 	0.0173364 	1.44218 	0
43.4132 	-0.0241898 	0.0173364 	1.44218 	0
43.4833 	-0.0241898 	0.0173364 	1.44218 	0
43.5535 	-0.0241898 	0.0173364 	1.44218 	0
43.6236 	-0.0241898 	0.0173364 	1.44218 	0
43.6937 	-0.0241898 	0.0173364 	1.44218 	0
43.7639 	-0.0241898 	0.0173364 	1.44218 	0
43.834 	-0.0241898 	0.0173364 	1.44218 	0
43.9041 	-0.0241898 	0.0173364 	1.44218 	0
43.9743 	-0.0241898 	0.0173364 	1.44218 	0
44.0444 	-0.0241898 	0.0173364 	1.44218 	0
44.1145 	-0.0241898 	0.0173364 	1.44218 	0
44.1847 	-0.0241898 	0.0173364 	1.44218 	0
44.2548 	-0.0241898 	0.0173364 	1.44218 	0
44.3249 	-0.0241898 	0.0173364 	1.44218 	0
44.3951 	-0.0241898 	0.0173364 	1.44218 	0
44.4652 	-0.0192561 	-0.00455221 	1.44148 	0
44.5353 	-0.0192561 	-0.00455221 	1.44148 	0
44.6055 	-0.0192561 	-0.00455221 	1.44148 	0
44.6756 	-0.0192561 	-0.00455221 	1.44148 	0
44.7457 	-0.0192561 	-0.00455221 	1.44148 	0
44.8159 	-0.0192561 	-0.00455221 	1.44148 	0
44.886 	-0.0192561 	-0.00455221 	1.44148 	0
44.9561 	-0.0192561 	-0.00455221 	1.44148 	0
45.0263 	-0.0192561 	-0.00455221 	1.44148 	0
45.0964 	-0.0192561 	-0.00455221 	1.44148 	0
45.1665 	-0.0192561 	-0.00455221 	1.44148 	0
45.2367 	-0.0192561 	-0.00455221 	1.44148 	0
45.3068 	-0.0192561 	-0.00455221 	1.44148 	0
45.377 	-0.0192561 	-0.00455221 	1.44148 	0
45.4471 	-0.0192561 	-0.00455221 	1.44148 	0
45.5172 	-0.0192561 	-0.00455221 	1.44148 	0
45.5874 	-0.0192561 	-0.00455221 	1.44148 	0
45.6575 	-0.0131641 	-0.0161116 	1.4415 	0
45.7276 	-0.0131641 	-0.0161116 	1.4415 	0
45.7978 	-0.0131641 	-0.0161116 	1.4415 	0
45.8679 	-0.0131641 	-0.0161116 	1.4415 	0
45.938 	-0.0131641 	-0.0161116 	1.4415 	0
46.0082 	-0.0131641 	-0.0161116 	1.4415 	0
46.0783 	-0.0131641 	-0.0161116 	1.4415 	0
46.1484 	-0.0131641 	-0.0161116 	1.4415 	0
46.2186 	-0.0131641 	-0.0161116 	1.4415 	0
46.2887 	-0.0131641 	-0.0161116 	1.4415 	0
46.3588 	-0.0131641 	-0.0161116 	1.4415 	0
46.429 	-0.0131641 	-0.0161116 	1.4415 	0
46.4991 	-0.0131641 	-0.0161116 	1.4415 	0
46.5692 	-0.0131641 	-0.0161116 	1.4415 	0
46.6394 	-0.0131641 	-0.0161116 	1.4415 	0
46.7095 	-0.0131641 	-0.0161116 	1.4415 	0
46.7796 	0.00648886 	-0.0192385 	1.47681 	0
46.8498 	0.00648886 	-0.0192385 	1.47681 	0
46.9199 	0.00751307 	-0.0349682 	1.47685 	0
46.99 	0.00751307 	-0.0349682 	1.47685 	0
47.0602 	0.00751307 	-0.0349682 	1.47685 	0
47.1303 	0.00751307 	-0.0349682 	1.47685 	0
47.2004 	0.00751307 	-0.0349682 	1.47685 	0
47.2706 	0.00751307 	-0.0349682 	1.47685 	0
47.3407 	0.00751307 	-0.0349682 	1.47685 	0
47.4108 	0.00751307 	-0.0349682 	1.47685 	0
47.481 	0.00751307 	-0.0349682 	1.47685 	0
47.5511 	0.00751307 	-0.0349682 	1.47685 	0
47.6213 	0.00751307 	-0.0349682 	1.47685 	0
47.6914 	0.00751307 	-0.0349682 	1.47685 	0
47.7615 	0.00751307 	-0.0349682 	1.47685 	0
47.8317 	0.00751307 	-0.0349682 	1.47685 	0
47.9018 	0.00751307 	-0.0349682 	1.47685 	0
47.9719 	0.00751307 	-0.0349682 	1.47685 	0
48.0421 	0.00751307 	-0.0349682 	1.47685 	0
48.1122 	0.00751307 	-0.0349682 	1.47685 	0
48.1823 	0.0103974 	-0.0450108 	1.48352 	0
48.2525 	0.0103974 	-0.0450108 	1.48352 	0
48.3226 	0.0103974 	-0.0450108 	1.48352 	0
48.3927 	0.0103974 	-0.0450108 	1.48352 	0
48.4629 	0.0103974 	-0.0450108 	1.48352 	0
48.533 	0.0103974 	-0.0450108 	1.48352 	0
48.6031 	0.0103974 	-0.0450108 	1.48352 	0
48.6733 	0.0103974 	-0.0450108 	1.48352 	0
48.7434 	0.0103974 	-0.0450108 	1.48352 	0
48.8135 	0.0103974 	-0.0450108 	1.48352 	0
48.8837 	0.0103974 	-0.0450108 	1.48352 	0
48.9538 	0.0103974 	-0.0450108 	1.48352 	0
49.0239 	0.0103974 	-0.0450108 	1.48352 	0
49.0941 	0.0103974 	-0.0450108 	1.48352 	0
49.1642 	0.0103974 	-0.0450108 	1.48352 	0
49.2343 	0.0103974 	-0.0450108 	1.48352 	0
49.3045 	0.0103974 	-0.0450108 	1.48352 	0
49.3746 	0.0172428 	-0.046906 	1.49816 	0
49.4447 	0.0172428 	-0.046906 	1.49816 	0
49.5149 	0.0172428 	-0.046906 	1.49816 	0
49.585 	0.0172428 	-0.046906 	1.49816 	0
49.6551 	0.0172428 	-0.046906 	1.49816 	0
49.7253 	0.0172428 	-0.046906 	1.49816 	0
49.7954 	0.0172428 	-0.046906 	1.49816 	0
49.8656 	0.0172428 	-0.046906 	1.49816 	0
49.9357 	0.0172428 	-0.046906 	1.49816 	0
50.0058 	0.0172428 	-0.046906 	1.49816 	0
50.076 	0.0172428 	-0.046906 	1.49816 	0
50.1461 	0.0172428 	-0.046906 	1.49816 	0
50.2162 	0.0172428 	-0.046906 	1.49816 	0
50.2864 	0.0172428 	-0.046906 	1.49816 	0
50.3565 	0.0172428 	-0.046906 	1.49816 	0
50.4266 	0.0172428 	-0.046906 	1.49816 	0
50.4968 	0.0172428 	-0.046906 	1.49816 	0
50.5669 	0.0172428 	-0.046906 	1.49816 	0
50.637 	0.028565 	-0.0330698 	1.51957 	0
50.7072 	0.028565 	-0.0330698 	1.51957 	0
50.7773 	0.028565 	-0.0330698 	1.51957 	0
50.8474 	0.028565 	-0.0330698 	1.51957 	0
50.9176 	0.028565 	-0.0330698 	1.51957 	0
50.9877 	0.028565 	-0.0330698 	1.51957 	0
51.0578 	0.028565 	-0.0330698 	1.51957 	0
51.128 	0.028565 	-0.0330698 	1.51957 	0
51.1981 	0.028565 	-0.0330698 	1.51957 	0
51.2682 	0.028565 	-0.0330698 	1.51957 	0
51.3384 	0.028565 	-0.0330698 	1.51957 	0
51.4085 	0.028565 	-0.0330698 	1.51957 	0
51.4786 	0.028565 	-0.0330698 	1.51957 	0
51.5488 	0.028565 	-0.0330698 	1.51957 	0
51.6189 	0.028565 	-0.0330698 	1.51957 	0
51.689 	0.028565 	-0.0330698 	1.51957 	0
51.7592 	0.028565 	-0.0330698 	1.51957 	0
51.8293 	0.0343134 	0.0149228 	1.55759 	0
51.8994 	0.0343134 	0.0149228 	1.55759 	0
51.9696 	0.0343134 	0.0149228 	1.55759 	0
52.0397 	0.0343134 	0.0149228 	1.55759 	0
52.1099 	0.0343134 	0.0149228 	1.55759 	0
52.18 	0.0343134 	0.0149228 	1.55759 	0
52.2501 	0.0343134 	0.0149228 	1.55759 	0
52.3203 	0.0343134 	0.0149228 	1.55759 	0
52.3904 	0.0343134 	0.0149228 	1.55759 	0
52.4605 	0.0343134 	0.0149228 	1.55759 	0
52.5307 	0.0343134 	0.0149228 	1.55759 	0
52.6008 	0.0343134 	0.0149228 	1.55759 	0
52.6709 	0.0343134 	0.0149228 	1.55759 	0
52.7411 	0.0343134 	0.0149228 	1.55759 	0
52.8112 	0.0343134 	0.0149228 	1.55759 	0
52.8813 	0.0343134 	0.0149228 	1.55759 	0
52.9515 	0.0343134 	0.0149228 	1.55759 	0
53.0216 	0.0343134 	0.0149228 	1.55759 	0
53.0917 	0.0355552 	0.0945485 	1.61624 	0
53.1619 	0.0355552 	0.0945485 	1.61624 	0
53.232 	0.0355552 	0.0945485 	1.61624 	0
53.3021 	0.0355552 	0.0945485 	1.61624 	0
53.3723 	0.0355552 	0.0945485 	1.61624 	0
53.4424 	0.0355552 	0.0945485 	1.61624 	0
53.5125 	0.0355552 	0.0945485 	1.61624 	0
53.5827 	0.0355552 	0.0945485 	1.61624 	0
53.6528 	0.0355552 	0.0945485 	1.61624 	0
53.7229 	0.0355552 	0.0945485 	1.61624 	0
53.7931 	0.0355552 	0.0945485 	1.61624 	0
53.8632 	0.0355552 	0.0945485 	1.61624 	0
53.9333 	0.0355552 	0.0945485 	1.61624 	0
54.0035 	0.0355552 	0.0945485 	1.61624 	0
54.0736 	0.0355552 	0.0945485 	1.61624 	0
54.1437 	0.0355552 	0.0945485 	1.61624 	0
54.2139 	0.0355552 	0.0945485 	1.61624 	0
54.284 	0.0161544 	0.172969 	1.68912 	0
54.3542 	0.0161544 	0.172969 	1.68912 	0
54.4243 	0.0161544 	0.172969 	1.68912 	0
54.4944 	0.0161544 	0.172969 	1.68912 	0
54.5646 	0.0161544 	0.172969 	1.68912 	0
54.6347 	0.0161544 	0.172969 	1.68912 	0
54.7048 	0.0161544 	0.172969 	1.68912 	0
54.775 	0.0161544 	0.172969 	1.68912 	0
54.8451 	0.0161544 	0.172969 	1.68912 	0
54.9152 	0.0161544 	0.172969 	1.68912 	0
54.9854 	0.0161544 	0.172969 	1.68912 	0
55.0555 	0.0161544 	0.172969 	1.68912 	0
55.1256 	0.0161544 	0.172969 	1.68912 	0
55.1958 	0.0161544 	0.172969 	1.68912 	0
55.2659 	0.0161544 	0.172969 	1.68912 	0
55.336 	0.0161544 	0.172969 	1.68912 	0
55.4062 	0.0161544 	0.172969 	1.68912 	0
55.4763 	0.0161544 	0.172969 	1.68912 	0
55.5464 	-0.0301218 	0.228644 	1.77505 	0
55.6166 	-0.0301218 	0.228644 	1.77505 	0
55.6867 	-0.0301218 	0.228644 	1.77505 	0
55.7568 	-0.0301218 	0.228644 	1.77505 	0
55.827 	-0.0301218 	0.228644 	1.77505 	0
55.8971 	-0.0301218 	0.228644 	1.77505 	0
55.9672 	-0.0301218 	0.228644 	1.77505 	0
56.0374 	-0.0301218 	0.228644 	1.77505 	0
56.1075 	-0.0301218 	0.228644 	1.77505 	0
56.1776 	-0.0301218 	0.228644 	1.77505 	0
56.2478 	-0.0301218 	0.228644 	1.77505 	0
56.3179 	-0.0301218 	0.228644 	1.77505 	0
56.3881 	-0.0301218 	0.228644 	1.77505 	0
56.4582 	-0.0301218 	0.228644 	1.77505 	0
56.5283 	-0.0301218 	0.228644 	1.77505 	0
56.5985 	-0.0301218 	0.228644 	1.77505 	0
56.6686 	-0.0301218 	0.228644 	1.77505 	0
56.7387 	-0.0301218 	0.228644 	1.77505 	0
56.8089 	-0.105222 	0.26818 	1.87763 	0
56.879 	-0.105222 	0.26818 	1.87763 	0
56.9491 	-0.105222 	0.26818 	1.87763 	0
57.0193 	-0.105222 	0.26818 	1.87763 	0
57.0894 	-0.105222 	0.26818 	1.87763 	0
57.1595 	-0.105222 	0.26818 	1.87763 	0
57.2297 	-0.105222 	0.26818 	1.87763 	0
57.2998 	-0.105222 	0.26818 	1.87763 	0
57.3699 	-0.105222 	0.26818 	1.87763 	0
57.4401 	-0.105222 	0.26818 	1.87763 	0
57.5102 	-0.105222 	0.26818 	1.87763 	0
57.5803 	-0.105222 	0.26818 	1.87763 	0
57.6505 	-0.105222 	0.26818 	1.87763 	0
57.7206 	-0.105222 	0.26818 	1.87763 	0
57.7907 	-0.105222 	0.26818 	1.87763 	0
57.8609 	-0.105222 	0.26818 	1.87763 	0
57.931 	-0.105222 	0.26818 	1.87763 	0
58.0011 	-0.21356 	0.285497 	2.00248 	0
58.0713 	-0.21356 	0.285497 	2.00248 	0
58.1414 	-0.21356 	0.285497 	2.00248 	0
58.2115 	-0.21356 	0.285497 	2.00248 	0
58.2817 	-0.21356 	0.285497 	2.00248 	0
58.3518 	-0.21356 	0.285497 	2.00248 	0
58.4219 	-0.21356 	0.285497 	2.00248 	0
58.4921 	-0.21356 	0.285497 	2.00248 	0
58.5622 	-0.21356 	0.285497 	2.00248 	0
58.6324 	-0.21356 	0.285497 	2.00248 	0
58.7025 	-0.21356 	0.285497 	2.00248 	0
58.7726 	-0.21356 	0.285497 	2.00248 	0
58.8428 	-0.21356 	0.285497 	2.00248 	0
58.9129 	-0.21356 	0.285497 	2.00248 	0
58.983 	-0.21356 	0.285497 	2.00248 	0
59.0532 	-0.21356 	0.285497 	2.00248 	0
59.1233 	-0.21356 	0.285497 	2.00248 	0
59.1934 	-0.21356 	0.285497 	2.00248 	0
59.2636 	-0.367519 	0.283379 	2.13591 	0
59.3337 	-0.367519 	0.283379 	2.13591 	0
59.4038 	-0.367519 	0.283379 	2.13591 	0
59.474 	-0.367519 	0.283379 	2.13591 	0
59.5441 	-0.367519 	0.283379 	2.13591 	0
59.6142 	-0.367519 	0.283379 	2.13591 	0
59.6844 	-0.367519 	0.283379 	2.13591 	0
59.7545 	-0.367519 	0.283379 	2.13591 	0
59.8246 	-0.367519 	0.283379 	2.13591 	0
59.8948 	-0.367519 	0.283379 	2.13591 	0
59.9649 	-0.367519 	0.283379 	2.13591 	0
60.035 	-0.367519 	0.283379 	2.13591 	0
60.1052 	-0.367519 	0.283379 	2.13591 	0
60.1753 	-0.367519 	0.283379 	2.13591 	0
60.2454 	-0.367519 	0.283379 	2.13591 	0
60.3156 	-0.367519 	0.283379 	2.13591 	0
60.3857 	-0.367519 	0.283379 	2.13591 	0
60.4558 	-0.548608 	0.215716 	2.25781 	0
60.526 	-0.548608 	0.215716 	2.25781 	0
60.5961 	-0.548608 	0.215716 	2.25781 	0
60.6662 	-0.548608 	0.215716 	2.25781 	0
60.7364 	-0.548608 	0.215716 	2.25781 	0
60.8065 	-0.548608 	0.215716 	2.25781 	0
60.8767 	-0.548608 	0.215716 	2.25781 	0
60.9468 	-0.548608 	0.215716 	2.25781 	0
61.0169 	-0.548608 	0.215716 	2.25781 	0
61.0871 	-0.548608 	0.215716 	2.25781 	0
61.1572 	-0.548608 	0.215716 	2.25781 	0
61.2273 	-0.548608 	0.215716 	2.25781 	0
61.2975 	-0.548608 	0.215716 	2.25781 	0
61.3676 	-0.548608 	0.215716 	2.25781 	0
61.4377 	-0.548608 	0.215716 	2.25781 	0
61.5079 	-0.548608 	0.215716 	2.25781 	0
61.578 	-0.548608 	0.215716 	2.25781 	0
61.6481 	-0.548608 	0.215716 	2.25781 	0
61.7183 	-0.711914 	0.0733069 	2.34334 	0
61.7884 	-0.711914 	0.0733069 	2.34334 	0
61.8585 	-0.711914 	0.0733069 	2.34334 	0
61.9287 	-0.711914 	0.0733069 	2.34334 	0
61.9988 	-0.711914 	0.0733069 	2.34334 	0
62.0689 	-0.711914 	0.0733069 	2.34334 	0
62.1391 	-0.711914 	0.0733069 	2.34334 	0
62.2092 	-0.711914 	0.0733069 	2.34334 	0
62.2793 	-0.711914 	0.0733069 	2.34334 	0
62.3495 	-0.711914 	0.0733069 	2.34334 	0
62.4196 	-0.711914 	0.0733069 	2.34334 	0
62.4897 	-0.711914 	0.0733069 	2.34334 	0
62.5599 	-0.711914 	0.0733069 	2.34334 	0
62.63 	-0.711914 	0.0733069 	2.34334 	0
62.7001 	-0.711914 	0.0733069 	2.34334 	0
62.7703 	-0.711914 	0.0733069 	2.34334 	0
62.8404 	-0.711914 	0.0733069 	2.34334 	0
62.9105 	-0.818541 	-0.157312 	2.40433 	0
62.9807 	-0.818541 	-0.157312 	2.40433 	0
63.0508 	-0.818541 	-0.157312 	2.40433 	0
63.121 	-0.818541 	-0.157312 	2.40433 	0
63.1911 	-0.818541 	-0.157312 	2.40433 	0
63.2612 	-0.818541 	-0.157312 	2.40433 	0
63.3314 	-0.818541 	-0.157312 	2.40433 	0
63.4015 	-0.818541 	-0.157312 	2.40433 	0
63.4716 	-0.818541 	-0.157312 	2.40433 	0
63.5418 	-0.818541 	-0.157312 	2.40433 	0
63.6119 	-0.818541 	-0.157312 	2.40433 	0
63.682 	-0.818541 	-0.157312 	2.40433 	0
63.7522 	-0.818541 	-0.157312 	2.40433 	0
63.8223 	-0.818541 	-0.157312 	2.40433 	0
63.8924 	-0.818541 	-0.157312 	2.40433 	0
63.9626 	-0.818541 	-0.157312 	2.40433 	0
64.0327 	-0.818541 	-0.157312 	2.40433 	0
64.1028 	-0.818541 	-0.157312 	2.40433 	0
64.173 	-0.776961 	-0.415193 	2.46964 	0
64.2431 	-0.776961 	-0.415193 	2.46964 	0
64.3132 	-0.776961 	-0.415193 	2.46964 	0
64.3834 	-0.776961 	-0.415193 	2.46964 	0
64.4535 	-0.776961 	-0.415193 	2.46964 	0
64.5236 	-0.776961 	-0.415193 	2.46964 	0
64.5938 	-0.776961 	-0.415193 	2.46964 	0
64.6639 	-0.776961 	-0.415193 	2.46964 	0
64.734 	-0.776961 	-0.415193 	2.46964 	0
64.8042 	-0.776961 	-0.415193 	2.46964 	0
64.8743 	-0.776961 	-0.415193 	2.46964 	0
64.9444 	-0.776961 	-0.415193 	2.46964 	0
65.0146 	-0.776961 	-0.415193 	2.46964 	0
65.0847 	-0.776961 	-0.415193 	2.46964 	0
65.1548 	-0.776961 	-0.415193 	2.46964 	0
65.225 	-0.776961 	-0.415193 	2.46964 	0
65.2951 	-0.776961 	-0.415193 	2.46964 	0
65.3653 	-0.776961 	-0.415193 	2.46964 	0
65.4354 	-0.599707 	-0.635241 	2.51263 	0
65.5055 	-0.599707 	-0.635241 	2.51263 	0
65.5757 	-0.599707 	-0.635241 	2.51263 	0
65.6458 	-0.599707 	-0.635241 	2.51263 	0
65.7159 	-0.599707 	-0.635241 	2.51263 	0
65.7861 	-0.599707 	-0.635241 	2.51263 	0
65.8562 	-0.599707 	-0.635241 	2.51263 	0
65.9263 	-0.599707 	-0.635241 	2.51263 	0
65.9965 	-0.599707 	-0.635241 	2.51263 	0
66.0666 	-0.599707 	-0.635241 	2.51263 	0
66.1367 	-0.599707 	-0.635241 	2.51263 	0
66.2069 	-0.599707 	-0.635241 	2.51263 	0
66.277 	-0.599707 	-0.635241 	2.51263 	0
66.3471 	-0.599707 	-0.635241 	2.51263 	0
66.4173 	-0.599707 	-0.635241 	2.51263 	0
66.4874 	-0.599707 	-0.635241 	2.51263 	0
66.5575 	-0.599707 	-0.635241 	2.51263 	0
66.6277 	-0.36285 	-0.735152 	2.52578 	0
66.6978 	-0.36285 	-0.735152 	2.52578 	0
66.7679 	-0.36285 	-0.735152 	2.52578 	0
66.8381 	-0.36285 	-0.735152 	2.52578 	0
66.9082 	-0.36285 	-0.735152 	2.52578 	0
66.9783 	-0.36285 	-0.735152 	2.52578 	0
67.0485 	-0.36285 	-0.735152 	2.52578 	0
67.1186 	-0.36285 	-0.735152 	2.52578 	0
67.1887 	-0.36285 	-0.735152 	2.52578 	0
67.2589 	-0.36285 	-0.735152 	2.52578 	0
67.329 	-0.36285 	-0.735152 	2.52578 	0
67.3991 	-0.36285 	-0.735152 	2.52578 	0
67.4693 	-0.36285 	-0.735152 	2.52578 	0
67.5394 	-0.36285 	-0.735152 	2.52578 	0
67.6096 	-0.36285 	-0.735152 	2.52578 	0
67.6797 	-0.36285 	-0.735152 	2.52578 	0
67.7498 	-0.36285 	-0.735152 	2.52578 	0
67.82 	-0.36285 	-0.735152 	2.52578 	0
67.8901 	-0.122634 	-0.714308 	2.49663 	0
67.9602 	-0.122634 	-0.714308 	2.49663 	0
68.0304 	-0.122634 	-0.714308 	2.49663 	0
68.1005 	-0.122634 	-0.714308 	2.49663 	0
68.1706 	-0.122634 	-0.714308 	2.49663 	0
68.2408 	-0.122634 	-0.714308 	2.49663 	0
68.3109 	-0.122634 	-0.714308 	2.49663 	0
68.381 	-0.122634 	-0.714308 	2.49663 	0
68.4512 	-0.122634 	-0.714308 	2.49663 	0
68.5213 	-0.122634 	-0.714308 	2.49663 	0
68.5914 	-0.122634 	-0.714308 	2.49663 	0
68.6616 	-0.122634 	-0.714308 	2.49663 	0
68.7317 	-0.122634 	-0.714308 	2.49663 	0
68.8018 	-0.122634 	-0.714308 	2.49663 	0
68.872 	-0.122634 	-0.714308 	2.49663 	0
68.9421 	-0.122634 	-0.714308 	2.49663 	0
69.0122 	-0.122634 	-0.714308 	2.49663 	0
