0.490941 	2.19004 	0.00437173 	3.00032 	-3.10484e-20
0.561075 	2.19004 	0.00437173 	3.00032 	-3.10484e-20
0.63121 	2.19004 	0.00437173 	3.00032 	-3.10484e-20
0.701344 	2.19004 	0.00437173 	3.00032 	-3.10484e-20
0.771478 	2.19004 	0.00437173 	3.00032 	-3.10484e-20
0.841613 	2.19004 	0.00437173 	3.00032 	-3.10484e-20
0.911747 	2.16502 	0.0144622 	3.00802 	-7.16044e-20
0.981881 	2.16502 	0.0144622 	3.00802 	-7.16044e-20
1.05202 	2.16502 	0.0144622 	3.00802 	-7.16044e-20
1.12215 	2.16502 	0.0144622 	3.00802 	-7.16044e-20
1.19228 	2.16502 	0.0144622 	3.00802 	-7.16044e-20
1.26242 	2.16502 	0.0144622 	3.00802 	-7.16044e-20
1.33255 	2.12106 	0.0193292 	3.02329 	7.15553e-20
1.40269 	2.12106 	0.0193292 	3.02329 	7.15553e-20
1.47282 	2.12106 	0.0193292 	3.02329 	7.15553e-20
1.54296 	2.12106 	0.0193292 	3.02329 	7.15553e-20
1.61309 	2.12106 	0.0193292 	3.02329 	7.15553e-20
1.68323 	2.12106 	0.0193292 	3.02329 	7.15553e-20
1.75336 	2.06072 	0.0246856 	3.04252 	3.43273e-20
1.82349 	2.06072 	0.0246856 	3.04252 	3.43273e-20
1.89363 	2.06072 	0.0246856 	3.04252 	3.43273e-20
1.96376 	2.06072 	0.0246856 	3.04252 	3.43273e-20
2.0339 	2.06072 	0.0246856 	3.04252 	3.43273e-20
2.10403 	2.06072 	0.0246856 	3.04252 	3.43273e-20
2.17417 	1.98944 	0.0242393 	3.06666 	0
2.2443 	1.98944 	0.0242393 	3.06666 	0
2.31443 	1.98944 	0.0242393 	3.06666 	0
2.38457 	1.98944 	0.0242393 	3.06666 	0
2.4547 	1.98944 	0.0242393 	3.06666 	0
2.52484 	1.98944 	0.0242393 	3.06666 	0
2.59497 	1.9131 	0.0255882 	3.09074 	-1.56844e-19
2.66511 	1.9131 	0.0255882 	3.09074 	-1.56844e-19
2.73524 	1.9131 	0.0255882 	3.09074 	-1.56844e-19
2.80538 	1.9131 	0.0255882 	3.09074 	-1.56844e-19
2.87551 	1.9131 	0.0255882 	3.09074 	-1.56844e-19
2.94564 	1.9131 	0.0255882 	3.09074 	-1.56844e-19
3.01578 	1.83675 	0.0233233 	3.11625 	1.24872e-19
3.08591 	1.83675 	0.0233233 	3.11625 	1.24872e-19
3.15605 	1.83675 	0.0233233 	3.11625 	1.24872e-19
3.22618 	1.83675 	0.0233233 	3.11625 	1.24872e-19
3.29632 	1.83675 	0.0233233 	3.11625 	1.24872e-19
3.36645 	1.83675 	0.0233233 	3.11625 	1.24872e-19
3.43659 	1.76225 	0.0248872 	3.13928 	-2.29723e-19
3.50672 	1.76225 	0.0248872 	3.13928 	-2.29723e-19
3.57685 	1.76225 	0.0248872 	3.13928 	-2.29723e-19
3.64699 	1.76225 	0.0248872 	3.13928 	-2.29723e-19
3.71712 	1.76225 	0.0248872 	3.13928 	-2.29723e-19
3.78726 	1.75437 	0.0140611 	3.13811 	-2.551e-19
3.85739 	1.68116 	0.0119212 	3.16277 	4.70424e-19
3.92753 	1.68116 	0.0119212 	3.16277 	4.70424e-19
3.99766 	1.68116 	0.0119212 	3.16277 	4.70424e-19
4.06779 	1.68116 	0.0119212 	3.16277 	4.70424e-19
4.13793 	1.68116 	0.0119212 	3.16277 	4.70424e-19
4.20806 	1.68116 	0.0119212 	3.16277 	4.70424e-19
4.2782 	1.60994 	0.0142262 	3.18385 	-2.69627e-19
4.34833 	1.60994 	0.0142262 	3.18385 	-2.69627e-19
4.41847 	1.60994 	0.0142262 	3.18385 	-2.69627e-19
4.4886 	1.60994 	0.0142262 	3.18385 	-2.69627e-19
4.55874 	1.60994 	0.0142262 	3.18385 	-2.69627e-19
4.62887 	1.60994 	0.0142262 	3.18385 	-2.69627e-19
4.699 	1.60994 	0.0142262 	3.18385 	-2.69627e-19
4.76914 	1.54052 	0.0118501 	3.20711 	-1.98341e-19
4.83927 	1.54052 	0.0118501 	3.20711 	-1.98341e-19
4.90941 	1.54052 	0.0118501 	3.20711 	-1.98341e-19
4.97954 	1.54052 	0.0118501 	3.20711 	-1.98341e-19
5.04968 	1.54052 	0.0118501 	3.20711 	-1.98341e-19
5.11981 	1.54052 	0.0118501 	3.20711 	-1.98341e-19
5.18994 	1.4728 	0.0139086 	3.22668 	1.74124e-19
5.26008 	1.4728 	0.0139086 	3.22668 	1.74124e-19
5.33021 	1.4728 	0.0139086 	3.22668 	1.74124e-19
5.40035 	1.4728 	0.0139086 	3.22668 	1.74124e-19
5.47048 	1.4728 	0.0139086 	3.22668 	1.74124e-19
5.54062 	1.4728 	0.0139086 	3.22668 	1.74124e-19
5.61075 	1.40768 	0.0112201 	3.24846 	-3.39116e-19
5.68089 	1.40768 	0.0112201 	3.24846 	-3.39116e-19
5.75102 	1.40768 	0.0112201 	3.24846 	-3.39116e-19
5.82115 	1.40768 	0.0112201 	3.24846 	-3.39116e-19
5.89129 	1.40768 	0.0112201 	3.24846 	-3.39116e-19
5.96142 	1.40768 	0.0112201 	3.24846 	-3.39116e-19
6.03156 	1.34573 	0.0134497 	3.26586 	3.61956e-19
6.10169 	1.34573 	0.0134497 	3.26586 	3.61956e-19
6.17183 	1.34573 	0.0134497 	3.26586 	3.61956e-19
6.24196 	1.34573 	0.0134497 	3.26586 	3.61956e-19
6.3121 	1.34573 	0.0134497 	3.26586 	3.61956e-19
6.38223 	1.34573 	0.0134497 	3.26586 	3.61956e-19
6.45236 	1.28779 	0.0109465 	3.28536 	2.10707e-20
6.5225 	1.28779 	0.0109465 	3.28536 	2.10707e-20
6.59263 	1.28779 	0.0109465 	3.28536 	2.10707e-20
6.66277 	1.28779 	0.0109465 	3.28536 	2.10707e-20
6.7329 	1.28779 	0.0109465 	3.28536 	2.10707e-20
6.80304 	1.28779 	0.0109465 	3.28536 	2.10707e-20
6.87317 	1.23394 	0.0137416 	3.29994 	-2.0177e-20
6.9433 	1.23394 	0.0137416 	3.29994 	-2.0177e-20
7.01344 	1.23394 	0.0137416 	3.29994 	-2.0177e-20
7.08357 	1.23394 	0.0137416 	3.29994 	-2.0177e-20
7.15371 	1.23394 	0.0137416 	3.29994 	-2.0177e-20
7.22384 	1.23394 	0.0137416 	3.29994 	-2.0177e-20
7.29398 	1.18435 	0.0115817 	3.3169 	0
7.36411 	1.18435 	0.0115817 	3.3169 	0
7.43425 	1.18435 	0.0115817 	3.3169 	0
7.50438 	1.18435 	0.0115817 	3.3169 	0
7.57451 	1.18435 	0.0115817 	3.3169 	0
7.64465 	1.18435 	0.0115817 	3.3169 	0
7.71478 	1.18435 	0.0115817 	3.3169 	0
7.78492 	1.13851 	0.0149859 	3.32874 	0
7.85505 	1.13851 	0.0149859 	3.32874 	0
7.92519 	1.13851 	0.0149859 	3.32874 	0
7.99532 	1.13851 	0.0149859 	3.32874 	0
8.06545 	1.13851 	0.0149859 	3.32874 	0
8.13559 	1.13851 	0.0149859 	3.32874 	0
8.20572 	1.09625 	0.0131554 	3.34358 	0
8.27586 	1.09625 	0.0131554 	3.34358 	0
8.34599 	1.09625 	0.0131554 	3.34358 	0
8.41613 	1.09625 	0.0131554 	3.34358 	0
8.48626 	1.09625 	0.0131554 	3.34358 	0
8.5564 	1.09625 	0.0131554 	3.34358 	0
8.62653 	1.05686 	0.0172999 	3.35319 	2.14474e-22
8.69666 	1.05686 	0.0172999 	3.35319 	2.14474e-22
8.7668 	1.05686 	0.0172999 	3.35319 	2.14474e-22
8.83693 	1.05686 	0.0172999 	3.35319 	2.14474e-22
8.90707 	1.05686 	0.0172999 	3.35319 	2.14474e-22
8.9772 	1.05686 	0.0172999 	3.35319 	2.14474e-22
9.04734 	1.02016 	0.0159684 	3.36649 	-2.46716e-19
9.11747 	1.02016 	0.0159684 	3.36649 	-2.46716e-19
9.18761 	1.02016 	0.0159684 	3.36649 	-2.46716e-19
9.25774 	1.00605 	0.0119242 	3.36906 	-2.58048e-20
9.32787 	1.00605 	0.0119242 	3.36906 	-2.58048e-20
9.39801 	1.00605 	0.0119242 	3.36906 	-2.58048e-20
9.46814 	1.00605 	0.0119242 	3.36906 	-2.58048e-20
9.53828 	0.970554 	0.0181316 	3.37779 	-2.55686e-19
9.60841 	0.970554 	0.0181316 	3.37779 	-2.55686e-19
9.67855 	0.970554 	0.0181316 	3.37779 	-2.55686e-19
9.74868 	0.970554 	0.0181316 	3.37779 	-2.55686e-19
9.81881 	0.970554 	0.0181316 	3.37779 	-2.55686e-19
9.88895 	0.970554 	0.0181316 	3.37779 	-2.55686e-19
9.95908 	0.936673 	0.0177733 	3.38982 	-1.52727e-20
10.0292 	0.936673 	0.0177733 	3.38982 	-1.52727e-20
10.0994 	0.936673 	0.0177733 	3.38982 	-1.52727e-20
10.1695 	0.936673 	0.0177733 	3.38982 	-1.52727e-20
10.2396 	0.936673 	0.0177733 	3.38982 	-1.52727e-20
10.3098 	0.936673 	0.0177733 	3.38982 	-1.52727e-20
10.3799 	0.903876 	0.0258203 	3.39744 	2.29587e-19
10.45 	0.903876 	0.0258203 	3.39744 	2.29587e-19
10.5202 	0.903876 	0.0258203 	3.39744 	2.29587e-19
10.5903 	0.903876 	0.0258203 	3.39744 	2.29587e-19
10.6604 	0.903876 	0.0258203 	3.39744 	2.29587e-19
10.7306 	0.903876 	0.0258203 	3.39744 	2.29587e-19
10.8007 	0.872026 	0.0271552 	3.40905 	-2.4379e-19
10.8708 	0.872026 	0.0271552 	3.40905 	-2.4379e-19
10.941 	0.872026 	0.0271552 	3.40905 	-2.4379e-19
11.0111 	0.872026 	0.0271552 	3.40905 	-2.4379e-19
11.0812 	0.872026 	0.0271552 	3.40905 	-2.4379e-19
11.1514 	0.872026 	0.0271552 	3.40905 	-2.4379e-19
11.2215 	0.872026 	0.0271552 	3.40905 	-2.4379e-19
11.2916 	0.84055 	0.0381923 	3.41592 	-4.26131e-19
11.3618 	0.84055 	0.0381923 	3.41592 	-4.26131e-19
11.4319 	0.84055 	0.0381923 	3.41592 	-4.26131e-19
11.502 	0.84055 	0.0381923 	3.41592 	-4.26131e-19
11.5722 	0.84055 	0.0381923 	3.41592 	-4.26131e-19
11.6423 	0.84055 	0.0381923 	3.41592 	-4.26131e-19
11.7124 	0.809095 	0.0424558 	3.4276 	4.12408e-19
11.7826 	0.809095 	0.0424558 	3.4276 	4.12408e-19
11.8527 	0.809095 	0.0424558 	3.4276 	4.12408e-19
11.9228 	0.809095 	0.0424558 	3.4276 	4.12408e-19
11.993 	0.809095 	0.0424558 	3.4276 	4.12408e-19
12.0631 	0.809095 	0.0424558 	3.4276 	4.12408e-19
12.1332 	0.776758 	0.0582803 	3.43435 	0
12.2034 	0.776758 	0.0582803 	3.43435 	0
12.2735 	0.776758 	0.0582803 	3.43435 	0
12.3437 	0.776758 	0.0582803 	3.43435 	0
12.4138 	0.776758 	0.0582803 	3.43435 	0
12.4839 	0.776758 	0.0582803 	3.43435 	0
12.5541 	0.776758 	0.0582803 	3.43435 	0
12.6242 	0.742935 	0.066615 	3.44672 	-1.16223e-20
12.6943 	0.742935 	0.066615 	3.44672 	-1.16223e-20
12.7645 	0.742935 	0.066615 	3.44672 	-1.16223e-20
12.8346 	0.742935 	0.066615 	3.44672 	-1.16223e-20
12.9047 	0.742935 	0.066615 	3.44672 	-1.16223e-20
12.9749 	0.742935 	0.066615 	3.44672 	-1.16223e-20
13.045 	0.706787 	0.0893434 	3.45417 	1.17025e-20
13.1151 	0.706787 	0.0893434 	3.45417 	1.17025e-20
13.1853 	0.706787 	0.0893434 	3.45417 	1.17025e-20
13.2554 	0.706787 	0.0893434 	3.45417 	1.17025e-20
13.3255 	0.706787 	0.0893434 	3.45417 	1.17025e-20
13.3957 	0.706787 	0.0893434 	3.45417 	1.17025e-20
13.4658 	0.706787 	0.0893434 	3.45417 	1.17025e-20
13.5359 	0.668243 	0.102621 	3.46766 	0
13.6061 	0.668243 	0.102621 	3.46766 	0
13.6762 	0.668243 	0.102621 	3.46766 	0
13.7463 	0.668243 	0.102621 	3.46766 	0
13.8165 	0.668243 	0.102621 	3.46766 	0
13.8866 	0.668243 	0.102621 	3.46766 	0
13.9567 	0.627674 	0.146969 	3.47913 	7.9204e-22
14.0269 	0.627674 	0.146969 	3.47913 	7.9204e-22
14.097 	0.627674 	0.146969 	3.47913 	7.9204e-22
14.1671 	0.627674 	0.146969 	3.47913 	7.9204e-22
14.2373 	0.627674 	0.146969 	3.47913 	7.9204e-22
14.3074 	0.627674 	0.146969 	3.47913 	7.9204e-22
14.3776 	0.611038 	0.145334 	3.48284 	1.23283e-19
14.4477 	0.514419 	0.148268 	3.5093 	-1.78839e-20
14.5178 	0.514419 	0.148268 	3.5093 	-1.78839e-20
14.588 	0.514419 	0.148268 	3.5093 	-1.78839e-20
14.6581 	0.534477 	0.161313 	3.50223 	0
14.7282 	0.534477 	0.161313 	3.50223 	0
14.7984 	0.453212 	0.176061 	3.52548 	-1.84975e-19
14.8685 	0.483808 	0.1989 	3.51534 	-1.86635e-19
14.9386 	0.483808 	0.1989 	3.51534 	-1.86635e-19
15.0088 	0.483808 	0.1989 	3.51534 	-1.86635e-19
15.0789 	0.483808 	0.1989 	3.51534 	-1.86635e-19
15.149 	0.522001 	0.215585 	3.50449 	1.84948e-19
15.2192 	0.428067 	0.232981 	3.53839 	1.59701e-19
15.2893 	0.428067 	0.232981 	3.53839 	1.59701e-19
15.3594 	0.428067 	0.232981 	3.53839 	1.59701e-19
15.4296 	0.466357 	0.253451 	3.51759 	-5.32482e-19
15.4997 	0.466357 	0.253451 	3.51759 	-5.32482e-19
15.5698 	0.37286 	0.269138 	3.54593 	2.83389e-19
15.64 	0.37286 	0.269138 	3.54593 	2.83389e-19
15.7101 	0.37286 	0.269138 	3.54593 	2.83389e-19
15.7802 	0.415932 	0.286813 	3.53765 	-4.70374e-19
15.8504 	0.415932 	0.286813 	3.53765 	-4.70374e-19
15.9205 	0.322539 	0.306482 	3.55346 	-1.33895e-19
15.9906 	0.322539 	0.306482 	3.55346 	-1.33895e-19
16.0608 	0.322539 	0.306482 	3.55346 	-1.33895e-19
16.1309 	0.376301 	0.331357 	3.53325 	0
16.201 	0.376301 	0.331357 	3.53325 	0
16.2712 	0.28298 	0.344841 	3.56561 	0
16.3413 	0.28298 	0.344841 	3.56561 	0
16.4114 	0.28298 	0.344841 	3.56561 	0
16.4816 	0.28298 	0.344841 	3.56561 	0
16.5517 	0.353492 	0.361098 	3.54246 	-1.92419e-19
16.6219 	0.264699 	0.396124 	3.56188 	5.48533e-20
16.692 	0.264699 	0.396124 	3.56188 	5.48533e-20
16.7621 	0.264699 	0.396124 	3.56188 	5.48533e-20
16.8323 	0.264699 	0.396124 	3.56188 	5.48533e-20
16.9024 	0.264699 	0.396124 	3.56188 	5.48533e-20
16.9725 	0.272703 	0.436326 	3.55428 	0
17.0427 	0.272703 	0.436326 	3.55428 	0
17.1128 	0.272703 	0.436326 	3.55428 	0
17.1829 	0.272703 	0.436326 	3.55428 	0
17.2531 	0.196368 	0.464347 	3.57355 	0
17.3232 	0.196368 	0.464347 	3.57355 	0
17.3933 	0.196368 	0.464347 	3.57355 	0
17.4635 	0.299784 	0.488749 	3.55477 	1.77849e-19
17.5336 	0.299784 	0.488749 	3.55477 	1.77849e-19
17.6037 	0.232556 	0.50888 	3.56292 	0
17.6739 	0.232556 	0.50888 	3.56292 	0
17.744 	0.232556 	0.50888 	3.56292 	0
17.8141 	0.232556 	0.50888 	3.56292 	0
17.8843 	0.232556 	0.50888 	3.56292 	0
17.9544 	0.275568 	0.566134 	3.55222 	1.55608e-19
18.0245 	0.275568 	0.566134 	3.55222 	1.55608e-19
18.0947 	0.275568 	0.566134 	3.55222 	1.55608e-19
18.1648 	0.275568 	0.566134 	3.55222 	1.55608e-19
18.2349 	0.220264 	0.58084 	3.56243 	-2.2786e-19
18.3051 	0.220264 	0.58084 	3.56243 	-2.2786e-19
18.3752 	0.220264 	0.58084 	3.56243 	-2.2786e-19
18.4453 	0.220264 	0.58084 	3.56243 	-2.2786e-19
18.5155 	0.220264 	0.58084 	3.56243 	-2.2786e-19
18.5856 	0.260212 	0.623503 	3.5444 	-3.28581e-19
18.6557 	0.260212 	0.623503 	3.5444 	-3.28581e-19
18.7259 	0.260212 	0.623503 	3.5444 	-3.28581e-19
18.796 	0.260212 	0.623503 	3.5444 	-3.28581e-19
18.8662 	0.208218 	0.640805 	3.55594 	2.7372e-19
18.9363 	0.208218 	0.640805 	3.55594 	2.7372e-19
19.0064 	0.208218 	0.640805 	3.55594 	2.7372e-19
19.0766 	0.208218 	0.640805 	3.55594 	2.7372e-19
19.1467 	0.208218 	0.640805 	3.55594 	2.7372e-19
19.2168 	0.15895 	0.666338 	3.5728 	4.56921e-20
19.287 	0.250939 	0.666082 	3.52937 	1.87003e-19
19.3571 	0.250939 	0.666082 	3.52937 	1.87003e-19
19.4272 	0.250939 	0.666082 	3.52937 	1.87003e-19
19.4974 	0.250939 	0.666082 	3.52937 	1.87003e-19
19.5675 	0.20071 	0.687314 	3.54368 	3.55206e-20
19.6376 	0.20071 	0.687314 	3.54368 	3.55206e-20
19.7078 	0.20071 	0.687314 	3.54368 	3.55206e-20
19.7779 	0.20071 	0.687314 	3.54368 	3.55206e-20
19.848 	0.20071 	0.687314 	3.54368 	3.55206e-20
19.9182 	0.152463 	0.715828 	3.56184 	-7.79923e-20
19.9883 	0.152463 	0.715828 	3.56184 	-7.79923e-20
20.0584 	0.245621 	0.691073 	3.49404 	0
20.1286 	0.245621 	0.691073 	3.49404 	0
20.1987 	0.245621 	0.691073 	3.49404 	0
20.2688 	0.195149 	0.716592 	3.52014 	5.92404e-20
20.339 	0.195149 	0.716592 	3.52014 	5.92404e-20
20.4091 	0.195149 	0.716592 	3.52014 	5.92404e-20
20.4792 	0.195149 	0.716592 	3.52014 	5.92404e-20
20.5494 	0.195149 	0.716592 	3.52014 	5.92404e-20
20.6195 	0.145872 	0.749429 	3.54478 	-2.83453e-20
20.6896 	0.145872 	0.749429 	3.54478 	-2.83453e-20
20.7598 	0.145872 	0.749429 	3.54478 	-2.83453e-20
20.8299 	0.145872 	0.749429 	3.54478 	-2.83453e-20
20.9 	0.239275 	0.697958 	3.38879 	3.28527e-19
20.9702 	0.188878 	0.727048 	3.44761 	1.29321e-19
21.0403 	0.188878 	0.727048 	3.44761 	1.29321e-19
21.1105 	0.188878 	0.727048 	3.44761 	1.29321e-19
21.1806 	0.188878 	0.727048 	3.44761 	1.29321e-19
21.2507 	0.188878 	0.727048 	3.44761 	1.29321e-19
21.3209 	0.141403 	0.762918 	3.49479 	-9.03212e-20
21.391 	0.141403 	0.762918 	3.49479 	-9.03212e-20
21.4611 	0.141403 	0.762918 	3.49479 	-9.03212e-20
21.5313 	0.141403 	0.762918 	3.49479 	-9.03212e-20
21.6014 	0.141403 	0.762918 	3.49479 	-9.03212e-20
21.6715 	0.141403 	0.762918 	3.49479 	-9.03212e-20
21.7417 	0.0977698 	0.786176 	3.52077 	1.1931e-20
21.8118 	0.0977698 	0.786176 	3.52077 	1.1931e-20
21.8819 	0.0977698 	0.786176 	3.52077 	1.1931e-20
21.9521 	0.175854 	0.717663 	3.25043 	4.51922e-20
22.0222 	0.175854 	0.717663 	3.25043 	4.51922e-20
22.0923 	0.13812 	0.755066 	3.34316 	1.26341e-19
22.1625 	0.13812 	0.755066 	3.34316 	1.26341e-19
22.2326 	0.13812 	0.755066 	3.34316 	1.26341e-19
22.3027 	0.13812 	0.755066 	3.34316 	1.26341e-19
22.3729 	0.13812 	0.755066 	3.34316 	1.26341e-19
22.443 	0.13812 	0.755066 	3.34316 	1.26341e-19
22.5131 	0.096311 	0.78376 	3.41138 	-3.70792e-20
22.5833 	0.096311 	0.78376 	3.41138 	-3.70792e-20
22.6534 	0.096311 	0.78376 	3.41138 	-3.70792e-20
22.7235 	0.096311 	0.78376 	3.41138 	-3.70792e-20
22.7937 	0.096311 	0.78376 	3.41138 	-3.70792e-20
22.8638 	0.052823 	0.816522 	3.46395 	-5.89803e-20
22.9339 	0.052823 	0.816522 	3.46395 	-5.89803e-20
23.0041 	0.052823 	0.816522 	3.46395 	-5.89803e-20
23.0742 	0.0927149 	0.707566 	2.91506 	1.01029e-19
23.1443 	0.0927149 	0.707566 	2.91506 	1.01029e-19
23.2145 	0.0927149 	0.707566 	2.91506 	1.01029e-19
23.2846 	0.0575892 	0.747705 	3.07734 	5.89567e-21
23.3548 	0.0575892 	0.747705 	3.07734 	5.89567e-21
23.4249 	0.0575892 	0.747705 	3.07734 	5.89567e-21
23.495 	0.0575892 	0.747705 	3.07734 	5.89567e-21
23.5652 	0.0575892 	0.747705 	3.07734 	5.89567e-21
23.6353 	0.0575892 	0.747705 	3.07734 	5.89567e-21
23.7054 	0.0248016 	0.780777 	3.18741 	1.12662e-20
23.7756 	0.0248016 	0.780777 	3.18741 	1.12662e-20
23.8457 	0.0248016 	0.780777 	3.18741 	1.12662e-20
23.9158 	0.0248016 	0.780777 	3.18741 	1.12662e-20
23.986 	0.0248016 	0.780777 	3.18741 	1.12662e-20
24.0561 	0.0248016 	0.780777 	3.18741 	1.12662e-20
24.1262 	-0.00890768 	0.81223 	3.28369 	0
24.1964 	-0.00890768 	0.81223 	3.28369 	0
24.2665 	-0.00890768 	0.81223 	3.28369 	0
24.3366 	-0.00890768 	0.81223 	3.28369 	0
24.4068 	-0.00890768 	0.81223 	3.28369 	0
24.4769 	0.00457337 	0.662833 	2.47294 	1.62751e-20
24.547 	0.00457337 	0.662833 	2.47294 	1.62751e-20
24.6172 	-0.0303654 	0.68474 	2.56924 	-4.36206e-20
24.6873 	-0.0303654 	0.68474 	2.56924 	-4.36206e-20
24.7574 	-0.0303654 	0.68474 	2.56924 	-4.36206e-20
24.8276 	-0.0303654 	0.68474 	2.56924 	-4.36206e-20
24.8977 	-0.0303654 	0.68474 	2.56924 	-4.36206e-20
24.9678 	-0.0303654 	0.68474 	2.56924 	-4.36206e-20
25.038 	-0.0628403 	0.729645 	2.75428 	1.20658e-20
25.1081 	-0.0628403 	0.729645 	2.75428 	1.20658e-20
25.1782 	-0.0628403 	0.729645 	2.75428 	1.20658e-20
25.2484 	-0.0628403 	0.729645 	2.75428 	1.20658e-20
25.3185 	-0.0628403 	0.729645 	2.75428 	1.20658e-20
25.3886 	-0.0628403 	0.729645 	2.75428 	1.20658e-20
25.4588 	-0.0930341 	0.75105 	2.83532 	0
25.5289 	-0.0930341 	0.75105 	2.83532 	0
25.5991 	-0.0930341 	0.75105 	2.83532 	0
25.6692 	-0.0930341 	0.75105 	2.83532 	0
25.7393 	-0.0930341 	0.75105 	2.83532 	0
25.8095 	-0.0930341 	0.75105 	2.83532 	0
25.8796 	-0.0930341 	0.75105 	2.83532 	0
25.9497 	-0.121837 	0.791133 	2.98291 	-8.39956e-20
26.0199 	-0.121837 	0.791133 	2.98291 	-8.39956e-20
26.09 	-0.106575 	0.616091 	2.11514 	-6.48132e-20
26.1601 	-0.106575 	0.616091 	2.11514 	-6.48132e-20
26.2303 	-0.106575 	0.616091 	2.11514 	-6.48132e-20
26.3004 	-0.106575 	0.616091 	2.11514 	-6.48132e-20
26.3705 	-0.106575 	0.616091 	2.11514 	-6.48132e-20
26.4407 	-0.135585 	0.628599 	2.1646 	1.71469e-19
26.5108 	-0.135585 	0.628599 	2.1646 	1.71469e-19
26.5809 	-0.135585 	0.628599 	2.1646 	1.71469e-19
26.6511 	-0.135585 	0.628599 	2.1646 	1.71469e-19
26.7212 	-0.135585 	0.628599 	2.1646 	1.71469e-19
26.7913 	-0.135585 	0.628599 	2.1646 	1.71469e-19
26.8615 	-0.135585 	0.628599 	2.1646 	1.71469e-19
26.9316 	-0.164179 	0.655863 	2.27713 	-1.17664e-19
27.0017 	-0.164179 	0.655863 	2.27713 	-1.17664e-19
27.0719 	-0.164179 	0.655863 	2.27713 	-1.17664e-19
27.142 	-0.164179 	0.655863 	2.27713 	-1.17664e-19
27.2121 	-0.164179 	0.655863 	2.27713 	-1.17664e-19
27.2823 	-0.164179 	0.655863 	2.27713 	-1.17664e-19
27.3524 	-0.192772 	0.666251 	2.32178 	-4.60015e-20
27.4225 	-0.192772 	0.666251 	2.32178 	-4.60015e-20
27.4927 	-0.192772 	0.666251 	2.32178 	-4.60015e-20
27.5628 	-0.192772 	0.666251 	2.32178 	-4.60015e-20
27.6329 	-0.192772 	0.666251 	2.32178 	-4.60015e-20
27.7031 	-0.192772 	0.666251 	2.32178 	-4.60015e-20
27.7732 	-0.192772 	0.666251 	2.32178 	-4.60015e-20
27.8434 	-0.192772 	0.666251 	2.32178 	-4.60015e-20
27.9135 	-0.218444 	0.690346 	2.42383 	-5.49274e-20
27.9836 	-0.218444 	0.690346 	2.42383 	-5.49274e-20
28.0538 	-0.218444 	0.690346 	2.42383 	-5.49274e-20
28.1239 	-0.218444 	0.690346 	2.42383 	-5.49274e-20
28.194 	-0.218444 	0.690346 	2.42383 	-5.49274e-20
28.2642 	-0.218444 	0.690346 	2.42383 	-5.49274e-20
28.3343 	-0.230148 	0.552434 	1.84396 	6.31308e-20
28.4044 	-0.25477 	0.551718 	1.8639 	-1.09731e-19
28.4746 	-0.25477 	0.551718 	1.8639 	-1.09731e-19
28.5447 	-0.25477 	0.551718 	1.8639 	-1.09731e-19
28.6148 	-0.25477 	0.551718 	1.8639 	-1.09731e-19
28.685 	-0.25477 	0.551718 	1.8639 	-1.09731e-19
28.7551 	-0.25477 	0.551718 	1.8639 	-1.09731e-19
28.8252 	-0.25477 	0.551718 	1.8639 	-1.09731e-19
28.8954 	-0.25477 	0.551718 	1.8639 	-1.09731e-19
28.9655 	-0.277022 	0.559293 	1.9086 	-1.30255e-19
29.0356 	-0.277022 	0.559293 	1.9086 	-1.30255e-19
29.1058 	-0.277022 	0.559293 	1.9086 	-1.30255e-19
29.1759 	-0.277022 	0.559293 	1.9086 	-1.30255e-19
29.246 	-0.277022 	0.559293 	1.9086 	-1.30255e-19
29.3162 	-0.277022 	0.559293 	1.9086 	-1.30255e-19
29.3863 	-0.277022 	0.559293 	1.9086 	-1.30255e-19
29.4564 	-0.298188 	0.554681 	1.92136 	1.20928e-19
29.5266 	-0.298188 	0.554681 	1.92136 	1.20928e-19
29.5967 	-0.298188 	0.554681 	1.92136 	1.20928e-19
29.6668 	-0.298188 	0.554681 	1.92136 	1.20928e-19
29.737 	-0.298188 	0.554681 	1.92136 	1.20928e-19
29.8071 	-0.298188 	0.554681 	1.92136 	1.20928e-19
29.8773 	-0.298188 	0.554681 	1.92136 	1.20928e-19
29.9474 	-0.298188 	0.554681 	1.92136 	1.20928e-19
30.0175 	-0.317442 	0.555957 	1.9535 	-1.37757e-19
30.0877 	-0.317442 	0.555957 	1.9535 	-1.37757e-19
30.1578 	-0.317442 	0.555957 	1.9535 	-1.37757e-19
30.2279 	-0.317442 	0.555957 	1.9535 	-1.37757e-19
30.2981 	-0.317442 	0.555957 	1.9535 	-1.37757e-19
30.3682 	-0.317442 	0.555957 	1.9535 	-1.37757e-19
30.4383 	-0.317442 	0.555957 	1.9535 	-1.37757e-19
30.5085 	-0.317442 	0.555957 	1.9535 	-1.37757e-19
30.5786 	-0.337528 	0.547727 	1.95707 	2.61365e-19
30.6487 	-0.337528 	0.547727 	1.95707 	2.61365e-19
30.7189 	-0.337528 	0.547727 	1.95707 	2.61365e-19
30.789 	-0.337528 	0.547727 	1.95707 	2.61365e-19
30.8591 	-0.337528 	0.547727 	1.95707 	2.61365e-19
30.9293 	-0.337528 	0.547727 	1.95707 	2.61365e-19
30.9994 	-0.337528 	0.547727 	1.95707 	2.61365e-19
31.0695 	-0.337528 	0.547727 	1.95707 	2.61365e-19
31.1397 	-0.356824 	0.541825 	1.97571 	-1.32066e-19
31.2098 	-0.356824 	0.541825 	1.97571 	-1.32066e-19
31.2799 	-0.356824 	0.541825 	1.97571 	-1.32066e-19
31.3501 	-0.356824 	0.541825 	1.97571 	-1.32066e-19
31.4202 	-0.356824 	0.541825 	1.97571 	-1.32066e-19
31.4903 	-0.356824 	0.541825 	1.97571 	-1.32066e-19
31.5605 	-0.376398 	0.49999 	1.75698 	2.30787e-19
31.6306 	-0.376398 	0.49999 	1.75698 	2.30787e-19
31.7007 	-0.39323 	0.496325 	1.76173 	-7.40605e-20
31.7709 	-0.39323 	0.496325 	1.76173 	-7.40605e-20
31.841 	-0.39323 	0.496325 	1.76173 	-7.40605e-20
31.9111 	-0.39323 	0.496325 	1.76173 	-7.40605e-20
31.9813 	-0.39323 	0.496325 	1.76173 	-7.40605e-20
32.0514 	-0.39323 	0.496325 	1.76173 	-7.40605e-20
32.1216 	-0.39323 	0.496325 	1.76173 	-7.40605e-20
32.1917 	-0.39323 	0.496325 	1.76173 	-7.40605e-20
32.2618 	-0.39323 	0.496325 	1.76173 	-7.40605e-20
32.332 	-0.409033 	0.494419 	1.77292 	0
32.4021 	-0.409033 	0.494419 	1.77292 	0
32.4722 	-0.409033 	0.494419 	1.77292 	0
32.5424 	-0.409033 	0.494419 	1.77292 	0
32.6125 	-0.409033 	0.494419 	1.77292 	0
32.6826 	-0.409033 	0.494419 	1.77292 	0
32.7528 	-0.409033 	0.494419 	1.77292 	0
32.8229 	-0.409033 	0.494419 	1.77292 	0
32.893 	-0.409033 	0.494419 	1.77292 	0
32.9632 	-0.423364 	0.491521 	1.7742 	0
33.0333 	-0.423364 	0.491521 	1.7742 	0
33.1034 	-0.423364 	0.491521 	1.7742 	0
33.1736 	-0.423364 	0.491521 	1.7742 	0
33.2437 	-0.423364 	0.491521 	1.7742 	0
33.3138 	-0.423364 	0.491521 	1.7742 	0
33.384 	-0.423364 	0.491521 	1.7742 	0
33.4541 	-0.423364 	0.491521 	1.7742 	0
33.5242 	-0.423364 	0.491521 	1.7742 	0
33.5944 	-0.435261 	0.489312 	1.7767 	3.90588e-20
33.6645 	-0.435261 	0.489312 	1.7767 	3.90588e-20
33.7346 	-0.435261 	0.489312 	1.7767 	3.90588e-20
33.8048 	-0.435261 	0.489312 	1.7767 	3.90588e-20
33.8749 	-0.435261 	0.489312 	1.7767 	3.90588e-20
33.945 	-0.435261 	0.489312 	1.7767 	3.90588e-20
34.0152 	-0.435261 	0.489312 	1.7767 	3.90588e-20
34.0853 	-0.435261 	0.489312 	1.7767 	3.90588e-20
34.1554 	-0.435261 	0.489312 	1.7767 	3.90588e-20
34.2256 	-0.442772 	0.488698 	1.77126 	-3.60847e-20
34.2957 	-0.442772 	0.488698 	1.77126 	-3.60847e-20
34.3659 	-0.442772 	0.488698 	1.77126 	-3.60847e-20
34.436 	-0.442772 	0.488698 	1.77126 	-3.60847e-20
34.5061 	-0.442772 	0.488698 	1.77126 	-3.60847e-20
34.5763 	-0.442772 	0.488698 	1.77126 	-3.60847e-20
34.6464 	-0.442772 	0.488698 	1.77126 	-3.60847e-20
34.7165 	-0.442772 	0.488698 	1.77126 	-3.60847e-20
34.7867 	-0.442772 	0.488698 	1.77126 	-3.60847e-20
34.8568 	-0.442772 	0.488698 	1.77126 	-3.60847e-20
34.9269 	-0.444138 	0.488516 	1.76326 	7.35374e-20
34.9971 	-0.444138 	0.488516 	1.76326 	7.35374e-20
35.0672 	-0.444138 	0.488516 	1.76326 	7.35374e-20
35.1373 	-0.444138 	0.488516 	1.76326 	7.35374e-20
35.2075 	-0.444138 	0.488516 	1.76326 	7.35374e-20
35.2776 	-0.444138 	0.488516 	1.76326 	7.35374e-20
35.3477 	-0.444138 	0.488516 	1.76326 	7.35374e-20
35.4179 	-0.444138 	0.488516 	1.76326 	7.35374e-20
35.488 	-0.444138 	0.488516 	1.76326 	7.35374e-20
35.5581 	-0.444138 	0.488516 	1.76326 	7.35374e-20
35.6283 	-0.440845 	0.482367 	1.75151 	-1.7316e-20
35.6984 	-0.440845 	0.482367 	1.75151 	-1.7316e-20
35.7685 	-0.440845 	0.482367 	1.75151 	-1.7316e-20
35.8387 	-0.440845 	0.482367 	1.75151 	-1.7316e-20
35.9088 	-0.440845 	0.482367 	1.75151 	-1.7316e-20
35.9789 	-0.440845 	0.482367 	1.75151 	-1.7316e-20
36.0491 	-0.440845 	0.482367 	1.75151 	-1.7316e-20
36.1192 	-0.440845 	0.482367 	1.75151 	-1.7316e-20
36.1893 	-0.440845 	0.482367 	1.75151 	-1.7316e-20
36.2595 	-0.440845 	0.482367 	1.75151 	-1.7316e-20
36.3296 	-0.434484 	0.47156 	1.7418 	1.67021e-20
36.3997 	-0.434484 	0.47156 	1.7418 	1.67021e-20
36.4699 	-0.434484 	0.47156 	1.7418 	1.67021e-20
36.54 	-0.434484 	0.47156 	1.7418 	1.67021e-20
36.6102 	-0.434484 	0.47156 	1.7418 	1.67021e-20
36.6803 	-0.434484 	0.47156 	1.7418 	1.67021e-20
36.7504 	-0.434484 	0.47156 	1.7418 	1.67021e-20
36.8206 	-0.434484 	0.47156 	1.7418 	1.67021e-20
36.8907 	-0.434484 	0.47156 	1.7418 	1.67021e-20
36.9608 	-0.434484 	0.47156 	1.7418 	1.67021e-20
37.031 	-0.434484 	0.47156 	1.7418 	1.67021e-20
37.1011 	-0.428254 	0.4582 	1.73421 	0
37.1712 	-0.428254 	0.4582 	1.73421 	0
37.2414 	-0.428254 	0.4582 	1.73421 	0
37.3115 	-0.428254 	0.4582 	1.73421 	0
37.3816 	-0.428254 	0.4582 	1.73421 	0
37.4518 	-0.428254 	0.4582 	1.73421 	0
37.5219 	-0.428254 	0.4582 	1.73421 	0
37.592 	-0.428254 	0.4582 	1.73421 	0
37.6622 	-0.422784 	0.443641 	1.72876 	0
37.7323 	-0.422784 	0.443641 	1.72876 	0
37.8024 	-0.422784 	0.443641 	1.72876 	0
37.8726 	-0.422784 	0.443641 	1.72876 	0
37.9427 	-0.422784 	0.443641 	1.72876 	0
38.0128 	-0.422784 	0.443641 	1.72876 	0
38.083 	-0.422784 	0.443641 	1.72876 	0
38.1531 	-0.422784 	0.443641 	1.72876 	0
38.2232 	-0.422784 	0.443641 	1.72876 	0
38.2934 	-0.415425 	0.429208 	1.72243 	0
38.3635 	-0.415425 	0.429208 	1.72243 	0
38.4336 	-0.415425 	0.429208 	1.72243 	0
38.5038 	-0.415425 	0.429208 	1.72243 	0
38.5739 	-0.415425 	0.429208 	1.72243 	0
38.644 	-0.415425 	0.429208 	1.72243 	0
38.7142 	-0.415425 	0.429208 	1.72243 	0
38.7843 	-0.415425 	0.429208 	1.72243 	0
38.8545 	-0.415425 	0.429208 	1.72243 	0
38.9246 	-0.404612 	0.414456 	1.71499 	0
38.9947 	-0.404612 	0.414456 	1.71499 	0
39.0649 	-0.404612 	0.414456 	1.71499 	0
39.135 	-0.404612 	0.414456 	1.71499 	0
39.2051 	-0.404612 	0.414456 	1.71499 	0
39.2753 	-0.404612 	0.414456 	1.71499 	0
39.3454 	-0.404612 	0.414456 	1.71499 	0
39.4155 	-0.404612 	0.414456 	1.71499 	0
39.4857 	-0.404612 	0.414456 	1.71499 	0
39.5558 	-0.391269 	0.397992 	1.70652 	0
39.6259 	-0.391269 	0.397992 	1.70652 	0
39.6961 	-0.391269 	0.397992 	1.70652 	0
39.7662 	-0.391269 	0.397992 	1.70652 	0
39.8363 	-0.391269 	0.397992 	1.70652 	0
39.9065 	-0.391269 	0.397992 	1.70652 	0
39.9766 	-0.391269 	0.397992 	1.70652 	0
40.0467 	-0.391269 	0.397992 	1.70652 	0
40.1169 	-0.377539 	0.377663 	1.69965 	0
40.187 	-0.377539 	0.377663 	1.69965 	0
40.2571 	-0.377539 	0.377663 	1.69965 	0
40.3273 	-0.377539 	0.377663 	1.69965 	0
40.3974 	-0.377539 	0.377663 	1.69965 	0
40.4675 	-0.377539 	0.377663 	1.69965 	0
40.5377 	-0.377539 	0.377663 	1.69965 	0
40.6078 	-0.377539 	0.377663 	1.69965 	0
40.6779 	-0.377539 	0.377663 	1.69965 	0
40.7481 	-0.365611 	0.355094 	1.69662 	0
40.8182 	-0.365611 	0.355094 	1.69662 	0
40.8883 	-0.365611 	0.355094 	1.69662 	0
40.9585 	-0.365611 	0.355094 	1.69662 	0
41.0286 	-0.365611 	0.355094 	1.69662 	0
41.0988 	-0.365611 	0.355094 	1.69662 	0
41.1689 	-0.365611 	0.355094 	1.69662 	0
41.239 	-0.365611 	0.355094 	1.69662 	0
41.3092 	-0.365611 	0.355094 	1.69662 	0
41.3793 	-0.354891 	0.33111 	1.69611 	0
41.4494 	-0.354891 	0.33111 	1.69611 	0
41.5196 	-0.354891 	0.33111 	1.69611 	0
41.5897 	-0.354891 	0.33111 	1.69611 	0
41.6598 	-0.354891 	0.33111 	1.69611 	0
41.73 	-0.354891 	0.33111 	1.69611 	0
41.8001 	-0.354891 	0.33111 	1.69611 	0
41.8702 	-0.354891 	0.33111 	1.69611 	0
41.9404 	-0.354891 	0.33111 	1.69611 	0
42.0105 	-0.343652 	0.306273 	1.69494 	0
42.0806 	-0.343652 	0.306273 	1.69494 	0
42.1508 	-0.343652 	0.306273 	1.69494 	0
42.2209 	-0.343652 	0.306273 	1.69494 	0
42.291 	-0.343652 	0.306273 	1.69494 	0
42.3612 	-0.343652 	0.306273 	1.69494 	0
42.4313 	-0.343652 	0.306273 	1.69494 	0
42.5014 	-0.343652 	0.306273 	1.69494 	0
42.5716 	-0.343652 	0.306273 	1.69494 	0
42.6417 	-0.332997 	0.281814 	1.69376 	0
42.7118 	-0.332997 	0.281814 	1.69376 	0
42.782 	-0.332997 	0.281814 	1.69376 	0
42.8521 	-0.332997 	0.281814 	1.69376 	0
42.9222 	-0.332997 	0.281814 	1.69376 	0
42.9924 	-0.332997 	0.281814 	1.69376 	0
43.0625 	-0.332997 	0.281814 	1.69376 	0
43.1327 	-0.332997 	0.281814 	1.69376 	0
43.2028 	-0.325585 	0.257769 	1.69441 	0
43.2729 	-0.325585 	0.257769 	1.69441 	0
43.3431 	-0.325585 	0.257769 	1.69441 	0
43.4132 	-0.325585 	0.257769 	1.69441 	0
43.4833 	-0.325585 	0.257769 	1.69441 	0
43.5535 	-0.325585 	0.257769 	1.69441 	0
43.6236 	-0.325585 	0.257769 	1.69441 	0
43.6937 	-0.325585 	0.257769 	1.69441 	0
43.7639 	-0.325585 	0.257769 	1.69441 	0
43.834 	-0.322144 	0.233659 	1.69762 	0
43.9041 	-0.322144 	0.233659 	1.69762 	0
43.9743 	-0.322144 	0.233659 	1.69762 	0
44.0444 	-0.322144 	0.233659 	1.69762 	0
44.1145 	-0.322144 	0.233659 	1.69762 	0
44.1847 	-0.322144 	0.233659 	1.69762 	0
44.2548 	-0.322144 	0.233659 	1.69762 	0
44.3249 	-0.322144 	0.233659 	1.69762 	0
44.3951 	-0.322144 	0.233659 	1.69762 	0
44.4652 	-0.321737 	0.209467 	1.70254 	0
44.5353 	-0.321737 	0.209467 	1.70254 	0
44.6055 	-0.321737 	0.209467 	1.70254 	0
44.6756 	-0.321737 	0.209467 	1.70254 	0
44.7457 	-0.321737 	0.209467 	1.70254 	0
44.8159 	-0.321737 	0.209467 	1.70254 	0
44.886 	-0.321737 	0.209467 	1.70254 	0
44.9561 	-0.321737 	0.209467 	1.70254 	0
45.0263 	-0.321737 	0.209467 	1.70254 	0
45.0964 	-0.323227 	0.185576 	1.70821 	0
45.1665 	-0.323227 	0.185576 	1.70821 	0
45.2367 	-0.323227 	0.185576 	1.70821 	0
45.3068 	-0.323227 	0.185576 	1.70821 	0
45.377 	-0.323227 	0.185576 	1.70821 	0
45.4471 	-0.323227 	0.185576 	1.70821 	0
45.5172 	-0.323227 	0.185576 	1.70821 	0
45.5874 	-0.323227 	0.185576 	1.70821 	0
45.6575 	-0.326062 	0.161947 	1.71381 	0
45.7276 	-0.326062 	0.161947 	1.71381 	0
45.7978 	-0.326062 	0.161947 	1.71381 	0
45.8679 	-0.326062 	0.161947 	1.71381 	0
45.938 	-0.326062 	0.161947 	1.71381 	0
46.0082 	-0.326062 	0.161947 	1.71381 	0
46.0783 	-0.326062 	0.161947 	1.71381 	0
46.1484 	-0.326062 	0.161947 	1.71381 	0
46.2186 	-0.326062 	0.161947 	1.71381 	0
46.2887 	-0.329953 	0.138921 	1.71955 	0
46.3588 	-0.329953 	0.138921 	1.71955 	0
46.429 	-0.329953 	0.138921 	1.71955 	0
46.4991 	-0.329953 	0.138921 	1.71955 	0
46.5692 	-0.329953 	0.138921 	1.71955 	0
46.6394 	-0.329953 	0.138921 	1.71955 	0
46.7095 	-0.329953 	0.138921 	1.71955 	0
46.7796 	-0.277366 	0.132686 	1.68963 	0
46.8498 	-0.277366 	0.132686 	1.68963 	0
46.9199 	-0.281433 	0.111579 	1.69245 	0
46.99 	-0.281433 	0.111579 	1.69245 	0
47.0602 	-0.281433 	0.111579 	1.69245 	0
47.1303 	-0.281433 	0.111579 	1.69245 	0
47.2004 	-0.281433 	0.111579 	1.69245 	0
47.2706 	-0.281433 	0.111579 	1.69245 	0
47.3407 	-0.281433 	0.111579 	1.69245 	0
47.4108 	-0.281433 	0.111579 	1.69245 	0
47.481 	-0.281433 	0.111579 	1.69245 	0
47.5511 	-0.285065 	0.0906463 	1.69359 	0
47.6213 	-0.285065 	0.0906463 	1.69359 	0
47.6914 	-0.285065 	0.0906463 	1.69359 	0
47.7615 	-0.285065 	0.0906463 	1.69359 	0
47.8317 	-0.285065 	0.0906463 	1.69359 	0
47.9018 	-0.285065 	0.0906463 	1.69359 	0
47.9719 	-0.285065 	0.0906463 	1.69359 	0
48.0421 	-0.285065 	0.0906463 	1.69359 	0
48.1122 	-0.285065 	0.0906463 	1.69359 	0
48.1823 	-0.288793 	0.0702224 	1.69369 	0
48.2525 	-0.288793 	0.0702224 	1.69369 	0
48.3226 	-0.288793 	0.0702224 	1.69369 	0
48.3927 	-0.288793 	0.0702224 	1.69369 	0
48.4629 	-0.288793 	0.0702224 	1.69369 	0
48.533 	-0.288793 	0.0702224 	1.69369 	0
48.6031 	-0.288793 	0.0702224 	1.69369 	0
48.6733 	-0.288793 	0.0702224 	1.69369 	0
48.7434 	-0.291855 	0.0505672 	1.69239 	0
48.8135 	-0.291855 	0.0505672 	1.69239 	0
48.8837 	-0.291855 	0.0505672 	1.69239 	0
48.9538 	-0.291855 	0.0505672 	1.69239 	0
49.0239 	-0.291855 	0.0505672 	1.69239 	0
49.0941 	-0.291855 	0.0505672 	1.69239 	0
49.1642 	-0.291855 	0.0505672 	1.69239 	0
49.2343 	-0.291855 	0.0505672 	1.69239 	0
49.3045 	-0.291855 	0.0505672 	1.69239 	0
49.3746 	-0.292321 	0.0304365 	1.68814 	0
49.4447 	-0.292321 	0.0304365 	1.68814 	0
49.5149 	-0.292321 	0.0304365 	1.68814 	0
49.585 	-0.292321 	0.0304365 	1.68814 	0
49.6551 	-0.292321 	0.0304365 	1.68814 	0
49.7253 	-0.292321 	0.0304365 	1.68814 	0
49.7954 	-0.292321 	0.0304365 	1.68814 	0
49.8656 	-0.292321 	0.0304365 	1.68814 	0
49.9357 	-0.292321 	0.0304365 	1.68814 	0
50.0058 	-0.289007 	0.0105519 	1.67961 	0
50.076 	-0.289007 	0.0105519 	1.67961 	0
50.1461 	-0.289007 	0.0105519 	1.67961 	0
50.2162 	-0.289007 	0.0105519 	1.67961 	0
50.2864 	-0.289007 	0.0105519 	1.67961 	0
50.3565 	-0.289007 	0.0105519 	1.67961 	0
50.4266 	-0.289007 	0.0105519 	1.67961 	0
50.4968 	-0.289007 	0.0105519 	1.67961 	0
50.5669 	-0.289007 	0.0105519 	1.67961 	0
50.637 	-0.28183 	-0.0077088 	1.66772 	0
50.7072 	-0.28183 	-0.0077088 	1.66772 	0
50.7773 	-0.28183 	-0.0077088 	1.66772 	0
50.8474 	-0.28183 	-0.0077088 	1.66772 	0
50.9176 	-0.28183 	-0.0077088 	1.66772 	0
50.9877 	-0.28183 	-0.0077088 	1.66772 	0
51.0578 	-0.28183 	-0.0077088 	1.66772 	0
51.128 	-0.28183 	-0.0077088 	1.66772 	0
51.1981 	-0.28183 	-0.0077088 	1.66772 	0
51.2682 	-0.271224 	-0.0244301 	1.65268 	0
51.3384 	-0.271224 	-0.0244301 	1.65268 	0
51.4085 	-0.271224 	-0.0244301 	1.65268 	0
51.4786 	-0.271224 	-0.0244301 	1.65268 	0
51.5488 	-0.271224 	-0.0244301 	1.65268 	0
51.6189 	-0.271224 	-0.0244301 	1.65268 	0
51.689 	-0.271224 	-0.0244301 	1.65268 	0
51.7592 	-0.271224 	-0.0244301 	1.65268 	0
51.8293 	-0.257034 	-0.0401872 	1.63462 	0
51.8994 	-0.257034 	-0.0401872 	1.63462 	0
51.9696 	-0.257034 	-0.0401872 	1.63462 	0
52.0397 	-0.257034 	-0.0401872 	1.63462 	0
52.1099 	-0.257034 	-0.0401872 	1.63462 	0
52.18 	-0.257034 	-0.0401872 	1.63462 	0
52.2501 	-0.257034 	-0.0401872 	1.63462 	0
52.3203 	-0.257034 	-0.0401872 	1.63462 	0
52.3904 	-0.257034 	-0.0401872 	1.63462 	0
52.4605 	-0.239641 	-0.0535717 	1.61322 	0
52.5307 	-0.239641 	-0.0535717 	1.61322 	0
52.6008 	-0.239641 	-0.0535717 	1.61322 	0
52.6709 	-0.239641 	-0.0535717 	1.61322 	0
52.7411 	-0.239641 	-0.0535717 	1.61322 	0
52.8112 	-0.239641 	-0.0535717 	1.61322 	0
52.8813 	-0.239641 	-0.0535717 	1.61322 	0
52.9515 	-0.239641 	-0.0535717 	1.61322 	0
53.0216 	-0.239641 	-0.0535717 	1.61322 	0
53.0917 	-0.219932 	-0.0651373 	1.59016 	0
53.1619 	-0.219932 	-0.0651373 	1.59016 	0
53.232 	-0.219932 	-0.0651373 	1.59016 	0
53.3021 	-0.219932 	-0.0651373 	1.59016 	0
53.3723 	-0.219932 	-0.0651373 	1.59016 	0
53.4424 	-0.219932 	-0.0651373 	1.59016 	0
53.5125 	-0.219932 	-0.0651373 	1.59016 	0
53.5827 	-0.219932 	-0.0651373 	1.59016 	0
53.6528 	-0.219932 	-0.0651373 	1.59016 	0
53.7229 	-0.198813 	-0.0743944 	1.56605 	0
53.7931 	-0.198813 	-0.0743944 	1.56605 	0
53.8632 	-0.198813 	-0.0743944 	1.56605 	0
53.9333 	-0.198813 	-0.0743944 	1.56605 	0
54.0035 	-0.198813 	-0.0743944 	1.56605 	0
54.0736 	-0.198813 	-0.0743944 	1.56605 	0
54.1437 	-0.198813 	-0.0743944 	1.56605 	0
54.2139 	-0.198813 	-0.0743944 	1.56605 	0
54.284 	-0.177102 	-0.0829143 	1.5418 	0
54.3542 	-0.177102 	-0.0829143 	1.5418 	0
54.4243 	-0.177102 	-0.0829143 	1.5418 	0
54.4944 	-0.177102 	-0.0829143 	1.5418 	0
54.5646 	-0.177102 	-0.0829143 	1.5418 	0
54.6347 	-0.177102 	-0.0829143 	1.5418 	0
54.7048 	-0.177102 	-0.0829143 	1.5418 	0
54.775 	-0.177102 	-0.0829143 	1.5418 	0
54.8451 	-0.177102 	-0.0829143 	1.5418 	0
54.9152 	-0.155064 	-0.0896863 	1.51915 	0
54.9854 	-0.155064 	-0.0896863 	1.51915 	0
55.0555 	-0.155064 	-0.0896863 	1.51915 	0
55.1256 	-0.155064 	-0.0896863 	1.51915 	0
55.1958 	-0.155064 	-0.0896863 	1.51915 	0
55.2659 	-0.155064 	-0.0896863 	1.51915 	0
55.336 	-0.155064 	-0.0896863 	1.51915 	0
55.4062 	-0.155064 	-0.0896863 	1.51915 	0
55.4763 	-0.155064 	-0.0896863 	1.51915 	0
55.5464 	-0.132854 	-0.0960837 	1.49786 	0
55.6166 	-0.132854 	-0.0960837 	1.49786 	0
55.6867 	-0.132854 	-0.0960837 	1.49786 	0
55.7568 	-0.132854 	-0.0960837 	1.49786 	0
55.827 	-0.132854 	-0.0960837 	1.49786 	0
55.8971 	-0.132854 	-0.0960837 	1.49786 	0
55.9672 	-0.132854 	-0.0960837 	1.49786 	0
56.0374 	-0.132854 	-0.0960837 	1.49786 	0
56.1075 	-0.132854 	-0.0960837 	1.49786 	0
56.1776 	-0.110438 	-0.100795 	1.4808 	0
56.2478 	-0.110438 	-0.100795 	1.4808 	0
56.3179 	-0.110438 	-0.100795 	1.4808 	0
56.3881 	-0.110438 	-0.100795 	1.4808 	0
56.4582 	-0.110438 	-0.100795 	1.4808 	0
56.5283 	-0.110438 	-0.100795 	1.4808 	0
56.5985 	-0.110438 	-0.100795 	1.4808 	0
56.6686 	-0.110438 	-0.100795 	1.4808 	0
56.7387 	-0.110438 	-0.100795 	1.4808 	0
56.8089 	-0.0879352 	-0.104487 	1.46612 	0
56.879 	-0.0879352 	-0.104487 	1.46612 	0
56.9491 	-0.0879352 	-0.104487 	1.46612 	0
57.0193 	-0.0879352 	-0.104487 	1.46612 	0
57.0894 	-0.0879352 	-0.104487 	1.46612 	0
57.1595 	-0.0879352 	-0.104487 	1.46612 	0
57.2297 	-0.0879352 	-0.104487 	1.46612 	0
57.2998 	-0.0879352 	-0.104487 	1.46612 	0
57.3699 	-0.065765 	-0.106264 	1.45685 	0
57.4401 	-0.065765 	-0.106264 	1.45685 	0
57.5102 	-0.065765 	-0.106264 	1.45685 	0
57.5803 	-0.065765 	-0.106264 	1.45685 	0
57.6505 	-0.065765 	-0.106264 	1.45685 	0
57.7206 	-0.065765 	-0.106264 	1.45685 	0
57.7907 	-0.065765 	-0.106264 	1.45685 	0
57.8609 	-0.065765 	-0.106264 	1.45685 	0
57.931 	-0.065765 	-0.106264 	1.45685 	0
58.0011 	-0.0439988 	-0.105468 	1.44921 	0
58.0713 	-0.0439988 	-0.105468 	1.44921 	0
58.1414 	-0.0439988 	-0.105468 	1.44921 	0
58.2115 	-0.0439988 	-0.105468 	1.44921 	0
58.2817 	-0.0439988 	-0.105468 	1.44921 	0
58.3518 	-0.0439988 	-0.105468 	1.44921 	0
58.4219 	-0.0439988 	-0.105468 	1.44921 	0
58.4921 	-0.0439988 	-0.105468 	1.44921 	0
58.5622 	-0.0439988 	-0.105468 	1.44921 	0
58.6324 	-0.023323 	-0.103513 	1.44597 	0
58.7025 	-0.023323 	-0.103513 	1.44597 	0
58.7726 	-0.023323 	-0.103513 	1.44597 	0
58.8428 	-0.023323 	-0.103513 	1.44597 	0
58.9129 	-0.023323 	-0.103513 	1.44597 	0
58.983 	-0.023323 	-0.103513 	1.44597 	0
59.0532 	-0.023323 	-0.103513 	1.44597 	0
59.1233 	-0.023323 	-0.103513 	1.44597 	0
59.1934 	-0.023323 	-0.103513 	1.44597 	0
59.2636 	-0.00381763 	-0.0980233 	1.44503 	0
59.3337 	-0.00381763 	-0.0980233 	1.44503 	0
59.4038 	-0.00381763 	-0.0980233 	1.44503 	0
59.474 	-0.00381763 	-0.0980233 	1.44503 	0
59.5441 	-0.00381763 	-0.0980233 	1.44503 	0
59.6142 	-0.00381763 	-0.0980233 	1.44503 	0
59.6844 	-0.00381763 	-0.0980233 	1.44503 	0
59.7545 	-0.00381763 	-0.0980233 	1.44503 	0
59.8246 	0.0135106 	-0.0912545 	1.44524 	0
59.8948 	0.0135106 	-0.0912545 	1.44524 	0
59.9649 	0.0135106 	-0.0912545 	1.44524 	0
60.035 	0.0135106 	-0.0912545 	1.44524 	0
60.1052 	0.0135106 	-0.0912545 	1.44524 	0
60.1753 	0.0135106 	-0.0912545 	1.44524 	0
60.2454 	0.0135106 	-0.0912545 	1.44524 	0
60.3156 	0.0135106 	-0.0912545 	1.44524 	0
60.3857 	0.0135106 	-0.0912545 	1.44524 	0
60.4558 	0.0280019 	-0.0819764 	1.44718 	0
60.526 	0.0280019 	-0.0819764 	1.44718 	0
60.5961 	0.0280019 	-0.0819764 	1.44718 	0
60.6662 	0.0280019 	-0.0819764 	1.44718 	0
60.7364 	0.0280019 	-0.0819764 	1.44718 	0
60.8065 	0.0280019 	-0.0819764 	1.44718 	0
60.8767 	0.0280019 	-0.0819764 	1.44718 	0
60.9468 	0.0280019 	-0.0819764 	1.44718 	0
61.0169 	0.0280019 	-0.0819764 	1.44718 	0
61.0871 	0.0396475 	-0.0722482 	1.44721 	0
61.1572 	0.0396475 	-0.0722482 	1.44721 	0
61.2273 	0.0396475 	-0.0722482 	1.44721 	0
61.2975 	0.0396475 	-0.0722482 	1.44721 	0
61.3676 	0.0396475 	-0.0722482 	1.44721 	0
61.4377 	0.0396475 	-0.0722482 	1.44721 	0
61.5079 	0.0396475 	-0.0722482 	1.44721 	0
61.578 	0.0396475 	-0.0722482 	1.44721 	0
61.6481 	0.0396475 	-0.0722482 	1.44721 	0
61.7183 	0.0482864 	-0.0625983 	1.45003 	0
61.7884 	0.0482864 	-0.0625983 	1.45003 	0
61.8585 	0.0482864 	-0.0625983 	1.45003 	0
61.9287 	0.0482864 	-0.0625983 	1.45003 	0
61.9988 	0.0482864 	-0.0625983 	1.45003 	0
62.0689 	0.0482864 	-0.0625983 	1.45003 	0
62.1391 	0.0482864 	-0.0625983 	1.45003 	0
62.2092 	0.0482864 	-0.0625983 	1.45003 	0
62.2793 	0.0482864 	-0.0625983 	1.45003 	0
62.3495 	0.0543032 	-0.0509855 	1.44954 	0
62.4196 	0.0543032 	-0.0509855 	1.44954 	0
62.4897 	0.0543032 	-0.0509855 	1.44954 	0
62.5599 	0.0543032 	-0.0509855 	1.44954 	0
62.63 	0.0543032 	-0.0509855 	1.44954 	0
62.7001 	0.0543032 	-0.0509855 	1.44954 	0
62.7703 	0.0543032 	-0.0509855 	1.44954 	0
62.8404 	0.0543032 	-0.0509855 	1.44954 	0
62.9105 	0.0576193 	-0.0420981 	1.45037 	0
62.9807 	0.0576193 	-0.0420981 	1.45037 	0
63.0508 	0.0576193 	-0.0420981 	1.45037 	0
63.121 	0.0576193 	-0.0420981 	1.45037 	0
63.1911 	0.0576193 	-0.0420981 	1.45037 	0
63.2612 	0.0576193 	-0.0420981 	1.45037 	0
63.3314 	0.0576193 	-0.0420981 	1.45037 	0
63.4015 	0.0576193 	-0.0420981 	1.45037 	0
63.4716 	0.0576193 	-0.0420981 	1.45037 	0
63.5418 	0.0586257 	-0.0300006 	1.44923 	0
63.6119 	0.0586257 	-0.0300006 	1.44923 	0
63.682 	0.0586257 	-0.0300006 	1.44923 	0
63.7522 	0.0586257 	-0.0300006 	1.44923 	0
63.8223 	0.0586257 	-0.0300006 	1.44923 	0
63.8924 	0.0586257 	-0.0300006 	1.44923 	0
63.9626 	0.0586257 	-0.0300006 	1.44923 	0
64.0327 	0.0586257 	-0.0300006 	1.44923 	0
64.1028 	0.0586257 	-0.0300006 	1.44923 	0
64.173 	0.0572411 	-0.0216004 	1.44627 	0
64.2431 	0.0572411 	-0.0216004 	1.44627 	0
64.3132 	0.0572411 	-0.0216004 	1.44627 	0
64.3834 	0.0572411 	-0.0216004 	1.44627 	0
64.4535 	0.0572411 	-0.0216004 	1.44627 	0
64.5236 	0.0572411 	-0.0216004 	1.44627 	0
64.5938 	0.0572411 	-0.0216004 	1.44627 	0
64.6639 	0.0572411 	-0.0216004 	1.44627 	0
64.734 	0.0572411 	-0.0216004 	1.44627 	0
64.8042 	0.0538556 	-0.0107167 	1.44463 	0
64.8743 	0.0538556 	-0.0107167 	1.44463 	0
64.9444 	0.0538556 	-0.0107167 	1.44463 	0
65.0146 	0.0538556 	-0.0107167 	1.44463 	0
65.0847 	0.0538556 	-0.0107167 	1.44463 	0
65.1548 	0.0538556 	-0.0107167 	1.44463 	0
65.225 	0.0538556 	-0.0107167 	1.44463 	0
65.2951 	0.0610837 	-0.00171393 	1.49098 	0
65.3653 	0.0610837 	-0.00171393 	1.49098 	0
65.4354 	0.0553946 	0.00760904 	1.48112 	0
65.5055 	0.0553946 	0.00760904 	1.48112 	0
65.5757 	0.0553946 	0.00760904 	1.48112 	0
65.6458 	0.0553946 	0.00760904 	1.48112 	0
65.7159 	0.0553946 	0.00760904 	1.48112 	0
65.7861 	0.0553946 	0.00760904 	1.48112 	0
65.8562 	0.0553946 	0.00760904 	1.48112 	0
65.9263 	0.0553946 	0.00760904 	1.48112 	0
65.9965 	0.0477179 	0.0164886 	1.47692 	0
66.0666 	0.0477179 	0.0164886 	1.47692 	0
66.1367 	0.0477179 	0.0164886 	1.47692 	0
66.2069 	0.0477179 	0.0164886 	1.47692 	0
66.277 	0.0477179 	0.0164886 	1.47692 	0
66.3471 	0.0477179 	0.0164886 	1.47692 	0
66.4173 	0.0477179 	0.0164886 	1.47692 	0
66.4874 	0.0477179 	0.0164886 	1.47692 	0
66.5575 	0.0477179 	0.0164886 	1.47692 	0
66.6277 	0.0390728 	0.0248144 	1.46301 	0
66.6978 	0.0390728 	0.0248144 	1.46301 	0
66.7679 	0.0390728 	0.0248144 	1.46301 	0
66.8381 	0.0390728 	0.0248144 	1.46301 	0
66.9082 	0.0390728 	0.0248144 	1.46301 	0
66.9783 	0.0390728 	0.0248144 	1.46301 	0
67.0485 	0.0390728 	0.0248144 	1.46301 	0
67.1186 	0.0390728 	0.0248144 	1.46301 	0
67.1887 	0.0390728 	0.0248144 	1.46301 	0
67.2589 	0.0284348 	0.0251597 	1.45601 	0
67.329 	0.0284348 	0.0251597 	1.45601 	0
67.3991 	0.0284348 	0.0251597 	1.45601 	0
67.4693 	0.0284348 	0.0251597 	1.45601 	0
67.5394 	0.0284348 	0.0251597 	1.45601 	0
67.6096 	0.0284348 	0.0251597 	1.45601 	0
67.6797 	0.0284348 	0.0251597 	1.45601 	0
67.7498 	0.0284348 	0.0251597 	1.45601 	0
67.82 	0.0284348 	0.0251597 	1.45601 	0
67.8901 	0.0171922 	0.0288343 	1.44276 	0
67.9602 	0.0171922 	0.0288343 	1.44276 	0
68.0304 	0.0171922 	0.0288343 	1.44276 	0
68.1005 	0.0171922 	0.0288343 	1.44276 	0
68.1706 	0.0171922 	0.0288343 	1.44276 	0
68.2408 	0.0171922 	0.0288343 	1.44276 	0
68.3109 	0.0171922 	0.0288343 	1.44276 	0
68.381 	0.0171922 	0.0288343 	1.44276 	0
68.4512 	0.00440447 	0.0154067 	1.42947 	0
68.5213 	0.00440447 	0.0154067 	1.42947 	0
68.5914 	0.00440447 	0.0154067 	1.42947 	0
68.6616 	0.00440447 	0.0154067 	1.42947 	0
68.7317 	0.00440447 	0.0154067 	1.42947 	0
68.8018 	0.00440447 	0.0154067 	1.42947 	0
68.872 	0.00440447 	0.0154067 	1.42947 	0
68.9421 	0.00440447 	0.0154067 	1.42947 	0
69.0122 	0.00440447 	0.0154067 	1.42947 	0
